! ba 280 2 204 2 193 2 473 1 242 1 222 1 142 1
! bc 485 1 494 1 244 1 67 3
! bb 404 1 272 1 171 1
! bd 28 1
! bg 348 1 358 1 347 1 346 1 38 1 345 1 344 1 272 1
! bf 379 4
! bi 331 1 204 1 7 1
! bh 142 1 6 12
! bk 2865 1 2585 1 2188 1 1701 3
! bj 796 1 4690 1 2625 8 4869 2 799 1 3701 1
! bm 4835 1 3482 1 2939 2 2726 1 2451 1
! bl 221 1
! bn 272 1 142 1
! bo 405 1 402 1 193 1
! bp 331 1
! br 3 2
! bs 496 1 272 1
! bt 496 1 406 19
! bu 406 1 257 1 379 6 204 1
! bw 4279 3 2783 1 1748 4 796 3
! bv 273 2 38 6
! bx 331 4 303 1 297 1 57 1
! bz 4694 4 4715 4 4693 1 1771 1 935 1 4147 2 3524 7 2583 1
! baa 4746 1 4496 2 4430 1 1503 1 4642 1 1199 2 2864 1 1134 1
! bab 4642 1 2340 1 4430 1 2865 1 1027 4 1007 1
! bba 4642 1 4430 1 2864 1
! bad 499 1 459 1 398 2 266 2 285 1 428 2 498 3 404 1 392 5 208 1 282 4 329 1 491 1 256 1 253 1 248 3 242 4 229 1 417 1 135 1 181 1 416 1 40 1 167 23 176 2 458 1 223 1 200 3 108 1 142 1 165 1 211 1 199 2 222 1 175 3 221 3 56 2 160 10
! bac 142 1
! bbc 471 1 337 4 232 1
! bdb 1179 1 591 1
! bea 4693 1 2840 4 2340 1
! bbb 4642 1 4430 1
! bja 4391 1
! bdd 4747 1 591 1
! bec 4162 1 571 1
! bae 1177 2
! bfb 2218 1 2165 1 2160 1 2721 1 1591 6
! bia 1275 4 890 2
! beb 221 1
! bbf 4119 1
! bag 303 3 49 1
! bbe 4119 1
! baf 142 1
! bce 3149 1 4119 1 2865 4 3638 18 3016 1 4994 1 3013 3 4416 2 843 4 2890 2 4868 2 4180 1 3145 6 2340 3 3055 12 2882 1 2883 4 4125 1 1628 1 722 5
! bjb 4892 3
! bde 4119 1
! bib 3751 1 593 1
! bla 257 1 142 7
! bhc 2403 1
! bed 496 1 398 1 288 1 223 1 190 1
! bee 491 1 458 1
! bpa 3213 5
! bef 3110 1 3056 1 3036 1 2782 1
! bcf 4119 1
! bic 3575 1
! boa 142 1
! bdf 4119 1
! bid 249 1
! bah 244 6
! bnc 1186 2
! beg 427 2 205 1
! blc 3592 1
! bsa 2045 12 2044 29 2043 25 3110 1 2042 29 4985 1 2041 8 2040 12 2016 3 2039 7 2013 1 2036 15 2030 1 2038 8 4683 4 2015 1 2037 17 3509 1 1979 1 1978 129
! bie 3945 1 890 2
! bra 493 1
! bob 406 4 160 4 142 1
! bai 4541 1 1406 1 1199 1 1190 2
! bmd 2403 2
! bld 3053 6
! big 3 8
! bcj 3320 1
! bfh 2315 1
! ble 754 1
! bod 3102 2 3025 1 2441 4
! bak 4690 1 3913 1 1772 2 1574 1 799 1
! bme 1504 1
! beh 405 1
! bei 1514 3 985 1 4879 2 3635 1 2447 2 1736 1 1066 2 997 1 2883 1 1686 3 1778 2 1777 1 1513 2 963 3 1022 1 4696 1 2396 2 970 1
! boc 1784 2 1783 2
! bci 3575 1 2865 1 2583 1 577 2
! bdi 331 1
! bsd 397 1
! bya 2330 1
! bal 4242 1 3023 4 2800 1 1366 1 1047 1 1532 1
! bsc 3061 1 2164 1
! brd 2106 1 1040 1
! bfi 2583 1
! bxa 4697 6
! bvb 2997 1 591 1
! bwa 796 1
! bam 3042 1 2572 1
! bnf 265 1
! bcl 3847 1
! bii 331 1
! bse 2934 1 2024 3
! ban 419 1 375 1 398 1 191 1 180 1 221 5 175 1 142 1 165 1 160 2 204 1 56 3
! bud 465 1 359 4 226 1
! bel 4831 2 2877 4 2340 1
! bof 1199 2
! bij 3562 1 4106 1 1986 4 1816 3
! bre 142 21 41 1
! bbm 3482 1
! bog 248 1
! bap 2561 1
! bli 4690 1 3625 1 799 1 754 2
! bem 2229 1
! bao 3320 1
! bph 3789 1
! bmi 740 3
! boh 4693 1
! brg 2028 1
! beo 2451 1
! ben 400 1 142 1 93 1
! boi 824 2 796 4 736 2
! buf 52 2 49 2
! bcp 1724 1
! bil 4690 1 2865 4 4689 3 2629 1
! bgn 1186 1
! bug 398 1 223 1 472 3 242 1 418 1 142 1 169 6 422 3 491 1 389 5 180 1 49 2 13 6 266 2 46 2 56 2
! bkl 1070 2
! bye 242 1 204 1 404 2 371 4 166 1 135 1
! bpi 2909 1 1439 1
! bth 1005 1
! bin 333 1 337 2 242 1 121 2 56 1
! buh 1258 1
! bbq 4637 2 3231 2 2551 5 4839 1 1638 1 2235 1 1595 2
! bok 200 2
! bgp 1477 3
! bas 332 1
! bar 389 1 375 1 336 1 216 1 242 1 277 1 208 1 157 2 200 1 223 1 167 1 266 2 427 4 207 1
! bho 2865 1
! bll 402 1
! bri 4746 1 1007 1 890 1
! bbs 3945 1 3944 1 1526 2
! bol 280 1 245 1 168 1 142 1
! bvi 3465 3
! bom 4108 1 3565 1 3499 1
! bpm 3453 5 1156 1
! bio 40 1
! ber 2782 3 2833 1 2609 1 1736 2 4442 2 1285 2 963 1 1686 3 4446 1 4766 1 3041 1 1500 2 810 1 1178 1 995 1 1133 9 1027 1 2262 1 1066 3 2232 1 967 1 1490 1 1371 2
! bds 3789 1
! bpl 2230 2
! bat 121 2
! bmp 4175 13 2371 1
! bon 498 5 404 1
! bgr 4693 17
! bsl 1059 1
! bhr 6 1
! blp 3053 6
! buk 2636 1
! btl 4372 1
! bau 142 2
! bnp 3920 1
! bir 4831 1
! bum 235 1 142 1
! baw 890 2
! bis 3729 11 3004 2 2609 1 2801 1 2317 1 810 3 1178 3 2782 1 4427 2 1736 1 2572 2 2227 3 995 1 2933 1 1484 1 967 3 3887 7 943 1 993 3 2233 15 825 4
! bet 460 1 444 1 253 1 153 1
! bvm 3592 2
! boo 142 1
! bul 4066 1
! bev 2865 1
! bls 1186 1
! bcw 493 6
! bsp 4715 1 2295 4 2294 2 2293 12 2291 51
! bay 491 1 404 1 142 1
! bit 292 2 493 2 399 2 108 1 217 1 398 10 266 10 473 1 441 1 463 1 417 1 135 2 397 5 190 1 472 1 392 1 277 6 391 1 48 3 142 2 427 11 330 5 290 1 222 1 216 4 158 1 111 1 208 3 499 8 402 2 167 4 6 1 491 2 200 1 297 5 381 1 284 1 186 2 177 1 267 14 173 2 163 1 260 1 166 1 207 1 160 4 165 4 118 1 154 2 132 1 428 10 40 5 86 1 162 1 56 7 444 4 37 1 58 1 152 3 51 1 148 1 235 1 241 1 144 1 47 18 282 5 285 1
! bms 2407 3
! bjt 3980 1 3385 1 2599 2 3611 1 2774 1 2589 4 2452 3
! bro 242 5
! bax 1554 1
! bun 4269 1 3789 1 2057 1 1595 2 1648 3 1438 2 3231 2 1256 5
! bor 4546 2 3025 1 2625 12 1134 1
! bdx 1111 1
! byn 4618 1
! bvp 4797 1
! baz 266 1
! blt 1648 2 3120 1 1605 2 1595 4
! bew 796 3
! bos 4860 3 1459 1
! bps 3945 6
! bey 3054 1
! bot 242 1 427 43 405 1 393 1 428 1 142 8 397 1 221 1 56 2 169 4 14 1
! blu 4831 1 3919 1 939 1
! bqs 3955 1
! bss 4694 2
! bmw 4634 1 4084 1 1504 1
! bur 257 1
! bus 402 2 242 2 142 1
! bez 1280 1 1276 2
! brt 3483 1
! bov 4831 1
! bxs 4697 1 1771 1
! biz 407 1 142 1
! bxr 1439 1
! bow 444 1 56 2
! btu 4567 2 4558 1
! byt 359 1
! box 444 5 306 1 488 1 396 1 417 3 229 1 391 1 297 1 381 1 496 1 427 2 403 1 265 2 158 2 157 9 221 1 152 2 142 2 369 2 139 1 93 1 133 1 225 1 216 2 282 3 6 1 56 6
! boy 406 1 496 1 56 2 254 3 498 12 168 2 495 1 242 4 482 1 251 1
! bxt 4697 2
! bvv 591 1
! byu 2883 2 2865 2 2280 1
! bzt 1633 1
! btw 444 1 396 1 111 1 56 8 402 1 160 1 135 2 223 1 256 1 40 1 282 1 458 1 90 1
! btx 4498 1
! buy 491 1 249 1 429 1 329 1 285 1 402 1 379 3 200 1 223 1 279 1 202 1 142 1 254 2 56 3 171 1 129 2
! bzw 2782 1 1736 1
! bbaa 4430 1 2864 1
! baaa 4642 1 4430 1
! baca 833 1
! babb 4430 1
! baab 4430 1
! baba 4958 5 4430 1 2297 2 2276 4 1419 2 1595 2 1958 2 1806 2 2269 1
! bbba 4430 1
! bbab 4430 1
! bhaa 1190 1
! bcca 2865 1
! bdbb 591 1
! bbbb 4430 1
! beba 379 1
! bbcc 859 2
! bddb 591 1
! bead 3475 1 3017 2 3003 1 3458 2 1445 12 2865 1 2340 2
! baha 244 3
! bida 4958 3
! blab 3600 2
! blac 1503 1
! babe 3017 1 1497 1 2956 1 1096 1
! bdbd 591 1
! bade 4038 1 3033 1 3025 1
! bobb 4582 1
! bebe 429 1
! bddd 591 1
! baja 4256 1 4258 1 3028 7 1488 1 1058 1
! boda 223 1
! boca 4720 1
! bgce 4738 2
! bach 4746 3 3794 1 3454 1 3462 1 2935 4 1503 2 1458 1 1018 1
! bgcf 4738 2
! bcef 2015 1
! bala 242 1
! badg 142 4 56 7
! brea 3651 1
! bede 4648 1
! babi 444 1 226 1 402 1 152 1 142 1 406 1 56 4
! beid 2782 1 1778 2 1736 1 1514 1
! bide 1096 4
! bdid 4715 2
! bvbb 591 1
! beef 57 1 200 2 20 2
! bled 1199 2
! brad 3860 1
! bobe 402 1
! bela 406 3
! bfff 1287 1
! bald 3757 1 3775 1 2279 1 4768 1 995 1 2227 1 2233 3 4583 1 1173 1 810 3
! blah 460 2 208 3 282 2 142 1 91 2
! bode 2518 2 1096 2
! baal 4958 2 3025 156 2882 1
! bagh 142 1
! bake 406 2 238 1 200 2 14 2
! bceh 4738 1
! bufa 242 1
! badi 2560 2
! bhdg 4738 1
! bcob 398 1
! bcfg 4738 1
! bgdh 4738 1
! brag 242 1
! begg 3234 1
! boka 2631 1
! beak 4756 1 4755 16 3900 3 2263 1 2164 1 2114 2 1377 1
! barb 3600 2 2875 2 2878 1 2473 1 728 1
! band 398 1 158 4 224 1 242 1 132 1 102 2
! bsib 3026 1
! bara 4689 1 4583 1 4546 1
! benc 1397 2
! bieg 890 2
! bibi 1177 1
! bree 1258 4 888 1
! bola 242 5
! beal 4697 1 1621 2
! bred 4648 1 2952 1 2897 2 2335 1 2194 1 2164 1 593 1 2089 1 2025 1 4368 1 1958 1
! basa 2461 3
! beam 154 2 102 7 106 7 101 12
! bsee 4392 1
! bend 359 3 123 1 67 1
! brah 888 1
! bane 499 1
! bidi 4279 1
! bike 254 1
! bata 2726 1
! bigg 2600 8 2569 8
! bele 2560 5
! bera 4391 2 836 1
! bild 4159 1 4690 1 3635 1 2635 1
! brai 1007 3
! beck 56 1
! bomb 251 9 249 1 252 1 242 1 142 2
! baan 2864 1
! beej 4873 3 920 2
! buah 4444 1 839 3 838 9
! bona 498 4 402 1
! beig 4564 1 4498 1 4198 1 3305 95 2197 1 1166 1
! bleh 3605 3 3041 2 1619 3
! baek 3059 1
! bulb 258 1 202 4
! bisa 4443 2 4442 3 1371 5 4440 8 898 1 4439 19 4441 9
! bogg 2403 4
! blei 943 1
! brid 4006 1
! bsch 970 2 963 2
! bard 3145 1 2194 2 2089 1
! bodi 3 1
! bham 3266 3
! buch 142 2
! bloc 252 1
! bwah 796 3
! bibl 499 1 494 2 337 2 253 1 56 2
! beel 1199 1
! bind 431 1 354 2 211 5 349 7 342 2 265 1 149 1 146 1 123 1 359 1 51 1 7 3 444 1
! bira 1431 1
! bene 498 1
! budg 3056 1 3029 2 3145 1 2865 1
! belg 3928 1 4144 1 939 2
! boob 242 4
! bean 462 1 237 1 258 2 266 1 200 2 254 1 14 1
! brch 6 1
! bang 460 1 46 4
! brie 1806 2 1419 2
! beta 398 7 142 2 139 2 359 1 154 2 121 1
! buff 267 4
! blob 431 1
! bold 460 2 207 5 242 1 418 1 389 2 458 1 216 2 498 1 199 1 15 8 204 1 168 3 162 4 303 2 397 1 444 1 380 4 427 2 120 1 496 2 167 10 142 38 330 2 83 1 198 5 165 2 494 1 208 2 163 1
! bile 364 1 142 1
! brak 2340 3 1986 2
! bian 4007 1
! bmod 2578 2
! bhel 4361 2
! baud 4688 1 4183 27 4669 1 4350 4 3945 43 3944 1
! bagm 1807 1
! beij 3057 10 2881 2 3053 2 2928 2 3016 2 2864 2 1577 1 1749 3 1320 2 1748 1 3059 1 2586 1 1321 1 733 2
! balj 4690 1
! bock 1762 2 1741 2
! bfng 1775 1
! bali 142 2
! beem 3561 1 3560 1
! buna 251 1
! bado 199 1
! bare 470 1 414 1 402 1 397 1 216 1
! base 4 2 3 2
! beki 473 1
! bail 49 1
! biii 3465 4
! baik 927 8 4441 10 1371 1 836 2 833 8
! banh 2551 4 3120 1 1595 1
! bine 3646 2
! bond 4 2 3 1
! bing 157 1
! brig 142 1
! bakk 2666 1
! bird 427 1 168 3 226 10 56 1 51 1
! bota 3592 1
! beuc 1560 1
! biji 839 1 838 1
! brbl 1554 1
! bani 1186 2
! beli 4729 1 4445 2 4582 1 2057 1
! bbar 2989 1
! berf 142 1
! bilh 3361 4
! bone 354 1 402 1 227 1 226 13
! bipe 4781 2
! bloe 4372 2
! boek 142 1
! bere 1554 1 843 2
! blan 1184 2 1058 1
! budi 4442 2 898 2 4440 1 840 5 835 11 4441 2 833 14
! bahn 3120 9 2246 4 1199 1
! bope 3053 1 3016 1
! bran 3279 2 3230 1 2027 4 1661 4 888 1
! behn 3145 2
! blog 398 3 216 3 56 2
! berg 359 1 358 1
! bain 2235 2 1047 1 1509 4 829 2
! bule 830 1
! boof 1199 1
! bico 4245 1 4242 1
! brih 888 1
! bien 404 8 199 1 56 1 166 7 168 4 142 1
! bund 2560 5 739 1
! bank 398 1 499 1 329 1 252 1 142 1
! bear 229 3 207 1 216 1 359 2 208 1 162 1 6 1 305 1 50 1 248 2 226 4 26 1
! beim 4879 1 1686 1 1513 2 997 7 992 2
! biog 4072 1 4063 1
! bord 4690 2 3024 1 1503 1
! bash 484 3 392 1 142 5 121 2
! beep 48 1 47 1
! ball 499 3 242 15 142 1 7 3 40 1 398 1 57 10 27 1 358 1 6 1
! buck 398 1
! byob 2939 1
! balm 2676 1
! boli 504 1
! bulg 4893 2 4894 5 4432 1 2842 1 2248 1 1445 1 1449 1 739 4
! baer 4648 2 735 1
! bvii 3465 5
! buta 4251 2 2726 2
! bath 4051 1 1990 1 3024 1 2403 1 1161 1 1772 1 4670 1 504 2 4690 1 3011 1 4125 1 1526 1 722 1 3394 1 1554 1 1750 6 3751 2 3663 2 2605 1
! bajo 142 2
! bore 402 1 242 2 330 1 224 1 223 2 216 1
! boki 890 2
! beat 398 1 242 1 229 1 160 5 226 1 142 2 162 1 107 3 106 3 359 2 40 6 100 6
! bite 402 1 391 1 381 2 380 1 190 1
! bmud 3057 1
! brij 1465 1
! barj 1199 1
! bell 444 3 462 1 397 6 265 1
! bobo 4894 1
! bloh 799 1
! basi 491 1 444 1 398 1 428 1 244 1 252 1 43 4 278 1 90 1 265 5 249 1 484 1 47 1 142 1 246 1 499 1 123 2 285 1 55 1 49 1 18 1 41 6 135 2 7 3 40 1 51 1 166 1
! biph 7 1
! bmdp 3366 1
! babu 3023 1
! bomi 389 4
! btng 396 1
! bcpl 265 2 142 1
! blue 475 1 330 1 223 2 216 2 444 1 168 1 257 3 27 1 50 1 142 1 166 1 111 1 249 1 447 3 102 1 158 20 48 1 57 1 24 1 49 5
! boud 393 5 282 4
! bati 2572 1
! beth 3513 1 736 4 735 2 3143 1 733 6 728 2
! bugl 3110 27 2044 2 1978 4 708 1
! beau 797 2 939 2 504 2
! bias 391 1 384 1 460 1 152 1 416 1 383 4 253 1 176 1 221 1
! boni 226 8
! bohm 4651 3 4648 3
! bose 4697 3 4382 1 2190 2 2111 1
! bswb 3751 1
! blvd 2523 1
! bako 4697 1
! bodo 3701 1
! balo 3143 1
! bann 2864 1
! beer 398 1 258 2 249 4 429 1 242 2 177 1 142 2
! bubo 3663 1 2897 1 722 1
! bote 428 1
! bahr 1199 1 765 1
! bigo 3765 7
! beri 1134 1
! bark 4600 1 2920 1 2865 1 4770 1 4649 1 3017 13 4432 1 1473 3 2164 1 979 1
! beln 810 1
! boar 2561 1 2443 4 2194 5 2049 1 1609 1 660 1
! boil 462 1 447 1 358 1 453 1 200 2 24 2 123 2 47 1 20 2
! blin 4699 4 1661 1
! bask 4673 2 4038 1
! bmcr 3145 1
! blat 1503 1
! brue 4066 1
! byrd 593 1
! buco 2159 1
! biol 3901 1 1040 1 934 1
! birj 258 5
! beet 462 1 211 1
! bics 1916 1
! boll 736 3
! bpas 3213 4
! bamo 280 2
! belo 4831 1
! bohn 3538 1
! befs 4693 1
! buse 4835 1 4693 1 4498 1 736 1 3979 1 4991 1 2403 1 4689 1 740 4
! biri 2560 1
! blok 2004 1
! begr 2246 1
! buil 1573 1
! bano 3024 1
! borg 3054 3
! bvvb 591 1
! buen 435 1 290 1 199 2 166 1
! brim 4066 1 3125 1 2327 3
! bewi 4859 1
! biti 2572 1
! boyd 2388 1 2644 1 619 1
! bait 221 1
! boat 392 1 282 1 402 1 248 2 223 1 129 3
! biom 4451 1 4437 5 4403 1 4423 1 4401 1 4400 1 4384 1 3739 1
! bori 3701 1 2123 1
! bokm 2634 8 2629 4 2624 3
! biet 1503 1
! bakr 2865 3
! bulk 398 1
! barn 48 2
! bcis 1820 1
! bhav 2323 1
! bras 799 1
! blip 4634 1
! bobs 3945 1
! blau 1890 1 2561 1 3976 1 2106 1 1513 1 943 1
! bluh 404 1
! boer 4790 3 4647 2 3554 1 728 1
! book 0 3
! biax 2767 1
! bush 162 1 142 1
! biir 3026 1
! brat 242 1
! brio 3807 1
! byte 472 1 418 1 398 1 266 11 277 4 181 4 49 4 48 12 267 3 47 5
! bull 398 1 318 4 221 1 186 1 56 1
! baum 4523 3 2772 1 1807 1
! baro 504 1
! beit 4583 2 2883 12
! bern 2264 1
! bunk 3794 1 709 5
! bwin 4694 7
! bday 50 5
! bool 265 1
! buri 226 1 174 1 175 2 160 1 37 1
! bolo 1727 8 1532 1
! boon 2327 1 4683 1 703 1 570 1
! busi 434 1 293 1 150 1 479 3 56 5 493 1 141 1 282 4 329 1 163 2 398 5 485 2 223 2 317 1 300 4 162 1 285 1 241 2 54 1 142 4 298 4 276 3 414 1 113 1
! bonn 404 1 142 1
! boir 1044 1 824 1 814 1 796 6
! bsds 2866 1
! bohr 37 1 35 2 21 1
! bleu 3437 1
! bxml 3042 1
! buth 462 1
! bloo 939 1
! boom 3059 1 3334 1 4714 1 4185 3 1623 1 589 2 3185 1 4432 1 2881 4 1915 2 2698 1 2319 1
! baku 2726 1
! baso 4537 1 4051 1
! bruh 1258 1
! bork 2291 1
! barr 434 2
! bron 3046 1
! bret 3345 1 1870 1
! bant 3351 1 2572 1
! breu 142 1
! bwav 796 1
! blew 2875 1 2323 11 1879 16 1096 1
! burk 142 1
! baez 4859 1
! belt 438 2
! brno 4756 1
! bono 2881 2 502 3
! beso 3592 3 1578 1
! beez 3203 2
! brev 2629 9
! bevo 4169 2 3553 1 4076 4 2431 1
! beos 4435 1 2313 2
! botm 428 5
! budu 1366 1
! bris 1930 2 1820 1 1747 1
! bump 174 1 167 1
! boul 1199 3
! btmp 2905 1
! bars 4694 1
! boit 142 17 56 2
! bzip 4694 1 3524 1 2862 3 1576 1
! bugs 389 1
! bent 129 1
! born 265 1 249 2 244 1 27 1
! broo 1199 1
! bvbv 591 1
! blum 1621 1
! banu 2865 1
! burl 2369 1
! bito 4753 1
! bowl 443 1 438 2 440 1 280 1
! buis 4037 1
! brum 951 1
! burn 3 1
! brit 4398 1 3993 1 4796 1 4066 1 2881 1 1926 1
! bass 142 1
! brul 142 1
! bios 329 1 142 4
! biot 4382 1 3731 1 3661 1 2109 1
! bcss 1769 1
! boor 2625 1
! bart 4647 2 3472 1 3470 1 1870 1
! bast 2235 2 2194 2 2089 1 1954 1 1669 4 1922 1 1394 1 4219 1 1337 2 1607 1
! bazo 4740 1
! bolt 387 1
! boum 4353 1
! brew 258 5
! bint 50 1
! boyl 2952 1 1307 6 1309 2 1308 2 1311 1 1306 14
! bert 4860 4 3911 1 3701 1 1699 1
! brun 2093 1 765 1
! blot 2775 1 1139 1
! bunr 257 4
! byrn 3673 2 1870 1
! bror 4573 1 2631 1
! beur 1199 2
! btex 3001 8 2996 3 3107 5 2547 4
! best 385 1 397 2 398 16 389 4 342 1 383 1 199 1 387 1 373 1 281 1 375 1 396 1 330 1 427 3 145 1 266 1 460 1 253 2 441 2 265 1 25 1 316 1 416 1 222 2 216 4 402 3 111 1 499 4 208 3 186 1 380 2 177 2 318 1 221 3 174 2 173 2 113 3 160 2 491 3 6 4 200 4 444 1 56 7 153 2 359 1 165 3 306 1 142 3 158 1 135 2 41 2 248 1 445 1 154 2 131 2 176 1 223 5 458 2 167 3 120 3 291 1 260 1 163 1 284 2 49 1 55 1 282 4 132 2 423 1 47 1 162 1 40 2
! baru 944 3 833 3
! bist 1736 1 1490 1 1200 1 972 3 1192 1 4869 1 997 1 4319 1 971 3 1777 2 963 1
! batu 1134 1
! bnot 491 1
! beru 379 1
! boyn 2781 1
! buku 142 1
! bjts 3297 1
! bbox 4279 2
! boot 398 1 396 1 242 1
! bros 3462 1 4831 1 3606 1 736 1
! bett 2254 1
! bius 1040 2
! bhut 2096 2
! bsps 2291 1
! bayt 4583 3 4249 1
! bryn 3145 1
! blur 4748 1 4623 1 3563 1 3574 1 3407 1 2129 1 2842 1 2590 2 3372 3 2403 1 1985 2 4180 3 1627 1 1741 1 733 1 4673 2 1591 1 2295 1 4710 11
! burr 4066 1 1592 1 1864 1 829 1 654 2
! brot 142 1
! bitt 142 2
! bptr 4715 4
! bunt 2897 17 2572 2 2443 1
! blow 223 1 142 1 57 1 251 2 56 2
! biru 835 1
! bppt 830 1
! benz 25 1
! boss 435 1 56 1
! butr 4831 1
! bott 4391 2 939 2
! bozo 935 1
! bewu 2782 1
! bsss 1064 1
! brst 4692 1
! bout 56 1
! buss 4690 1 4689 1
! btus 4558 1
! bust 494 1 481 1 158 8
! brow 4781 1 3017 1 2897 3
! buzo 242 1
! butt 142 1
! bouv 1186 1
! boys 2956 3
! bonz 3017 1
! buoy 4673 1 2279 1
! brzu 890 1
! busy 1376 1
! bvvv 591 1
! bizz 1199 1
! buuz 1595 2
! buzz 4113 1 3059 1 1591 3 3316 3 2964 1 4432 1 3121 1 3110 1 2225 1 3780 3 4066 1 3241 1
! bbbbb 142 1
! badad 142 2
! bamba 223 1
! bucca 1431 1
! blica 164 1
! breda 3450 1 2781 1
! bebef 3046 1
! bacef 156 1
! bahia 1681 1
! beeja 2560 1
! badla 2560 1
! barba 991 1
! braaf 1465 1
! bread 258 2 237 2 200 2 14 1
! benda 1134 1
! blade 284 1 229 1
! beach 223 1
! banda 224 1
! brace 207 2 181 1
! bachd 1190 1
! bagag 797 1 2006 1 726 4 724 1
! brica 644 1
! barca 3026 1
! bleed 4392 1 3737 1 2798 5 3663 1 2596 1 2650 1 2014 4 574 1
! bomba 242 1
! brega 142 1
! baila 1436 3
! bahai 244 2
! blabi 257 14
! braai 4132 1 3554 1
! badna 258 1
! bamia 2434 1
! babbl 202 1
! bagbi 2403 1
! beech 4690 1
! bonda 2560 3
! banha 1727 1
! breed 258 1 202 1
! broca 4600 1
! broda 1011 1 1012 2 1007 2
! beabl 3654 1
! bribe 1311 1 736 3 1310 1 843 1 829 1 735 1 1307 1 572 1
! brahe 4895 1 3754 1
! buraa 3264 1
! bobbi 4104 1 1864 1 593 1
! brach 359 1
! becke 4648 1
! braid 3213 7 2767 2 2105 1
! bleef 1986 1
! bioga 2952 4
! bodic 2865 1 736 1
! berea 1186 1
! bella 2874 1 1416 1 503 2
! bajak 1134 1
! bakma 590 1
! babel 142 1
! bride 3025 2 3462 1 1823 2 1818 1 1578 2 1308 1
! black 447 1 242 1 445 2 49 1 354 3 200 1 241 1 232 4 462 1 168 1 257 2 50 1 27 1 248 3 20 2 15 2
! blake 246 1
! bible 2865 1
! baria 3026 1
! broad 359 1 453 1 398 1 211 1 349 1 142 1 54 1 342 1 298 1 113 1 248 1 105 1
! bradi 397 1 281 1
! bhima 2323 5 1879 6
! beadl 1131 1
! befal 1270 1
! blanc 3976 1 1044 1 3640 2 2857 1 2093 1 796 1
! bsche 1458 2
! beefi 4198 1
! bleak 2083 1 4582 1 722 1
! borda 1482 1
! bambi 2089 4
! banai 379 2
! bragg 2104 1 708 1
! bcode 1633 4
! busca 3499 1
! bagan 3023 1
! barah 2340 1
! biped 226 2
! baggi 2210 1
! blame 202 1 299 1 249 3 204 1 19 1
! biasa 944 2 833 1
! bland 2930 1 2490 1 2150 1 4812 1 3004 1 1926 1 2151 1
! bdata 3620 2
! bench 4859 1 3059 1 2786 5 740 1 2878 2 593 1
! baang 3059 15
! barja 258 6
! blich 1514 1
! belaj 406 2
! basia 1279 5 1278 13 1276 7 1272 2 1275 5 1270 7 1277 11 584 1 1269 2
! brake 1453 4 4535 12 1450 1 1592 1 4408 1 1449 6 4688 4 1445 3 962 1 3185 1 4634 49 2403 2 1446 2 4411 1 1444 8 1447 179
! bhasa 1059 1 621 2
! baldi 2180 1 1724 1 1696 1 708 1
! bakal 944 1 799 1
! binah 4583 1
! booga 142 1
! bandi 142 1
! bubbl 363 2 359 1 102 3
! beard 229 2
! buena 223 4 166 4
! began 485 1 366 1 251 1 398 2 343 1 458 1 249 7 248 5 226 1 246 1 202 1
! bridg 358 1 251 1 210 1 217 1 142 3 57 2
! bibel 4319 1
! braam 571 1
! beang 4815 1
! bajra 2560 4
! bhaji 2560 5
! break 482 1 431 2 453 2 359 1 458 1 260 3 444 4 398 3 355 1 349 1 464 2 285 1 216 1 278 1 253 1 249 1 181 4 158 6 342 3 248 4 156 1 148 1 242 2 352 1 211 10 165 1 48 5 142 3 51 3 145 1 99 1 86 1 84 1 284 2 49 10 244 1 56 3 232 2 46 15 123 1 174 2 36 1 6 3
! basic 453 2 475 1 291 1 467 1 284 2 90 1 484 2 192 1 389 1 496 1 355 1 261 1 396 2 255 1 449 1 152 1 349 2 293 1 490 1 40 1 434 2 298 1 285 1 332 7 473 4 276 1 373 1 282 14 277 3 266 6 260 2 444 3 56 9 253 1 243 1 241 1 232 2 329 1 132 2 229 2 123 4 26 3 223 2 417 1 221 1 24 4 121 1 218 2 14 1 211 1 499 10 402 2 208 2 491 1 6 1 494 5 297 1 200 1 397 1 9 1 191 1 477 2 186 1 28 3 222 1 175 1 173 1 142 39 133 1 54 2 251 1 154 8 57 1 445 1 498 1 301 2 107 2 398 4 428 1 231 2 43 2 431 6 120 2 167 1 165 1 359 3 168 1 265 6 406 1 115 36 331 2 16 2 404 2 307 2 263 1 166 1 148 1 19 1 216 3 226 2 93 3
! blane 142 1
! bagel 2664 2 4361 2 1661 2
! banna 990 1
! barge 1199 1
! bredi 205 1
! bohdi 244 1
! brand 258 1 411 2 251 1 176 1 165 1
! brief 499 1 485 1 398 1 402 1 226 1 204 1 142 1 165 1 330 1 285 3 428 1 175 1 397 1 12 1
! bcdfl 1573 1
! buddi 242 1 142 1
! baffl 223 1 145 1
! beagl 309 2
! batch 121 1
! bloch 3513 1
! bream 4454 1
! bligh 1973 1
! badar 142 1
! bridi 204 1 191 2
! blend 239 1 238 1 25 1
! bolid 504 1
! befap 397 1
! bapak 4442 23 1177 4 1134 1 833 2
! besch 2782 2
! bawah 840 1
! bagof 2315 1
! bulka 3231 1
! baden 2461 1 1986 1 1772 1
! barna 1012 1
! bgpid 4350 2
! biham 1636 1
! botha 4545 1
! befel 4616 1 4062 1 3025 1
! borag 2676 1
! banal 4790 2 4582 1 2881 1
! bamhi 1139 1
! boobi 1311 1
! baird 2952 4 2897 1 654 1
! bulla 3592 3 2265 1
! bicub 935 1
! belgi 1457 1
! blare 2323 1 1879 2
! brigh 1056 1
! boggi 2028 1
! brigg 142 2
! bruce 142 1
! brick 398 1
! board 272 1 410 2 293 9 253 1 220 2 165 2 444 1 145 2 398 18 93 1 171 1 56 2
! blind 460 1 167 2
! bajji 2560 2
! bindi 2434 1
! bloma 1807 1
! bohra 2865 1
! banan 3004 1 796 4
! biden 948 1 946 1 949 1 829 1
! boleh 833 1
! botbg 4168 2
! beani 4063 1 2187 2
! boinc 398 1
! batak 899 1
! bulid 995 1
! betid 1096 6
! baogi 1884 2
! birch 4869 1 3017 8
! buffi 1872 1
! bunch 427 1 167 1 398 2 391 1 160 3 499 2 223 1 216 1 242 1 165 1 142 1 208 1 56 1 148 1 181 1
! bhaat 2560 2
! buggi 152 1
! bitch 221 1 242 6 142 2
! bcome 4958 1
! balua 3145 1
! bacio 4391 1
! baken 1772 3
! bicep 2014 1 1162 2
! bondi 242 1
! boric 3206 1
! being 142 1
! broma 4495 1
! barfi 2560 2
! build 4 1 3 1
! basal 359 1
! bookc 93 1
! brava 3282 1
! balkh 3023 1
! bekap 2726 1
! blahn 1184 1
! borid 6 1
! bunge 4411 1 1451 2 1447 1
! bawdi 3797 1
! barra 242 1
! bridl 2897 1 2323 1
! bodil 1148 2
! beber 429 1 199 1
! bimod 3858 2
! bernd 4647 1
! block 491 1 444 7 428 1 221 10 278 1 419 1 416 1 427 9 266 12 171 1 265 16 253 1 226 1 415 1 180 1 352 1 211 1 50 3 165 1 413 1 160 25 149 1 6 1 49 5 7 1 422 3 375 6 56 4 47 4 135 1
! bouch 1930 2
! becau 3053 1 1188 1
! barsa 3581 3
! bangl 2340 1
! bicho 242 1
! baixa 142 1
! brine 142 1
! breva 242 1
! bajar 1050 1
! botch 4619 1 4640 1 1585 1
! breng 1772 1 1713 4
! boggl 4398 1 2325 1 1955 1 1425 1
! bouff 1199 1
! blaue 4761 1 2561 1
! bivma 590 1
! bundi 754 1
! bloke 4398 4 2956 2
! baati 3231 2 3188 6 2560 2 1595 2
! burch 3028 1
! baubl 4869 2
! bduke 1743 2
! brahm 4180 1 3462 1 1877 2
! brodi 4582 2 3511 2
! benji 205 1
! bluff 242 1
! brian 493 2 265 1 46 1 19 1
! breen 3483 2
! byref 4215 4
! blood 464 1 354 1 349 1 229 1 353 1 226 4 359 1 227 1 242 1 142 1
! beati 4748 1 2530 1
! biram 229 1
! blank 435 3 277 1 392 1 491 2 444 3 398 1 433 2 290 5 338 1 397 2 56 1 450 7 243 2 149 2 285 3 142 179 253 2 429 2 176 2
! bival 1358 1
! bssid 4693 1
! bukan 4442 1 3723 1 1371 1 835 2 834 8
! bacom 2156 1
! belli 499 1 242 1
! bezna 890 1
! bogen 3656 1
! braho 3023 1
! bersa 1012 1
! bulan 944 7
! badet 2635 1
! baann 2864 1
! bruge 3663 1 1458 1
! begin 355 1 260 3 288 1 244 1 284 1 397 7 282 1 280 1 450 1 473 2 279 1 255 2 460 1 266 8 46 1 240 1 281 2 249 2 278 1 375 1 431 2 43 1 237 1 243 3 290 1 38 1 232 1 329 1 230 1 221 1 499 6 208 2 402 1 205 1 176 1 458 3 167 1 265 1 168 2 207 3 160 1 263 2 166 4 398 23 204 2 495 1 48 2 142 7 224 1 177 1 83 2 199 2 58 3 157 1 198 2 392 2 251 3 57 10 359 1 165 1 24 1 56 2 150 2 338 1 47 1 186 2 139 1 116 2 253 3 156 4 485 1 194 1 491 1 6 4 115 12 414 1 123 1 342 1 148 2 248 3 54 2 112 1 132 1 28 1 216 1 41 1
! bilen 4689 1 2629 1
! basel 4696 1 2501 1
! bando 142 1
! balmi 2369 1
! begat 397 1 43 3
! broke 249 2 285 1 160 1
! blond 249 1 242 1
! burna 1807 1
! brain 359 1 229 2 356 2 396 1 154 1 142 1 243 1 56 2 226 1 201 1
! biran 2334 1
! besan 3054 1 2027 1
! burma 251 1
! brahn 1199 1
! biber 1431 1
! birra 242 1
! biota 1040 2
! busch 917 1
! byahn 4391 1
! blini 4699 2 1803 2 1661 4 1595 2
! broek 2006 1
! billi 242 1
! balin 2009 1
! binki 3790 2
! borgi 4697 1
! brave 495 1 491 1 251 1 242 1 113 1
! bundl 359 1 398 1 323 1 282 1 142 3
! bleue 798 1
! bxcqg 3252 1
! bevan 1739 1
! bleat 852 1
! bakho 3024 2
! buckl 1308 1 574 1
! bract 2471 2 946 1 519 1
! bieri 4582 2
! biblo 4242 1
! bapli 1012 2
! bevoc 3257 2
! brood 3578 1 3231 1 3025 2 2327 1 1199 1
! balph 1308 2 1307 4
! benar 2327 1 834 2
! berta 3701 1
! bliar 142 2
! bluej 4688 2
! brien 4766 1
! bject 1583 1
! bwgen 1591 1
! bring 3 1
! bacon 200 2
! burdi 3592 1
! boken 2631 1
! brugg 1457 2
! buikj 4496 1
! bucat 3607 1 2677 1 3231 1 1441 1 979 1
! billk 4523 2 4522 1
! behav 495 2 472 1 47 1 162 1 24 1 438 1 379 1 148 1 216 1 331 2 221 1 496 1 36 2 444 1 7 1
! boran 6 3
! baker 4038 1 2213 1 1943 1 3231 7 721 4 3889 1 1727 4 4873 1 917 1 2666 2 4196 2 709 3
! benni 3619 1 1876 1
! bounc 174 1
! blume 1475 1 1476 1 946 1
! bevel 2293 1 1503 1
! blaze 495 1
! boeuf 3928 2 571 9
! bajri 2560 1
! booki 142 1
! boshi 4753 1
! beget 4566 1 3541 1
! bakri 257 1
! bough 4736 2 3776 1 1718 1
! birkh 4696 1
! blohk 799 1
! baith 1190 1
! bango 46 1
! blair 4063 1 2784 2 4038 14 3635 2 2879 1 504 1
! bloki 142 2
! boucl 142 1
! breve 405 1
! burgh 4063 2 4038 1
! barre 3265 3
! bulki 123 1
! belat 444 1
! botan 491 1 487 2
! bossa 142 1
! basil 462 3
! bwood 1819 2
! byram 4279 2
! bailo 1436 2
! blais 116 2
! bulli 4690 2 3025 1 2881 3
! batil 4958 1
! berni 4415 6 4319 1 4414 13 1686 2 2833 1 4879 2 3775 2 1285 2
! bushi 1979 1
! bomil 2560 1
! brule 1595 1 1439 1
! bebop 1872 1
! banjo 4408 2 3957 1 3046 1 2935 3
! belok 1371 2
! bemer 397 1
! benin 765 1
! binni 2560 1
! blink 2616 1 4748 1 3083 1 1633 1 1307 1
! beetj 1497 4
! blurb 3054 1 2824 3 4748 1 2643 1 1038 1
! boord 1503 1
! bungl 4669 1 1872 1
! baduk 3247 1
! besar 1578 1 1526 2 1134 1
! beatl 142 2
! baidu 1322 2
! brume 939 2
! bound 447 2 207 1 133 1 358 1 281 2 499 1 131 1 417 1 49 1 464 1 349 1 50 1 278 15 47 4 37 1 359 10 474 2 428 1 444 1 398 1 7 1 352 1 249 1
! bonni 3462 1 736 5 2783 1 593 2
! byrsa 3026 3
! bethm 4869 2
! bwahr 796 1
! bcrat 160 1
! bowel 200 1
! begon 1816 1 1040 3
! bongo 4053 1
! basin 244 1 218 1
! betim 1165 1
! bjarn 265 2 43 1
! blobs 2319 1
! broil 4800 1 3230 1 4308 9 3573 2 3394 2 2118 2 1697 2 1394 2 2235 2 2166 1 1638 1 3393 2 1930 1 1190 1
! berza 242 1
! bilqi 2865 12
! brill 142 2
! beetl 4768 2 2882 1 2811 2 2130 1 3319 1 2439 2 2114 3 1377 2
! beras 4442 1
! brink 4671 1
! baseq 2371 2
! brais 4637 1 2928 1 2194 1 3413 2 2159 6 2090 2 4301 13 2149 2 1613 1 1921 1 2166 3 1605 2
! booya 4907 2
! bagoo 3920 2
! bhagw 1741 2
! befit 202 1
! butan 123 12 122 2 6 2
! bidul 1199 1
! bryan 158 11
! boten 1772 1
! bubon 3663 3 722 3
! bello 4239 1 3024 1 502 1
! bazar 142 1
! barri 4505 1 3145 1 3203 1 2880 1 1720 6 2875 1 2865 1
! bunni 3554 1 1872 1
! byblo 3026 15 3021 9 3025 8 3014 9 3002 1 3020 3 2865 1
! barth 3026 1
! bloat 4688 1 4748 1 4715 2 4619 1 4227 1 2590 1 3437 1 2443 1 1390 1
! buren 829 2 703 4
! buchs 3945 1
! bewar 318 1 47 1
! bribu 3023 1
! balvi 204 1
! beter 1503 1
! bufon 1040 1
! bangu 1012 1
! butik 798 1
! boven 1459 1
! borat 3206 1 3052 1
! belay 2902 2 1096 4
! bmdrn 398 1
! bylin 2161 2
! besok 4447 2 944 3 833 1
! bruhl 4671 2
! bluse 2106 1
! borin 2897 1
! berri 237 1
! buten 127 5 6 21
! binet 4375 2 2805 1
! bauer 397 1
! bomri 2560 1
! bueno 242 1 223 3 168 1 166 5
! brevi 4649 1 584 1 502 1
! borya 2240 6
! blisk 890 1
! blomm 4693 1 4690 1
! bumpi 3372 7 3188 1 3110 1
! binol 7 3
! bgnet 4873 2
! brewi 504 1
! brion 402 4 274 4 398 1 273 10 375 1 265 1
! bwahv 796 1
! breit 2521 1 2246 1
! birth 242 1 482 2 460 1 249 1 244 3 226 1
! bxsxa 4697 6
! baron 4697 3 722 1 3638 3 2015 1 641 1 4673 2 570 1 504 1 1764 9
! bloom 4177 1 4647 1 2326 2 2881 2 4063 1 3069 2 2471 2 2323 2 2327 1 1807 1 1681 1 1144 1
! brisk 2220 1 2308 2 3110 1 1394 1 2307 2 4038 1 2245 1
! beset 2323 2 1883 1
! berti 591 1
! begun 402 1 249 1 398 1 248 1 56 2
! bhtml 2322 1
! brook 4702 2 4295 1 2520 2 4066 1 4063 1 3017 1 740 1 572 3 1308 12 736 1 574 3 4072 1 1307 8
! biolo 917 1 810 1
! bltin 3328 1 3274 1
! braun 3117 2 2952 1 3701 1 2106 2 2830 2 1890 1 1872 1 1007 1
! bigey 3582 2
! broer 1458 1
! basti 3701 1
! bilay 464 1 465 2 366 2 363 2 352 1 359 2 349 1
! bintj 4198 1
! booth 708 2 502 1
! beuth 2403 2
! bever 3053 1 2881 1
! bicyl 1450 1
! bayer 1504 1
! buteo 2897 3
! bient 404 1
! butin 2883 4
! bruin 939 2
! bayth 4541 1
! bsnet 4693 1
! beast 49 1
! booti 4668 1 3003 1
! beliv 460 1
! blanu 257 6
! belum 4443 1 4442 3 1371 1
! bygon 3544 1 828 1
! bovin 3923 1 3023 1 2166 1
! brute 496 1
! betti 221 1
! blent 1096 2
! boter 2051 1
! broth 200 1
! bxtxa 4697 2
! brant 3151 1
! bundt 1595 2 1438 2
! batir 1526 2
! basis 4696 1 2327 1
! bloui 939 1
! bluer 3017 1
! bites 471 1
! baton 4894 1 2753 1
! beisp 142 1
! bnull 4715 2
! bcast 4550 12
! blush 242 1
! brush 398 1 120 1
! bharu 251 1
! bluth 1870 1
! broom 4780 2 4673 1 2471 4 1061 1
! bastl 971 1
! bromo 6 3
! balto 2134 1
! bellu 798 1
! beaus 571 2 504 1
! bossi 668 1
! bravo 1870 1
! buter 142 1
! bison 3416 2 3017 1 2194 5 1595 2 2167 1 2156 4 2166 30 2089 2
! breez 3053 1 2875 1 2341 1 2327 2
! bluet 4208 1 2874 12
! bitti 3063 1
! battl 498 3 248 3 142 1 251 4 221 2 56 1
! bacru 1012 1
! bigot 4720 1 4120 1 1281 1 581 1
! bussh 4690 1
! bento 4251 2
! behov 4673 1 2323 2
! burgs 3416 1
! bosom 4072 1 4063 1 3265 3 1431 1
! brass 4454 1 2434 1 4408 1 3110 7 2767 2 1624 1 601 2 1446 1
! bhatt 3061 1
! boxer 4790 2 3020 1 733 5
! bukit 2523 1
! byter 1591 2
! brent 2897 1 2865 1 570 1
! boron 117 1 21 1 6 8
! baixo 4108 1
! bodyn 4655 2
! burpl 1438 2
! buses 4498 1
! blast 132 1
! blyth 4766 1 2897 2 3345 1 2865 1
! boast 4038 1 2881 1 2340 2 504 1
! boson 2749 2 2104 1 2190 1 1025 1
! blest 4066 1 1096 2
! butti 2057 2 1648 3
! bolso 3192 1
! busti 3023 2
! bcorr 3470 1 2157 3
! bytes 4694 2
! braqu 4790 1
! bitop 2573 3
! bonum 4011 1 503 2 502 1
! bonvl 1044 2
! bestm 1513 2
! beitr 4696 1
! built 491 1 438 1 398 1 431 3 167 1 121 1 358 1 248 1 249 2 157 1 148 2 56 1 265 1 460 2 46 1 281 1 235 1 37 1 359 1
! brazo 4720 1 703 1
! bless 4688 1 4189 1 3041 1 2323 53 4062 1 3441 1 3098 1 4038 3 2865 1 4416 1 3025 6 2881 1 2879 1 2327 15 4066 1 1884 3 2871 2 1880 2 2311 2 1747 1 3016 1 1402 1 1308 1 3023 1 1096 4 1881 1 1740 2 1165 1 4958 2 1762 2 888 1 890 1 4180 1 702 1 1628 1 641 1 802 1 1883 2 502 1 1882 2 1741 2 798 1 835 1 524 1 1059 1 649 1
! buyer 202 1
! banqu 3920 1
! bahut 3264 2 1199 1 1190 8
! bruno 142 1
! bottl 12 1
! bdquo 1000 2
! belov 3025 7 2340 1 3017 9 2877 1 2327 1 2323 2 1899 1 504 1
! byron 4873 1 4063 1 4038 1 4072 1 1872 1
! bubur 4637 2
! bruis 4063 1 3738 1 3055 1 2150 1 2676 1 2514 1 2014 3 1949 1
! bliss 3276 1 4066 1 1591 1 2327 124 4648 1 1585 2 3149 1 2214 2 1741 5 2323 160 1740 2 1985 6 2326 2 2311 2
! beliz 2523 3 1504 7 2128 6 2778 1 765 2 2680 4
! baitu 2865 1
! buvon 824 1 796 1
! bamus 2572 1
! bustl 2327 1
! botul 3151 1 3069 2 2105 1
! bourn 142 2
! bruit 724 2
! bybus 4689 1
! brett 4883 3
! brest 4790 2 2180 1 728 1
! bogus 49 1
! beaux 504 2
! bevor 4478 1 2246 1 1285 1
! blown 4323 2 4113 1 3590 1 3110 1 2340 1 2404 1 2327 1 2881 2 2260 1 1078 1 848 1 1145 1 1096 1 1309 1 703 1
! binxo 202 1
! battr 1199 4
! bantu 3538 1 2230 1
! basqu 3979 2 3638 2 2197 1 1059 1 3160 2 3145 2 1930 3
! brown 496 1 481 1 359 2 249 1 242 1 201 1 200 3 142 1 257 2 202 2 434 2 158 8 285 6 49 1
! burro 4108 1 2872 1
! botso 202 2
! bioqu 209 2 142 1
! beurr 3640 2 1930 2 3832 1 1047 1 796 2
! bratw 2561 1
! bimus 2572 1
! brist 2290 1
! bemus 720 1
! blunt 242 1
! burnt 3393 1 4690 1 3468 2 2340 1 2915 1 2323 6 2093 2 3105 1 708 1 848 2 1882 2 2228 2 733 1 1638 2 3004 1 1394 1 3117 1 1096 2 3023 2 1114 1 2878 1 2188 2 739 1 2952 2 790 2 1640 1 650 1
! batur 3351 1
! bolus 1154 1 504 1
! buvez 824 1 796 1
! bsort 4215 6
! bourr 1199 1
! bonus 499 1 450 1 498 6 398 1
! beurt 1713 1 1458 2
! bizto 142 1
! butyl 369 3 6 4
! brunt 3026 1 739 1 2063 1 573 1
! beust 4715 1
! blous 2106 1 798 1
! bisqu 1349 1
! blixt 4690 1
! boost 265 2
! buzzi 1308 1
! bosqu 2871 1
! bours 3026 1 799 2
! bumru 258 1
! bptrs 4715 1
! buxor 56 1
! blitz 4694 1
! brows 0 1
! burst 466 1 358 1 355 1
! bronz 3638 2 3538 4 3146 2 2882 2 3020 1 3016 1 3149 1 2896 2 2865 1 3003 2 2883 3 1739 2 2875 1 890 1 3145 1 2340 2
! betyr 2666 2
! bufsz 1316 4
! byxor 4690 1
! butyr 369 4
! buxus 4669 1
! bafaba 2210 2 1591 8
! bbccbb 2742 16 2733 8 2729 11
! bbbbbb 4693 1 3635 4
! balaca 242 1
! bagdad 736 1
! babbag 1627 1
! becfeb 166 2
! bebida 3282 1
! behead 2279 1
! bianca 3701 1
! barbad 765 1
! bbccff 4410 1
! bfffbf 198 4 168 3 166 2
! badana 2560 1
! bahama 3164 2 2778 1 3450 1 765 2
! baggag 3780 1 3919 1 2164 1 3921 3 797 1 1447 1
! bleach 2096 2 2027 1
! blanca 168 3
! brocad 1306 1
! blaadj 1503 1
! bjimba 1718 2
! bodaci 3350 1
! bondad 3192 1
! bandha 2560 2
! breach 708 1 4508 3 2781 1 1219 1 1802 1 702 1 4748 1 2900 1 2865 1 651 1 649 1
! buddha 244 1
! bandag 2014 8 934 1 708 1
! brigad 3230 1 708 5 572 2
! ballad 3283 1 571 1
! bogaci 1275 2
! belaid 1096 2
! beetaa 3264 1
! bhinda 2560 1
! boteca 1431 1
! banach 4523 1 3889 2
! bilabi 405 3 193 3
! bjwebb 2984 2
! baraka 4958 1
! babich 465 1
! bacaan 1177 1
! brenda 702 1
! banana 462 1 427 1 406 1 318 5 258 2 254 2 237 2
! biloba 2169 2 2130 1 2806 1 1591 2
! biblia 337 1
! bicara 4439 5
! betcha 3057 1
! bahika 2323 1
! biedna 1275 1
! breadi 2551 1
! breech 4790 1 2956 1 504 1
! bondag 2327 27 2323 78 1883 1 1881 1 1740 4
! benbak 1722 1
! balboa 4477 2
! bernab 754 1
! bprhad 4599 1
! berbic 3450 1
! buccal 1154 2
! brahma 4180 1 2323 18 1883 3
! briana 194 1
! bahasa 213 1 142 1
! balanc 445 1 444 2 359 1 296 2 20 1 263 1 56 1 355 1 253 1 248 1 200 2 189 1 142 1 162 1
! befand 1178 1 967 1
! bojana 142 1
! bhaaji 2560 1
! biblic 499 1 494 1 244 1 463 1 113 1
! bangla 4158 2
! bibcod 4859 4
! bandal 2609 1
! behalf 383 1 177 1 150 1
! barack 829 1
! beheld 4062 1 4038 1
! blogia 4358 1
! bubble 4668 1
! broach 1308 1 1307 2
! belief 291 1 218 1 173 1 217 2 204 1 244 2 200 1 56 2
! bubbel 1585 1
! berapa 4446 3 1371 3 842 2 838 8 830 1
! beland 398 4
! blanch 2929 1 2025 2 2922 1 3230 1 2496 1 4198 1 2235 2 3266 2 2162 1 2463 1 2087 2 2090 2 3469 1 709 1
! biddel 4859 2
! betaal 1986 4
! bchang 171 1
! balenc 1509 1
! badami 2560 1
! bpecan 3181 1
! byaina 4729 2
! biomed 4437 2 3877 1 4399 3 4191 3 3366 1 930 1
! buddhi 2323 1
! bogata 1275 1 1271 1
! bekend 3562 1
! bedarf 2782 1
! bengal 4289 2 2226 2 1952 1 1953 1 1595 2 4158 1 2021 2 2560 3 2340 1
! baikal 2902 1
! bithia 3026 1
! behang 1503 1
! bigcap 207 2
! bolich 1595 2 1532 1
! branch 470 2 356 1 54 1 123 18 431 2 359 1 249 1 180 1 229 2 210 1 231 7 176 1 384 1 142 3
! briand 251 1
! bataan 251 1
! btribe 221 1
! bahkan 898 2
! bioasa 2140 1
! belang 3620 1
! braden 4305 1
! barkla 2698 1
! befehl 142 2
! besieg 2340 1 708 3 572 1
! barbra 2221 1
! beiden 2396 1 1778 2 963 2
! balzac 2865 1
! bhendi 2560 3
! bieden 3562 1
! brandi 4433 1 3554 1 1924 2 3282 1 2865 1 4132 2 1723 7 1921 5 1724 1 1697 1 1642 4
! brambl 4865 1 3017 1 2897 1 974 2
! boreal 2874 3
! brenna 142 1
! bjfogg 1509 1
! barrag 2952 1 574 1
! bhakta 2323 1
! bhindi 2560 2 2435 1 2434 1 1902 1
! bailan 1436 1
! batata 3350 2 2560 1 2256 1 1902 1
! baleen 2133 3
! beaken 4647 1
! blobel 611 2
! bibber 4066 1
! berang 3017 1
! balear 3026 4 2897 1
! batali 4649 3
! buiild 3082 1
! brbldl 3736 1
! bareta 242 1
! bosnia 248 3
! benjam 3592 2
! baltic 3663 2 3638 1 4769 2 1059 3 739 1
! beggar 373 1 223 1
! batang 839 1
! bartha 2226 2 2915 2 2560 2 1595 2
! badkar 4690 2
! bmecat 1504 16
! bookid 1983 1
! balkan 462 1 252 1 248 4
! baihua 3057 3
! barbar 4648 1 4063 1 3003 1 4038 1 573 1 650 1 2086 1 4072 1 2928 1 728 1
! behold 495 1 266 1
! brioch 3299 1
! bigsbi 2930 1
! brauch 1808 1 993 2 810 3 4869 1 2106 2 995 1 1200 1
! bucear 1526 2
! bionic 4184 2
! barkal 3538 1
! billig 4690 1 2106 5
! baking 1724 1
! bromid 475 6 369 4 6 3
! brandl 2919 1
! bistec 1614 2
! bacano 242 1
! boblap 3449 1
! bordel 1199 2
! basden 4694 1
! blocki 3059 1
! bianco 4391 1
! bidder 572 1
! blanco 429 2 435 3 290 5 433 2 168 2
! brkbar 1000 1
! bolind 3289 1
! bedoel 1986 1
! bodili 3296 1 2323 3 3789 2 2804 1 589 1
! boleta 242 1
! bateta 2560 1
! badger 4454 1 1199 1 680 6
! bejudg 2327 1
! bhopla 2560 1
! besicl 359 1
! bracio 1431 1
! brahmi 3149 5 4608 1 2323 3
! braken 1986 1
! bakari 473 1
! baalat 3026 1
! burial 4670 1 2865 1 3025 1 2882 4 2340 3 843 3 708 1
! barnei 49 1
! branta 2897 4
! borghi 4697 2
! brigen 1686 1
! brinck 831 1
! brosia 1267 1
! bloodi 142 1
! bkhome 3203 1
! beacht 2238 1
! bewild 4603 1 3485 1 1882 1 1497 1 1884 4 993 1 2323 14 1883 1
! blondi 1595 2 1438 2
! bakken 2224 1 1772 1
! bereik 4754 1
! bharta 2915 3
! beggin 3780 2 3565 1
! becher 4583 1
! barnam 2669 5
! bannek 571 2
! batani 2890 3
! boondi 2560 2
! branco 4108 1
! barlan 2865 1
! bailar 199 1
! bayard 593 1
! beacon 4671 1 2698 2 2323 1 1772 1
! bonden 2631 1
! bazaar 4826 2 3541 3 3372 1 979 2
! bander 1199 1
! bakeri 798 4 724 1 735 1 2561 1 2551 1 3233 1 3299 1 2159 2
! becker 4648 1 4731 2 3701 1 3296 1
! bundar 2726 1
! brivla 205 1 204 1 202 6
! beware 4693 1
! braill 2577 1
! batman 1876 1 3482 1 3462 1 1872 1 1492 2
! bswbao 3751 1
! bemoan 1306 1
! baajri 2560 1
! brenta 3449 3
! biotic 210 1
! bellen 1986 1
! bender 1870 1
! bhayam 2323 1
! breken 1986 1
! beaker 475 2
! barral 4648 2
! bashrc 3171 1 2905 3 1573 6
! basico 142 1
! baruch 499 8
! bergen 2629 1 2625 5 1876 1
! bigger 427 1 226 1 221 1 208 2 49 1 256 1 47 1 267 1 202 5
! biggin 4769 6
! bonita 4576 2 3592 1
! breath 444 1 226 1
! beingl 2327 1
! balsam 4877 2 3612 2 3517 2 3526 2 2471 2 1605 2 1509 2
! bedmas 1726 1
! biosci 3873 1
! barber 434 1 223 1 56 3
! boisei 4780 5
! bilder 4297 1 3141 1
! bohlen 4654 1
! binder 4566 1 3023 1 2200 1 3355 1 3110 1 1821 2
! baechu 4841 1
! bolder 2930 1
! buffer 342 2 277 1 267 3 186 2 51 4 49 3 193 5 48 7
! bicker 722 1 574 1
! beaten 4269 1 2877 1 2327 2 4472 2 4196 1 4001 1 840 1 2496 2 4285 1 3549 1 1723 1 3578 1 4406 1 1642 1 1435 1 3105 1 1307 1
! biftek 4694 1
! bogati 1271 1
! bobdev 2291 1
! bomber 251 4
! binari 358 2 318 2 333 4 355 1 265 1 46 3 207 1 370 1 48 1 301 2 181 2 121 3 51 1
! bhakri 2915 1
! buflen 3221 2
! banger 2057 2 810 1
! banzai 51 1
! belgio 406 1
! biblio 142 1
! blinki 4392 1 3243 1
! binmod 3041 1
! bleibt 1513 1
! bracht 1986 1
! bounci 1871 1
! berber 3282 1 3143 5 3003 1 979 2 3145 5 1616 1 3026 1 4746 1 2161 2
! biject 318 2 120 1
! benumb 2323 1
! byrail 4689 1
! bikini 3592 2
! bantam 4648 1 3597 1 4651 1 571 1
! before 3920 1 3480 1 2875 1 1365 1 1316 1
! besuch 993 2 2227 1 1777 1 972 1 970 3
! borsch 4669 1 2548 1
! botani 225 1 491 14 221 1 487 2 142 5
! bremen 3592 1
! bungen 2782 2
! breedt 1497 1
! bodmas 1726 3
! burden 427 1 284 1 278 1
! brodni 890 1
! benign 427 1
! blueli 4066 1
! berein 2188 1
! beliau 835 2
! banyak 4442 1 4443 1 898 2 839 3
! bhutla 2560 1
! buscar 4827 1 4252 1 2961 1 1526 2
! bugger 4167 1 1199 1
! becket 3663 2 1764 2
! banano 256 3 254 1
! bindwe 2471 3
! bushel 733 1
! bidwel 2881 1
! brunna 1807 1
! bauder 221 2
! bolyai 639 1
! bicycl 482 1 242 1 142 3
! belong 417 1 402 1 398 2 396 1 297 2 167 2 282 2 253 1 207 4 177 2 56 3 27 3 142 2 285 1 277 1 132 1
! bateau 1503 1
! behren 3116 1
! baygen 4377 1
! besond 2106 2 1736 1 2782 1 967 2
! bohnen 3004 1 2561 1
! bostic 1830 1
! boxcar 251 1
! brogli 4697 2
! brunei 4021 1 899 2 765 1
! brvbar 1000 1
! bowden 1592 1
! blenni 3057 3
! bimini 2902 1
! balcon 3024 1 1047 2
! borman 3121 1
! banish 4062 1 2877 1 1492 1 722 1 4038 2 1764 4 3057 2 2210 1 570 1
! brakes 1447 1
! bhakti 4648 1 2323 2 1740 4
! buford 3120 2 708 2
! bivari 2054 1 2053 1
! bascom 1307 15
! britan 4066 1
! bamboo 4637 2 4480 1 4454 2 4289 1 4044 1 3579 1 2469 1 2274 1
! bonair 3450 1
! broken 431 2 475 1 428 1 285 3 402 1 358 1 327 1 421 2 398 1 157 1 392 1 226 1 284 1 248 1 202 5 6 2 282 1 458 1 223 2 453 4 338 1 165 1 142 3 253 1 25 1
! bearer 4673 1 2323 1 2865 1 4350 2 3025 1 2311 2
! basics 3944 1
! belkin 4693 1
! broder 4573 1
! bramau 202 4
! biolog 3 1
! binnen 4496 1 1465 2
! ballio 2855 1
! basiat 503 1
! braten 142 1
! banker 3011 1 2881 1 2112 1 1307 2
! bergin 1490 1
! bindet 3141 1
! bitmap 3385 1 3557 1 2754 1 2379 1 3203 3 1113 1
! becuas 4392 1 3273 1 1644 3
! barrel 2471 2 4673 1 3638 1 2340 1 3647 1 1968 1 3751 2 1750 1 3185 1 721 1 4391 1 1447 17 992 1 781 2
! bereav 4670 1 4063 1 1096 4
! beginn 477 2 499 2 223 1 393 1 205 1 373 1 494 1 241 1 276 1 265 1 473 3 266 1 216 4 43 2 204 3 203 1 307 1 192 1 121 1 397 3 282 6 167 1 222 1 142 9
! bharat 3023 1
! budget 398 2 329 2 310 1 56 1
! buffet 1997 1 1648 1 1600 1
! bigler 703 1
! bifurc 4697 4 4696 1
! brahui 3023 1
! baller 3292 2
! bentel 1491 2
! brasil 4073 1 4694 1 3499 1 2229 1
! border 0 1
! bonobo 4771 5 4770 5
! besagt 1513 1
! binomi 260 1
! bandit 1870 1 703 1 504 2
! balmer 4052 2 1619 1
! bedtim 2723 3 1591 2 1585 1 4669 1 799 1
! botond 3483 1
! bouder 1199 1
! brandt 1446 1
! bhopli 2560 1
! bartel 1 1
! bildsk 4690 1
! bindir 4715 1
! bagpip 4096 1 3453 1
! brough 1311 1
! birnen 2561 1
! bisect 4821 1 4814 4 2455 1 4798 8 928 2
! bmxing 1450 1
! boiler 3310 2 3185 47 2952 2 1662 2 3652 2 3289 2 2464 5 3278 2 4248 1 1509 3 1281 1
! bolpen 835 3
! bonbon 3004 1 796 6
! bowman 3789 13 1159 3
! bychko 3776 1
! beater 4309 1 1199 1 4285 1 3290 2 1817 1 736 1
! bagnol 1199 2
! bovari 434 1
! bilhet 4576 1
! bombay 2560 3 1478 1
! barelo 4831 1
! bezoek 1459 11
! boudin 3231 1 2201 1
! bazeri 1628 1
! baroni 1178 1 967 1
! baboon 2605 1
! barker 2879 1 2878 1 2875 1
! brisco 4649 2
! beaver 4768 2 3017 17 2194 1
! bhutan 4021 1 3166 2 765 1
! beehiv 2114 1 1681 1
! bessem 246 1
! bessel 331 1
! buneri 1916 1
! branko 397 2
! blight 3025 1 733 1
! bissao 765 1
! brzuch 890 1
! brutal 249 1
! berlin 291 1 249 3 248 2 173 1 251 3 56 1
! banner 491 2 398 2 149 1
! ballet 4790 1 2857 1 2441 1
! baslin 2902 1
! barren 3019 2 2323 1
! brorsa 4573 1
! bureau 4790 1 3921 1 3378 1 2872 1 3950 2 1431 1 1636 2 1047 6 1307 4 709 10 939 1 736 3 735 1 4737 1 1628 1 570 1 504 1 1186 2 2016 3 797 2
! buffon 4755 1 2354 2
! bereft 1096 2
! bruder 1777 3 972 2 917 1
! bisher 3141 1
! basler 703 1
! bayamo 3592 2
! bucket 4748 1 4063 3 3778 2 4859 5 1669 4 789 1 3017 1 2434 2 1199 1 4372 3 2279 2 1047 1 4072 3 783 1 782 3
! bonfir 4432 1 4669 1 2764 1
! bruger 152 1
! bluesi 3462 1
! bpsite 4654 1
! basalt 4045 1 1142 1
! brazen 242 1
! bright 405 1 200 1 121 2 6 1
! bident 2287 3
! bilion 3361 2
! banion 736 1
! ballon 724 1
! billet 1431 1 504 2
! broker 27 1
! berlio 3541 1 4748 1 3483 1
! booker 4880 1 4878 1
! believ 251 2 186 1 265 1 282 2 249 3 216 3 253 5 460 6 330 2 398 9 210 1 163 1 176 4 223 2 208 2 162 1 192 2 427 1 123 1 499 1 83 2 177 1 428 2 146 1 167 1 402 3 221 1 409 1 175 1 56 6 12 1 190 2 226 1 132 1 201 1 160 3 165 1
! bother 493 1 223 1 444 1 242 7 165 2 49 1 221 2 111 1 46 1 40 1 17 1 160 1
! baitho 1190 1
! benung 4731 1
! baiser 1199 1
! bagass 2952 1
! bashir 2865 1
! bajars 3024 1
! beleiv 444 1 253 1 223 1
! bertta 1267 1
! bestem 4754 9
! blocks 1574 1
! boboti 3554 2
! burger 142 4
! beings 4668 2
! bekomm 3815 2 3004 1
! borneo 251 1
! beguin 2403 1
! bunsen 475 2
! beauti 497 1 491 2 208 1 406 7 54 1 405 1 223 2
! bezier 3203 3
! butano 369 1
! bummer 1977 1 1406 1
! badint 3965 1
! besten 3775 1 3141 1 2474 2
! barroi 2883 1
! besoin 3743 1 796 2
! berner 2688 1 2577 3 616 1 615 3
! busier 1583 2
! bigcup 207 1
! bertil 2865 1
! boomer 740 1
! bromin 475 5 354 1 294 2 292 1 6 8
! beaton 2180 1
! bereit 142 3
! basket 242 1 56 1
! bearsk 1311 1
! boludo 242 1
! brazil 373 1 253 1 142 1
! broren 2631 1
! beatti 4072 5 4066 2 4063 6 4038 2 3319 1
! braver 4012 1
! bochum 2865 1 1329 1 1027 1
! bhutta 2560 1
! bluish 4894 1 2224 1 2090 1
! bonner 4582 2
! becasu 4392 1
! bttask 4694 1
! beacus 3441 1
! bunker 3185 5 3234 1 739 1 572 6
! bailey 142 1
! brokaw 2881 1
! bunyan 4038 1
! bolivi 765 1
! baijum 1560 2
! biertj 4496 1
! bullet 398 4 242 1 216 1 111 1
! bitten 1899 1 1863 1 1285 1
! barrer 1526 2
! benzen 369 2 129 1 365 1 25 10
! banter 3059 1
! borrar 1526 2
! brengt 1713 2
! blason 142 3
! bietet 2782 1
! brains 4648 1
! barrio 3265 1
! biyyam 2560 3
! bolumi 4697 1
! boswel 3601 1 3428 1 1317 1
! birgit 3701 1
! blusen 2106 1
! bussen 2635 1
! bangun 1177 3
! boleto 1057 1
! biruni 3026 1
! bayern 1018 1
! brocku 309 1
! bowler 3213 1
! batjew 4169 4
! blisko 890 1
! blijkt 142 1
! bopper 740 1
! bonnet 3521 1 2096 2 1703 1
! burner 342 1
! backup 422 1
! batism 1820 1
! beeton 1723 2
! betwen 3042 1
! bitrat 4873 2
! breast 4671 1 4846 1 2360 2 4794 1 2179 11 4670 1 3025 8 1921 3 3339 6 1130 1 3615 1 2897 8 2194 1 3087 1 1431 1 4720 1 2171 1 1607 1 3620 2 1593 1 1370 9 1669 9 1644 2 1374 2
! britio 406 1
! bugfix 4694 1 4693 1 2291 1
! bumper 152 1
! byword 739 1
! baster 3292 4
! boyish 4066 1 736 1
! butler 152 1
! barter 4668 1 3017 1 2325 2
! brewer 4805 2 2972 1 4066 1 1186 1 728 1
! binaur 1591 5
! bibtex 1513 1
! bishop 4063 1 3638 5 3025 1 3019 2 2018 1 2785 1 1802 4 3021 8 1178 2 1692 2 4038 1 967 2 4072 1 1718 1 2781 5 1472 1 572 3
! burmes 4608 6 3149 1
! bachus 3416 1
! brevip 2897 1
! baudot 3945 2
! bioses 2379 1
! batter 252 1 200 1
! bignum 431 2
! bitchx 3742 2
! better 418 1 441 3 253 2 428 2 409 1 221 3 173 2 408 2 392 1 486 1 484 1 192 1 375 1 421 1 186 3 139 1 163 1 398 13 416 2 402 3 499 3 358 1 397 4 282 6 141 1 396 3 330 4 427 6 142 2 291 1 285 1 473 3 460 1 266 1 216 2 211 1 190 7 271 1 174 1 165 3 252 1 158 3 55 1 152 2 133 1 226 1 132 3 414 4 123 1 223 11 176 2 411 1 120 1 167 1 131 1 297 1 491 5 103 1 6 3 200 1 12 1 444 2 153 1 56 7 57 1 162 1 146 1 99 1 90 1 381 1 135 2 43 2 108 1 83 1 177 1 113 2 160 4 46 1 121 1
! benito 251 1 249 2
! besser 1686 1 1514 1 1513 1
! biulir 2560 1
! boopsi 4813 11 4716 18
! bought 491 1 329 1 298 1 202 1
! bilqui 2865 2
! burgaz 4054 1
! bellum 3025 1 561 1
! barium 4051 7 2585 1 4053 1 2403 2 2188 1
! bruner 942 2
! bivalv 229 1
! bartok 3455 2
! begett 3025 1
! bissau 2229 5 765 1
! bokhyl 4690 1
! bosser 1199 2
! barron 3010 1 2281 1 1846 2 1784 1
! baxter 2669 1
! bignos 282 2
! blower 242 1
! barley 462 3 20 2
! backus 265 2
! bimasu 379 2
! binorm 2889 1 2888 1 1262 2 1261 2
! ballot 703 1 652 1 702 7 1802 2 735 5 709 1 649 7
! benson 351 1
! bitter 318 2
! botero 3651 1
! bribus 3023 5
! browni 160 1 177 3 142 6
! bullit 434 1
! berito 3026 1
! bethun 708 1
! bayonn 2197 1
! besito 3592 1
! barjot 1199 1
! bizarr 49 1 48 1
! blupet 3882 1
! barney 49 2 48 6
! bauers 4693 1
! bulwer 2897 1
! boleyn 4775 2 2780 3 569 1
! bounti 4693 3 2896 2 702 1 649 1 1973 1 708 1 593 1
! binson 2865 1
! briton 3022 5 3017 1 3638 1 728 1
! bayomo 3592 1
! baptis 3879 1 1402 2
! bathiy 1190 1
! bonito 4251 1 4108 1 3582 1
! brizio 3663 1
! blurri 4570 1 3620 1 4584 1 3253 1 1591 1 2295 1 2210 1 2936 3
! bgolor 242 1
! banist 1591 1 593 1
! bolton 4572 1 2698 1
! bareru 379 1
! bagfzs 3592 1
! barest 1306 1
! bypass 427 1 417 1 342 1 186 1
! bigorr 3921 1
! bristl 229 1
! bestir 4066 1
! bardzo 890 1 888 2
! bentuk 898 1 834 2
! bowser 142 1
! butter 258 3 142 2
! biosit 930 2
! baseru 379 1
! bizzar 3780 1
! betray 4673 2 1628 1 2112 1 1876 1 1842 1 1772 1 1308 1 1858 1
! brittl 229 2
! biotop 3096 1
! baylor 93 1
! boycot 740 2
! behoov 3296 1
! bilist 4279 4
! bluray 4693 1
! boilov 3230 1
! biston 2164 1
! byblus 3025 2
! billow 4063 1
! bulgur 3800 1 2675 2 3423 4 2296 2 2292 5 1595 2
! bellow 67 1
! boston 4748 1 4671 1 709 1 3469 2 3733 1 3592 1 4697 1 3428 1 570 4 3108 3 2881 4 2201 1 733 3 2049 1 735 1 3320 1 882 3 571 6 2404 1 3462 1 736 3 1504 1 722 1 3789 1 593 2 708 1 661 1 2366 1 572 10 728 1 574 1 504 1
! burson 2319 1
! benkyo 1384 1
! baryon 4697 2
! bunzip 4147 1 2862 1
! berkow 3620 1
! barlow 593 1
! bsrboy 444 1
! buttom 1771 1
! bitwis 47 3
! button 336 4 428 1 417 2 242 1 418 1 484 1 162 1 444 2 158 4 113 1 111 1 56 2
! buzgun 2364 2
! boulot 1199 1 754 1
! bistro 2523 1 2006 1
! baroqu 428 1 392 1
! beyont 504 1
! bistum 1178 3 967 3
! besuto 481 1
! beirut 3145 1 3026 1 3021 4 3019 3 3014 1
! buzzer 4113 1
! blount 4138 1 733 2 702 1
! baptiz 3647 1
! bisexu 4420 1 4397 1
! bolumu 4697 1
! bukumu 840 2
! bronst 745 2
! bootup 4693 1 2905 1 1576 1 1574 1
! bhutto 1876 1
! boutro 3021 1
! bouygu 3920 1
! barrow 2897 1 1702 1 736 8
! bayeux 3638 2
! buyist 253 2
! benzyl 369 8
! bisous 1199 1
! bessus 2340 2
! besitz 1178 2 967 2
! borrow 498 1 496 2 202 1 142 1 373 1 371 1 141 1 20 1
! bestow 4062 1 4038 1 4958 1 2879 1 2325 1 2323 5 1883 1
! bartyp 2669 2
! buxtor 56 2
! bezout 669 1 604 10
! burrow 4610 1 3059 1
! brusqu 825 1
! bowstr 2323 1
! buntut 4637 2
! brutus 496 1
! buyout 4673 2 2161 1
! benutz 2 1
! bailaba 1516 3
! baghdad 4377 1 2950 7
! bighead 2471 2
! boldfac 428 1 58 1
! betacea 974 1
! barnaba 4038 1
! baladai 809 1
! brandad 1930 2
! bonifac 3663 2 1628 1 1504 1
! bandeja 3637 2
! bravada 142 1
! baigana 2560 1
! blockad 248 2
! breakag 4147 1 1118 1 934 1
! baranda 242 1
! beacham 1306 1
! blighia 974 1
! betaald 1986 2
! bookbag 3016 1
! beecham 402 2 401 1 400 2 285 2
! baalbek 3023 1 2865 1
! basidia 1145 2
! benefic 3023 1 2865 1
! basebal 142 1
! backtab 3913 1
! brigadi 708 2 572 1 571 1
! bambara 4152 1 621 1
! blockag 843 1
! barbara 3021 1 2281 1 936 3 1846 2 1153 2 1138 1 593 1
! beseech 3025 3 1096 4
! barnabi 113 1
! banahan 397 5
! bohemia 4790 1 3663 3 3638 1 2902 1 570 1 4775 2
! baiklah 4443 1
! barbuda 2778 1 765 2
! bendefi 3026 1
! bisakah 4439 2
! batoida 2130 1
! blooded 226 1
! bzimage 3524 2
! ballanc 3778 1
! backped 1047 1
! bailiff 1802 2 1402 1
! banoffe 2057 2
! barbado 2778 1 3450 1 765 1
! belated 606 1
! backend 3416 1 4694 2 3059 1 2579 1 1718 1
! billabl 4864 1
! batalla 3024 1
! blocchi 1107 1
! bedoeld 1986 3
! biucchi 2865 1
! bitflag 2293 2 2291 1
! baqarah 2865 3
! bombard 3 1
! blockid 4693 1
! belimah 4583 1
! beineck 3755 1 3751 1 3736 2 1554 4
! barabar 4958 2
! boxchic 142 1
! brodima 4697 2
! bascial 3057 1 1059 1
! bleiben 2447 1
! bandgap 3343 1 2498 1 2458 1 2457 1 2397 1
! barnacl 229 1 165 1
! bengali 3149 2 3023 4 2560 7 2881 1 4608 2 4158 30 3025 1 979 1 4174 3 621 1
! baquala 2560 1
! bataani 2560 1
! bwbasic 4694 1
! bluebel 2471 5
! beneden 1497 2 1459 1
! barriga 4720 1
! begonia 3221 2
! bharata 2323 13 1883 2 1882 4 1884 8 1879 2
! brianna 194 1
! bersama 1177 3
! bugbear 1494 1
! bobsled 2881 1
! brigham 3789 1 2865 1 703 2
! bavaria 249 2
! bseidel 3449 2
! broaden 222 1 118 1 26 1
! badisch 142 1
! baingan 2226 2 2915 2 2560 5 1595 2
! bitcard 255 2
! bilimbi 462 1
! blacken 4038 1 3188 1 2915 2 2875 3 2197 1
! bycatch 4088 1
! belgian 248 2 158 1
! baklava 142 2
! booktab 1513 2
! brocard 1350 2
! bladder 226 1
! bardeen 2751 1
! berenic 4760 1
! breathe 2236 1
! brendan 194 1
! ballard 2954 4 2947 3 2717 4
! barklic 2811 1 2114 1
! biljard 1986 2
! bracken 3017 1
! bongard 721 2 720 1
! beecher 708 1 703 1 709 1 574 1
! brahman 3023 4 2323 107 4648 1 2327 3 1884 2 1882 16 2326 4 1881 7 1880 6
! backsid 398 1
! botella 3592 2
! bairdii 2897 1
! boreali 2897 2 2874 1 2450 1
! bifteck 4694 2
! biochem 453 4 359 1 342 5
! booklic 2811 1 2114 1
! bhavata 2323 1 1884 2
! bublian 3145 1
! borland 334 3 301 2
! bespeak 3759 1
! biotech 366 1
! batavia 3450 1
! befuddl 3731 1
! bellard 3416 1
! beverag 258 4 192 1 191 1
! bharami 4828 1
! bkonrad 3427 4
! bologna 2949 1 2200 3 3638 1 1493 1
! branden 2883 2
! belajar 142 1
! bhishma 2323 16 1884 2 1879 10
! bdesham 1703 1
! bootabl 4693 2
! boolean 370 1 184 2 154 2 157 1 142 3 116 2
! brenden 2883 1
! bookend 1074 1
! brisban 3360 1
! beneita 142 1
! beekeep 3069 4
! briefli 484 1 318 1 298 1 213 1 282 1 266 1 6 1
! benjaim 1163 1
! breeder 2952 2 2897 1 2443 2 2164 1
! bargain 4673 1 4508 1 1307 1
! basenam 4715 17 4604 1 4693 1 4168 1
! babilar 4831 1
! breadth 427 1 389 1 154 2
! byblian 3025 1 3020 2
! bancair 3921 1 3920 3 1044 1
! bytecod 4694 1 3222 2 3130 1
! bhammel 3110 1
! bookpdf 4279 1
! binnick 3061 1
! bahnhof 4754 1 967 1
! beneath 4632 1 3339 1 1040 1 2121 1 2403 2 4180 1 3898 1 2616 1 3789 1 3759 1 4671 1 3026 1 3021 1 2952 1 3751 1 2224 1 2882 1 2327 3 4066 1 2609 1 507 1 2340 2 2875 1 3545 1 2323 1 1628 1 1573 1 1069 1 1161 1 4051 1 2688 1 1630 1 2879 1 1591 1 612 1 2577 1
! boscomb 2300 1
! boehmel 3945 1
! berikan 1371 1
! bushard 2952 1
! bookrag 2865 2
! baracko 2565 1
! brachio 1431 1
! bertand 205 1
! bernard 4650 1 3701 1 4031 2 4647 1 4082 1 3231 1 798 1 3650 1 1870 1 1872 1 1632 1 1459 1 3053 2
! biaxial 2767 1
! bestaan 1986 6
! boeotia 3145 1 3020 2
! bacycta 257 1
! bicknel 1663 1
! binnard 3213 1
! bookmak 2092 2
! botname 3742 1
! burkina 765 2
! brodgar 2902 1
! bouball 1595 2
! binding 2327 1
! broader 499 1 463 1 298 1 282 1 56 1
! belizec 2128 1
! borshch 2549 1 1366 1
! bedford 2779 1 708 1
! bodinel 3025 1
! breathi 4623 1
! backlog 4760 1 4649 1 1977 1 1197 1
! bentham 4749 2 3760 5 3650 1
! barakat 2865 1
! bargein 3257 1
! boulang 798 1
! brondel 4895 4 3937 1
! breaker 4765 1 3595 2 4634 3 4557 2 4392 1 704 1 3267 3 1980 1 2865 1 2934 1
! barbecu 200 2
! beliebt 2609 1
! backbon 354 2 226 4 123 2
! brehmii 2897 1
! blathem 4429 2 3938 2 3916 2
! bahrain 2865 2 765 1
! baithel 4693 1
! bicamer 2900 2 678 1 653 1 641 1
! bookcas 366 1 156 1
! brengen 1986 1 1713 5
! briberi 702 1 653 1 649 1 736 2 641 2
! buffalo 4582 2 572 1 3025 3 2875 3 2194 3 3969 1 2865 1 2753 1 2674 1 2471 2 2166 6 2156 1 2340 1 1471 1 1181 1 570 3
! bolivia 164 4
! burbuja 4254 2
! betalen 1986 4
! boyeria 2874 2
! bezalel 2865 1
! barrera 3592 1
! banathi 3795 1
! bgesweb 231 1 230 1
! beleagu 593 1
! bellman 223 2 56 4
! bodtani 3025 1
! berkman 2881 1
! brennan 3620 1
! bulgogi 4839 3 4840 4 1595 2
! bhagwan 2327 2 1762 2
! bioguid 1186 1
! bestcap 2403 1
! bringen 2782 1
! bulldog 1153 1
! bulgari 765 1
! bookcat 4 1 3 1
! bucknel 2328 1
! bohrani 2674 2
! beating 1509 1
! bintang 2523 1 830 1
! burnham 1802 1
! blender 398 2 239 3
! boanerg 4062 1
! brocken 1450 1
! birmani 765 1
! bstnode 472 9
! bailamo 199 2
! bluegil 4454 2
! bartend 56 2
! bendier 2090 1
! bitkeep 3437 1
! buoyanc 226 1
! belknap 4528 1
! belleza 3024 2
! bfbggon 1509 2
! backlin 4170 1
! boarder 722 1
! britian 1440 2
! bromear 1526 2
! bandura 2334 1
! balanza 3192 1
! borrado 176 1
! bastard 397 1 242 2 142 2
! bontrag 1445 3
! begrudg 4673 1
! bystand 4673 1
! bosnian 248 1 142 3
! bridget 3149 1 3055 6
! bockamp 1769 1
! barebon 484 1
! biochip 1139 1
! bamford 1629 1
! backfir 736 1
! balconi 249 1
! bernank 1864 1
! bharati 4868 1
! bonelli 2897 3
! bracket 330 7 285 1 281 1 266 1 278 1 207 1 46 4 204 2 181 1 158 2 260 1 150 2 49 1 418 1 303 2 142 1 47 1 56 1
! brudder 173 1
! brzydka 1275 1
! bazooka 4907 1 1199 1
! barahsi 2340 1
! baechoo 4841 1
! benteen 709 2
! baharat 4185 4 3423 3 979 2
! bluefin 3582 2
! booknam 411 1
! brahmin 4122 1 2323 9 2909 1 1884 2 1881 1
! britain 248 14 406 1 251 3 246 6 142 1
! bigoudi 2006 1
! bimacul 2897 1
! blizard 4696 1
! basilar 1158 2
! builder 298 1
! boucher 3151 1
! baelish 1872 1
! biologi 225 1 38 2
! buscamo 4281 2 4203 2
! beaudri 3647 1
! bjcairn 2907 2
! blocker 142 2
! bhashya 2323 2 2311 2
! begginn 3619 1
! blogger 3827 1 1322 1 958 1
! bellini 3499 5
! beginio 4694 1
! butcher 499 1
! bhavati 2323 1
! boredom 3574 1 1869 1 720 1
! beisbol 1532 1
! betwecn 2327 7
! blanker 4693 2
! bnaayil 3026 1
! bulgher 142 2
! benzoic 4784 4 916 1
! bestaat 1497 1
! bacteri 464 1 396 1 358 6 200 1
! benefit 427 4 222 3 413 1 248 1 410 1 389 2 246 1 200 2 375 1 398 2 282 1 142 2 165 1 152 1 158 1 208 2 56 5
! bataaun 2560 1
! biljoen 1986 4
! bitplan 1576 1
! balancv 778 1
! banitsa 142 2
! besnuff 4066 1
! baselin 253 1 158 5
! biciklo 4831 1
! biofilm 358 4
! blockip 1246 2
! bnutmeg 1479 1
! boghyld 274 1
! bouffer 1199 2
! brandon 397 1 343 2 194 1
! brothel 142 1
! buehler 3059 2
! bangkok 4760 1 2902 1 4156 1 2881 1
! berdiri 1177 1
! blandit 3844 2 3843 2 3841 2 3842 2 3837 2
! bedevil 4180 1
! bustard 2897 4
! basmati 2922 2 2619 2
! bogomil 3638 1
! bericht 1513 1
! bluebit 955 1
! beacaus 190 1
! bayford 2666 2
! biomark 3620 1
! biernik 307 1
! blather 3605 1
! barring 2875 5
! boulder 4454 1 3028 1 2882 1 2875 8 2381 1
! bryllig 46 2
! bringer 56 1
! biofuel 2952 4
! burglar 798 1
! baudoin 2984 1
! burnsid 708 8
! bonanza 2875 1 1864 1
! belonen 1710 1
! baumann 1406 1 993 9 4540 1 985 7
! bildung 142 1
! barinfo 2669 3
! blemish 4668 1 2323 18 2326 10 1880 4 1884 2 1394 1
! blunder 251 2
! bildern 4879 1 1285 1
! burgher 4038 1 3663 2
! badveri 142 1
! bullosa 1138 1
! bakewar 3289 1 2212 2
! balliol 2855 9 1764 1
! blackey 1902 1
! branler 1199 1
! bloodsh 2340 1 2683 3 703 2
! burundi 3551 2 765 2
! bismark 251 1
! bipolar 2403 5 3595 2 1350 1
! bronger 1514 6 1422 8
! balines 4628 1 4654 1 899 1
! barclay 4038 2 3920 1
! boyhood 4066 1 2881 1 1423 1
! bananon 406 6
! bilater 229 7 231 1 226 2
! bulkier 129 2 6 1
! bhaktat 2323 1
! bedankt 1459 2
! bulleri 2896 1
! bodyjar 3651 1
! batista 740 1
! butorid 2897 1
! blanant 3495 1
! billiet 4080 1
! booksel 2211 1
! biryani 142 4
! blairer 1199 3
! blanket 4736 1 2471 2 1591 1 3230 4 4025 1 740 1
! braveri 4790 1 2323 3
! bumpmap 2295 2
! bavaroi 142 1
! benkler 3320 1
! bungler 4668 1
! bundesl 1178 2 967 2
! benifit 2327 1 1585 1 1474 2
! bifolio 3751 1 1554 5
! bradley 3511 1
! bertram 4649 1 1310 1 1308 2 1307 7
! bugines 899 1
! banlieu 1047 2
! braiser 4301 1
! braucht 2782 1 2227 1 1200 1
! berlegt 1514 1
! bitmask 3041 1
! burgeon 2952 1 1429 1
! blijven 1986 1 1465 1
! baldwin 4647 1 3620 1
! backwat 1680 1 1071 1
! bestond 1986 1
! bicorni 2275 2
! belguim 1460 1
! blueski 1585 2
! bportal 402 1
! broiler 4800 2 4308 1 1439 2 4079 1 2561 1 2360 5 4219 1 3339 2
! bulleti 2403 1
! boldseq 3266 1
! boudoin 4766 1
! bingung 842 1
! bicyclo 129 2
! bfraser 223 1
! borough 4790 2 2783 8 1638 1
! bathtub 488 1
! bulevar 3024 1
! barusan 944 1
! blastua 231 1
! buttock 3025 1
! basteln 971 6
! babyish 4066 1
! bezieht 1285 1
! baillon 2897 1
! barrier 427 1 359 2 349 1 244 1 398 1 123 1 211 1 56 1
! batteri 491 1 475 4 242 2
! bantuan 156 2
! barnilo 1807 1
! bertran 1308 2
! bichrom 2883 1
! billion 404 1 389 1 355 1 317 1
! blastar 1460 4
! brillet 4859 1
! byblino 3026 1 3021 1
! biltong 3554 2
! brimsen 1200 1
! baddont 142 1
! boothin 330 2
! buzzard 3597 1 2897 4
! borbrav 721 2
! biquini 3592 1
! blatant 221 2 176 1
! bellhop 2415 1
! brisker 1350 1
! bastill 4790 4 2984 1
! bimodul 4697 1
! brezeln 2561 1
! brorsan 4573 1
! belgium 252 1 406 1 246 1 248 3 158 6
! bedouin 3019 1 2865 7
! babbitt 4863 1
! bhoutan 765 1
! booklet 444 1 56 2
! bombast 4038 2
! butanol 745 1
! bartoli 702 1
! brainex 282 1
! bacchus 3026 2
! butoxid 4537 1 745 1
! bolthol 3483 1
! berserk 4690 1
! bullion 4072 1 4063 2 1600 2 3026 1 1096 1
! besonio 1431 1
! biggest 499 1 221 1 427 1 142 1 47 1
! breakup 2952 1
! baromet 4763 1
! bilingu 223 1 173 1
! bryolog 2542 2 1887 1 1587 1
! british 417 1 309 1 249 1 248 9 207 1 251 9 246 2
! belzier 3203 2
! barbequ 3394 6
! bekannt 1513 1
! biliter 3055 2
! bouvign 4873 1
! burnish 3025 1 2883 1
! butanon 369 3
! bourbon 3693 3 3635 1
! bestsel 3369 1 2240 2
! brother 491 1 435 1 290 1 224 1 198 2 242 1 142 1
! besucht 2377 1 1777 2 972 1
! begehrt 1513 1
! bitumen 2340 1
! brouill 3965 1
! breakov 4634 1
! ballast 3267 4 2403 3 1513 1
! bobwhit 2194 1
! bramley 3017 1
! buckley 4651 1 1864 1
! bighorn 709 4
! builtin 472 1
! burghul 2296 1
! bibliot 142 1
! balsero 3592 1
! bedroom 280 1
! banglor 2560 1
! bergers 4693 1
! beowulf 4909 1 3638 1 3057 1
! balloon 488 1 443 3 439 1 242 1 119 1 438 11 123 1 349 1
! bolzano 4696 4
! benevol 4584 1 4632 1 4582 1 4958 1 4138 1
! benannt 1178 3 967 3
! benkart 4697 1
! bimonth 2538 1
! blatent 398 1
! borscht 2549 2 2548 10 1803 2 1595 2
! breviti 183 1
! badness 4668 1
! badezir 2882 1
! butteri 258 1
! bolshev 4669 1
! bprivat 1773 1
! butylen 748 2
! broomwe 2471 1
! benazir 1876 1
! beginnt 1513 3
! bgcolor 496 40 445 1 280 13 198 81 242 239 495 16 288 7 145 1 467 3 224 12 147 19 438 1 254 13 166 18 199 15 475 4 498 110 223 11 91 1
! barkley 829 1
! brussel 462 1 200 2 56 2
! buffett 3010 1
! babylon 217 1
! biomass 2952 9 2529 21 1040 1
! blogbus 2586 1
! buildup 211 2
! bauhaus 4761 1 3449 1
! bastant 3024 1 1431 1
! bicolor 2897 1
! bouvier 1186 2
! bastelt 971 2
! beothuk 1416 2
! botulin 3151 1
! brutish 4749 1
! bastion 428 1
! blister 3813 1 3063 1 3462 1 3125 1 2014 3 2798 3 728 1
! brought 3 1
! burlars 1526 2
! binutil 4694 2
! bleskiv 1661 2 3413 2 1438 2
! basiert 3141 1
! belgiqu 765 1
! berkley 4072 1 4063 1 3880 1
! bookcov 89 1
! borowik 3765 1
! bureaus 3950 1 2952 2 654 2 504 1
! bayonet 733 3 708 2
! billiot 499 2
! baptism 3679 1 3663 1 1823 1 2865 1 1820 1
! brochur 381 1
! baithiy 1190 1
! bohrium 2585 1
! biometr 1621 2
! bringup 4715 1
! biomatt 2952 3
! browski 890 2
! betroth 2877 1
! barroom 1306 3
! biscuit 4120 2 3471 1 4196 5 3350 2 3552 4 1645 6 3553 1 1438 2 4869 5 1695 9 1644 2 4171 1 3231 2 1370 8 1605 2 1500 1 1661 1 2857 2 4361 1 1595 11 4180 1 796 1 1716 4 1696 9 2179 4 2561 1 3573 12
! biljett 4690 1 4689 1
! baloney 4688 1 1648 2
! burgess 593 3
! bartool 206 1
! borulko 4696 1
! bariton 4575 1 3110 1
! bittern 2897 5
! baturin 3602 1
! bentzen 4582 2
! bortasp 4693 1
! banquet 3145 1 3025 1
! belittl 4582 1 2323 1 4584 1 1884 2 1306 1
! boivent 824 1 796 1
! bolster 249 1
! byorgey 1038 2
! bulghur 3800 7 2296 1
! bravazo 242 1
! ballist 4859 3 739 1 2341 2 740 1 2888 1 573 1
! brigitt 4671 1 3701 1
! beeswax 3663 1
! bekommt 4869 1 972 1
! berfoto 4439 1
! bonsoir 3156 1
! bennett 3213 1 1864 1
! bismuth 2695 1 2585 1
! bristol 1838 1 1492 1
! bjorkum 4697 1
! baguett 3395 2 1930 2 3231 3 2551 4 1806 2 798 2
! buoyant 3339 1 1571 1
! bedawyn 4750 2 1955 4
! banastr 572 1
! bellevu 2392 1
! baltzer 4697 1
! babysit 4603 1
! bassoon 3110 1
! bresson 4760 1 4031 2
! bringst 1890 1 997 1
! bravest 4012 1
! bishopr 3638 1
! booster 251 1
! bouquin 799 3
! britney 969 5
! bersatu 899 1
! bureaux 504 1
! bootiso 4715 1
! belarus 2003 1 765 1 1040 1 4021 2 3160 2 667 2
! browser 157 6 431 1 483 1 391 2 491 2 444 5 115 1 162 2 484 2 163 4 398 2 88 1 417 7 302 1 423 3 169 1 216 24 173 1 165 2 418 6 213 2 374 1 330 1 422 9 158 7
! bosqujo 4239 1
! bretton 573 2
! bulldoz 4669 1 2875 1
! burster 2698 1
! blossom 4775 1 4748 1 3069 1 3025 1 2952 1 736 1 4669 1 2865 1 2340 1 2753 1 2258 1 2081 1 1681 3
! boisson 2677 1 796 1
! brayton 2466 1 2464 2
! boulton 1087 1
! bulbous 1958 1
! braxton 708 1
! blouson 798 2
! brouwer 3450 2
! burrito 3745 5 2226 1 2096 2 1964 2 1959 2 1595 2 1661 2 1604 2 1648 1 3473 2 1614 2
! bmatrix 4375 6 3730 4 956 12 4889 12 604 10
! bounton 4500 2
! burnett 593 1
! brunett 1497 9 972 1 970 1 963 1
! bequest 3018 3
! bonjour 404 2 214 1 142 3
! benelux 4669 1
! berduqu 2403 1
! burgoyn 572 7
! baptist 3900 2 3879 3 736 1 3866 2 709 1 2865 5 4755 2 740 2 570 3
! brixton 2881 1
! boletus 3765 1
! betritt 2246 1
! bertrum 1310 2
! boycott 740 11 733 1 571 2
! biophys 2775 1 2382 1 1114 1
! botryti 4368 1 2338 2 2026 2
! busybox 3922 1 1829 1
! benzoyl 916 1
! beritus 3026 1 3021 1
! batruun 3026 1
! boutiqu 3979 1 798 2
! benkyou 379 5
! burnout 3945 1
! bartosz 3916 1
! berytus 3025 1 3026 12 3021 4
! bayruut 3026 1
! benutzt 1513 1
! bailabai 1516 1
! bonehead 49 1
! barbacoa 3394 1
! baalbeck 3026 1 3021 2
! bailaban 1516 1
! badghaan 3026 1
! bigrabid 2181 3 2178 3
! beccaria 4790 2
! baseband 2698 2
! bhagavad 2340 1 2327 6 2323 62 1740 12 2311 26 1739 1 2214 3
! breakabl 398 1
! beliebig 4696 1 4159 1 1513 1
! bilamana 842 1
! basilica 3638 1
! brodnica 890 1
! benefici 253 1
! blockabl 4870 1
! brahmana 2323 2
! blackcap 2897 1
! beberapa 898 1 899 1 839 1
! backpack 142 1
! bolehkah 4439 2
! brodribb 3145 1
! barbella 142 1
! bernicla 2897 1
! bigdecim 431 2
! belakang 840 2
! baseload 2954 1 2717 1
! bahamian 142 3
! beringia 843 1
! braddock 571 6
! barbilla 4720 1
! bibimbap 4839 3
! backspac 163 1 48 1 47 1
! boekbind 3647 1
! brassica 2152 1 2492 1 2338 4 2151 3 2090 4 2088 3 2026 1 2025 6 2430 3 1902 2 2087 5
! bulgaria 248 1 252 1 142 1
! bricolag 724 1
! bechamel 2490 1
! babbelen 1465 1
! briefcas 1628 1 709 1
! biologia 349 1
! bilangan 1134 1
! bebedora 142 1
! birchard 829 1
! buchanan 829 1 4038 2 703 3
! badblock 1574 1
! boeoeian 3020 1
! benefact 4669 1
! beginfig 3107 1 2547 1 3001 1 2456 1 2467 1 2465 1 2996 1 2466 1
! bouchard 3054 9
! bladelik 226 1
! bqzcngja 593 1
! bacteria 358 9 355 4 491 1 353 1 359 2 7 2 352 1 464 2 211 1 349 1 230 2 345 1 200 1 38 2
! backtrac 4694 4
! bermalam 4441 6
! biochemi 209 2
! bohemian 4790 1 3513 1 2897 1 2656 2
! broadsid 571 1
! brakeman 1306 6
! bookbind 142 1
! breiefli 298 1
! bartlebi 2865 1 2555 1
! boingbar 4693 1
! bridgman 4696 1
! buchstab 491 1
! bulfinch 3028 1 1186 1
! beardman 3936 4
! befriend 4063 1 2323 1
! billiard 2890 1 969 1 504 1
! befinden 1178 1 967 1
! befehlen 1513 1
! biennial 2881 1 2430 1
! belgisch 142 1
! batchfil 2291 1
! bdelloid 229 1
! briefing 2865 1
! bacalhau 1595 2
! bellbird 2896 1
! bookname 482 1 373 1
! bombeamo 4258 1 4256 1
! butadien 6 2
! barbauld 4038 1
! bebiendo 3024 1
! basecamp 4736 1
! backlash 3167 1 1899 1
! bernhard 4766 1
! backslid 4062 1
! bondhold 1307 2
! bootload 4715 2 2905 1 4694 2 3524 1 2379 1
! befallen 4062 1
! billymac 1757 2 1324 3 1281 4 920 4 668 2
! beatnick 142 1
! begegnen 2227 1 993 1 1330 1 985 1 825 2 810 1
! beholden 3416 1
! battaani 2560 1
! beaubeav 679 1
! bombelli 682 1
! braincas 4771 1
! brauchen 2106 1 1513 1 810 1
! birkhoff 4697 4 1070 2
! balearen 142 1
! binatang 1032 2
! bioavibl 3621 1
! building 4696 1
! brakemen 1307 2
! bachmann 3213 2
! benedict 4537 1 2052 2 3638 1 572 2 1661 2 1595 2 593 1 1662 2
! bootlegg 736 3
! benchask 4066 1
! bradford 570 1
! biochimi 209 1
! bedoelen 1986 3 1772 2
! barbunja 4978 1
! brockman 4648 1
! branaugh 1504 1
! bavarian 249 1
! backward 154 1 267 1 113 1 83 3 369 1 56 1 342 2 7 1
! beastial 398 1
! bracelet 2340 1 1308 1 3602 1 1307 4 1306 1
! bereiken 4754 1
! beriberi 3621 1 2725 1
! benidict 572 1
! beanshel 3368 1
! brunnich 2897 1
! bivalvia 229 1
! boondock 1199 1
! broccoli 462 1 237 1 200 4
! bilinear 4697 2
! boeswald 2521 1
! bismarck 4790 7 3635 2 728 3
! befunden 1178 1 967 1
! besuchen 2246 1 1777 1
! blackhol 2698 1 2602 1
! bulweria 2897 1
! bednarik 2902 2
! blocklen 4550 4
! benjamin 205 1 201 1
! bilkarta 4689 2
! backyard 4770 1 3243 1 4026 1 1671 1 1624 1
! batavian 3450 1
! betweeen 2841 1
! blackish 3153 1
! boundari 331 1 298 1 251 1 218 1 120 1 96 1
! boucheri 798 4
! bayesian 154 3
! bookself 142 1
! badishep 2560 1
! bomisinc 270 1
! byteclub 3349 2
! bluetail 2897 1
! bugzilla 472 1 160 1
! backlink 393 1 157 9 165 1 40 2
! biconcav 1155 1
! beautifi 4605 1
! bertrand 4104 1 4688 1 3743 1 1872 1
! bestehen 1514 1
! bhagavat 2323 1 1877 2
! bicarbon 3789 3 3302 2 2762 1 2427 1
! biofluid 3620 2
! biograph 165 1
! bookkeep 4066 1 2644 1 1632 1 1497 1 570 1
! blaireau 1199 1
! befindet 1178 1 967 1
! belizean 2523 2
! browsabl 4760 1
! brackish 1996 1
! birthdat 4861 3 1820 1
! barnbarn 4573 1
! bequeath 4416 1 1492 1 1402 1
! bittesch 3004 2
! bucatini 2490 2
! burschik 4812 1
! botswana 3509 1 2016 1 765 2
! benennen 1178 1 967 1
! begegnet 995 1 810 1
! beginnen 1513 1
! bektashi 4958 2
! bidirect 154 2
! blackwel 477 1
! bolivian 3509 2 2875 1
! boeotian 3020 1
! bioengin 1101 1
! beispiel 1514 1 1513 5 1490 1
! basepath 2371 1 2291 1
! bioshock 1864 1
! begrepen 4496 2
! bewilder 2323 1
! brodmann 2804 1
! berggren 3026 1
! bernardo 2882 1
! berstici 591 1
! bangunan 1177 1
! buttefli 1962 1
! bertrend 205 1
! babyhood 4066 1
! bjorkman 1465 1
! busybodi 502 1
! bezoeken 1772 3 1459 3
! breather 444 1
! bodymind 4648 1
! berthold 3701 1
! breviari 1059 1
! boekhoud 4754 2 1497 6
! brattain 2751 1
! bopsulai 3017 4
! bodyself 4648 1
! boostcap 2403 1
! breaksep 1738 2
! belmopan 2680 7 2523 3 1504 6
! berchems 1493 1
! beanburg 2226 2 2095 2
! begonnen 3827 1 1514 1
! bekommen 3004 2 2238 1 1513 1 2396 1 1461 2
! bluebook 4279 1
! bobolink 2897 1
! bradburi 3342 2 2656 2 3250 12 3315 7 3249 4 3319 3
! brighten 2524 1 2089 1 2362 1 2327 1 2323 1 586 1
! bensiini 1267 1
! burgundi 4775 2 1930 1 1921 1
! bukharin 249 2
! boardmaw 4572 2
! besoniar 3439 1
! barberri 974 2
! bhatoora 2560 2
! buddhism 284 1 244 11 373 1 218 1
! brownian 3642 1 2890 2
! blackpol 2897 1
! benjamit 2877 3
! bookinfo 3266 10
! bachelor 4858 2 3937 1 3822 1 3062 2 4206 1 2637 1 4392 1 4810 1 3270 1 2445 1 639 1
! biopharm 3620 1
! burkhiya 4958 1
! bookmark 16 1
! backwood 736 1
! basophil 1155 1
! bilberri 974 2
! berjumpa 4441 3 833 1
! bangalor 3066 2 2560 1
! booklink 940 1
! brittani 3663 1 1930 2 1924 1
! bedauern 2782 1
! bulbaboy 3410 4
! blastula 230 3
! boasting 4668 1
! bilenski 2865 1
! bankomat 4690 1 4689 1
! brilhant 4108 1
! blackbox 4648 2 1575 1 935 1
! bemvindo 4326 1
! babyluck 1971 1
! bibliogr 3021 1
! buitrear 242 1
! bicondit 3745 3
! barailvi 4958 1
! bricklay 2441 1
! borshcht 1366 1
! besseren 3141 1 1513 1
! brethren 4038 1 2865 4 650 2
! biblioth 2343 1 2006 1 809 1 799 2 754 7
! byregion 1447 1
! babygimp 1782 1
! bersicht 3265 1 2230 1 1829 1 1513 1
! backword 1828 1
! baccatum 2096 1
! bellicos 4616 1 3450 1
! birthday 482 1 223 1 50 2
! blitzbas 4215 2
! bennazar 4766 4
! bulwerii 2897 1
! brackets 4697 1
! bienvill 736 1
! bootsman 2006 1
! bluelion 2213 1 1992 1
! backdrop 936 1
! bookstal 1718 1
! betreten 2246 2
! borrador 168 2
! bellulli 2560 1
! bhformat 4694 2
! bolognes 2089 1 4303 2 2023 2
! broadest 4771 1 4584 1 2890 1 2164 1 2057 1 4180 1 1140 1
! basidium 1587 1
! biocrawl 677 1
! banditri 3663 1
! blowfish 1652 2
! bodtanit 3025 1
! bookboon 3847 1
! btharper 2775 4 1743 3
! brigitte 142 1
! berytian 3025 1
! biomimet 3213 1
! buchverk 1736 1
! brighter 444 1
! bearskin 3017 1
! blizzard 4669 1
! biharmon 4696 2
! boilerpl 417 1 235 1 113 1 151 2 56 6 16 1
! beatitud 3019 1
! bulletin 272 1 171 2 410 2 220 2 145 2
! barbarum 974 1
! brackett 4052 1
! boslough 4582 2
! bareword 3041 2
! biospher 3096 3 1114 1 1040 8 1025 1
! basement 280 1
! bandpass 4112 1
! bookimpl 4971 8
! braeburn 2150 1
! bandwith 444 2
! besserat 3149 2
! berkeley 40 1 38 1 142 1 27 2 12 1
! behavori 2334 1
! bopomofo 4007 1 3057 1 3053 2 3016 2
! bdellium 504 1
! banditti 504 1
! basketri 2875 1 4744 1 2044 2 1978 4
! bereitet 2782 1
! bnddhist 2327 1
! broadway 4694 1 4693 10
! bioactiv 1931 1
! barnhart 4766 1
! baskouta 4697 1
! bagotski 2403 1
! bauernfr 2561 1
! bonapart 4790 4 3635 2 3054 1 2897 1 1876 1
! babyship 4066 1
! bethoven 1573 1
! bereshit 4583 3
! biocenos 3096 1
! bieslook 2436 1
! brudnopi 142 2
! budapest 4649 1
! bolsillo 3192 1
! behavior 472 1 216 1 356 2 158 1 217 1 148 1 225 1 154 1 142 3 50 2 165 5 6 1 54 1
! baseless 3230 1 2327 1 3013 1 2323 1 573 1
! burrough 265 2
! bookhtml 3449 1
! biphosph 1301 2
! bukuwiki 830 1
! buddhist 282 1 142 3
! bccompon 2403 1
! berstuna 591 1
! bahnstat 2246 1
! bedeutet 1513 1 1285 1
! basefont 2732 1
! bennetti 2158 1
! bisshori 4432 1
! beginsvg 3203 3
! bouillon 3573 2 3298 4 2762 1 1349 1
! basswood 2930 4
! benvolio 3785 1
! boneless 2462 2 3339 2 2360 2 1607 1 2179 1 2049 2 2197 3
! barefoot 3638 1
! bordeaux 3919 1 2605 1
! bernouli 2571 1
! brainwav 2804 2 2322 1 1591 2
! biphenyl 7 1
! brierley 2775 1
! bearsoft 4693 2
! brownish 142 1
! bknelson 752 1
! bullshit 142 4
! bungalow 1307 1
! bisector 3287 2 1350 2
! bennylin 3619 1
! basejump 444 2
! byzantin 4775 2 4761 1 4416 1 3019 9 3042 1 3647 1 3118 2 2865 1 3026 1 3025 1 3024 1 2441 1 3021 2 3638 5 1845 1
! biocentr 4648 1
! boghaunt 2874 1
! blaberus 3213 2
! brezhnev 3635 2
! bookshop 221 3
! bathroom 371 2 280 2
! brokenun 924 4
! besought 3025 2 3023 1 1096 2
! bithorax 2164 2
! blueness 4668 1 4066 1 3024 1
! brunnero 4693 1
! barbizon 4761 1
! beaucoup 798 1 807 1 797 1 1044 1 754 1
! biorobot 3213 1
! beechnut 1979 1
! bronchus 4669 1
! baltimor 653 1 2897 1 709 2 2865 1 3320 11 570 2
! backhous 4528 2
! bolpenmu 835 1
! boudinot 593 2
! bienvenu 3514 1 1862 1 1861 1
! booktitl 3449 1 1680 2
! bytheway 4523 2 1021 2
! bacillus 3663 1 2015 2
! bodycont 4674 3 4463 7 3906 14 4159 1 3982 2 3735 1
! brinster 4582 2
! bootmenu 4693 1
! bipartit 447 6
! blackout 3267 2 708 1
! botanist 3879 1 2416 1 3876 1 3873 1 1398 2 4756 2 2882 1 519 1 1140 1 4766 2 1040 2 510 1 1377 1 508 2 2528 1 614 3 509 2
! bhojpuri 2560 4
! bubulcus 2897 1
! berhaupt 1513 1 1686 2 1066 2
! business 142 1
! breakout 3945 8
! blapunkt 4748 2
! blomkruk 4690 1
! bestimmt 4341 1 1736 2 992 1 825 1
! bsaffuur 3026 1
! beaufort 3015 1
! bengston 4672 4 4474 2
! baseslot 4715 1
! badclust 2379 1
! bassanus 2897 1
! borlotti 1964 2 1902 2
! blocksiz 3041 1 1574 3
! barbitur 359 2
! burpless 2248 1
! bergston 4672 1
! boerewor 4132 5 3554 2 2085 2 4131 2 3393 2 4130 1 1595 2 2200 2 1605 2
! backport 4693 3
! bartlett 411 1 398 2
! benutzen 1513 2
! bastelst 971 1
! backissu 4619 1
! brenston 740 2
! basiorum 584 2
! bekommst 3815 2 3004 1
! brooklyn 3028 1 2881 1 1599 1
! bookesqu 330 1
! burhinus 2897 1
! brunetto 3663 2
! bottomnr 4712 1
! broshuro 4831 1
! blogspot 4693 7 3893 1 4170 1 4235 1 3861 1 3602 1 3372 2 3320 2 3265 1 4714 1 4185 2 3116 1 4050 1 2279 1 1727 1 752 1 1419 1 1361 1 1305 1 1283 1 1027 2
! butlerov 12 1
! behistun 2340 1
! beetroot 2561 1 2548 2 1902 1
! bertilow 4740 1
! browserr 444 1
! buzzword 298 1
! bosworth 2780 1 2779 1
! beauport 571 1
! briquett 2566 3
! bookstor 482 1 282 1 222 1
! buttress 4072 2 3647 4 4063 2 3638 3
! barrymor 736 1
! bankrupt 4714 1 2881 1 3011 1 2780 1 3010 1 1802 1 1307 1
! boyscout 3110 1 2013 2
! bestrown 4066 1
! brutorum 2334 1
! botaurus 2897 2
! bryophyt 2543 1 2542 3
! brownout 3267 1
! beschaafd 1320 1
! broadband 4860 1 3920 1 4693 1 4498 2 3059 15 2767 1 2321 1
! branddobb 3616 1 3427 1
! balalaika 890 1
! bipedalia 583 1
! blockcalc 1245 1
! blackjack 2353 1
! broadbean 4092 2 1964 1 1595 2
! bagaimana 1032 1 842 2 830 1
! berbahasa 4443 1 4441 1 4440 1 4439 2
! berbicara 4443 2 4442 3 4439 6 4441 2 1371 1
! boccaccio 4775 2
! bucephala 2897 3
! beachcomb 4673 1
! biochemia 209 1
! bertambah 898 1
! brainhack 2210 2 1585 2
! biodegrad 3096 1 1549 1
! brachiali 1162 1
! breathabl 3125 2
! bettacchi 2403 1
! backspace 1575 1
! blackbodi 2104 1
! burhinida 2897 1
! bigbranch 3420 6 3345 15
! breakneck 2822 1
! bondadita 3192 1
! belladona 3739 1
! biomechan 3213 2
! bicicleta 254 1 242 1
! blattodea 2811 2 2263 2 2130 1 2114 2
! blackbird 3350 1 2897 1 2317 1
! brillianc 4999 1 2369 1 1739 2 2327 1 2323 1 593 1
! blackmail 4765 1 1310 3 1312 2 1309 1 736 1 1308 1 1307 2 735 1
! brauchbar 1514 1
! bootmanag 4693 3
! barbarian 4613 2 3663 1 3647 1 2340 2 3638 2 4636 1 4416 5 3635 1
! basketbal 398 1
! bailarina 3581 1 3193 1
! beladonna 3739 1
! biosearch 1186 2
! billboard 3979 1 1591 1 1403 1 1078 1 740 1
! birthplac 3320 1 3026 1 2883 1 709 1 1820 1 2632 1 722 1
! bendjamen 205 1
! bartramia 2897 1
! begriffen 2447 1
! bullfinch 2897 1
! bytesread 3363 3
! barcelona 223 2
! bratapfel 4869 1
! bismillah 2865 1
! brannigan 1870 1
! brincando 1519 1
! blindfold 4601 1 1310 1 793 2
! bepergian 1032 2
! bashkiria 2393 1
! britannia 4066 1 3021 1
! bylanguag 3483 1
! backtrack 4874 1 4372 5 4365 5
! bootedcat 4906 2
! buushhaao 2864 1
! bulgarian 307 2
! brittania 4416 1
! bischoffl 4693 1
! bookmatch 2930 2
! betularia 2164 1
! browseabl 223 1
! beitragen 4268 1
! beauchamp 1044 1
! babelfish 444 1 396 1
! brahmanas 2323 1
! baudelair 4582 1
! bromelain 211 1
! bersenang 4442 3
! brithenig 4616 3
! butanedio 4784 1 4051 2
! benchmark 218 3 217 1
! breathing 2327 1
! bandstand 740 1
! brumbaugh 3736 2 1554 2
! babylonia 4669 1 3026 1 3023 1 3025 1 2865 1
! biodiesel 3230 1 2952 3
! bovendien 1816 1
! bookshelf 492 5 491 1 434 8 93 7 225 5 56 1 309 2 397 1 142 5
! blackrock 4066 1
! brainfuck 142 15
! basketmak 2879 1
! blasphemi 4063 1
! bertragen 142 1
! blackbook 1782 1
! bibleinfo 2865 2
! biographi 142 1 221 1 56 1
! brahmavih 3023 1
! buzurgaan 4958 1
! bograchev 2403 1
! brazilian 285 1 253 2
! breathtak 4765 1
! bloomberg 3010 2
! bindusara 2340 1
! bipyramid 3626 4
! boyfriend 242 1
! battclock 4694 2
! beersheva 2873 1
! behandelt 1513 1
! baccalaur 492 1
! bermensch 4790 1
! belastbar 1513 1
! bramaugau 202 1
! backslash 431 2 281 1 48 1 47 1
! brockmann 1424 2
! biogenesi 1120 1
! beginning 4668 1
! birefring 3343 8 2828 2
! browsebar 220 1
! baalhanno 3025 3
! bodybuild 142 1
! broadcast 427 1
! boulevard 4096 1 3059 1 3024 1 1872 1
! bibiophil 3053 1
! buearcrat 428 1
! badehosen 2106 2
! berglundh 4693 1
! blackwing 4651 1
! biomagnet 2804 2
! bodyguard 1309 1 736 1
! believing 4673 1
! buckwheat 4251 1 2675 2 2340 1 2560 2 2490 1 2027 2 4839 1 1924 2
! benvenido 3236 1
! balneolog 3751 4 1554 1
! bigheadus 4584 6 4582 4
! bestellen 1513 1
! bolognais 2089 1
! beanstalk 1652 2
! begrijpen 4754 2
! bronchiol 1157 1
! begindocu 4279 4
! ballspiel 997 2 992 1
! bandwagon 1307 1 740 1
! bearberri 2471 1 974 2
! beconvinc 2865 2
! bijective 318 1
! bubblegum 4454 1
! bwikibook 271 1
! beitscher 3544 1 828 1
! breakfast 254 6
! bibliotek 4270 1
! buterbrod 2006 1
! bronchiti 4297 1
! biangular 1350 1
! basysakta 258 1
! bandwidth 389 2
! bridgewat 4066 2
! beyondlog 4183 1 3945 1 3861 1
! bennedikt 3701 1
! bulterman 2322 1
! blueberri 462 1
! bedienung 3004 3
! bierwisch 4650 1 4649 1
! bearocrat 2083 1
! bermorgen 4586 1 3887 2
! babelprog 396 1
! believeth 2865 14
! butterfli 242 1
! beiyiyang 3016 1
! binocular 4771 1 3759 5
! bitstream 3982 2 3602 1
! bitbucket 3372 1
! bloggernl 3827 1
! borderlin 167 1
! brainwash 740 1
! bsdsocket 4694 9
! backstair 504 1
! basicform 1490 1
! blbatteri 4377 1
! backgroud 1573 1
! betavolta 4697 1
! bhrusunga 2560 1
! bimodular 4697 2
! brilliant 428 2 249 1 162 1 413 1 398 5 158 1
! breakaway 4616 1 709 1
! bibliodiv 3266 1
! bioelectr 2755 1
! bioeconom 142 2
! basolater 3789 1
! butterfat 2909 1 2051 3
! battalion 3054 1 709 1 703 2
! bolshevik 249 2 246 1
! breastbon 226 1
! benzedrin 3059 1
! beilstein 568 1
! blueshift 4697 1
! bipyridin 7 5
! bisection 4668 1
! blackburn 1556 1
! blquizmak 444 1
! bookopamp 2774 1
! brachyura 2130 1
! blameless 2323 1 1883 1
! boatswain 2006 1
! bletchley 1628 2
! birdstudi 1978 1
! breakdown 453 2 398 3 211 1 359 1 390 1 175 1
! brokentim 1107 1
! blackfoot 4648 2 4651 1 2471 2 1416 1
! biyokimya 209 1
! brunswick 2523 2 703 1 1416 4 571 1
! beardless 2865 1
! breakless 4998 1
! blackness 4668 1
! brasswind 3110 1
! bjarmason 4674 1 2161 1
! baraquish 2865 1
! beethoven 4545 2 3453 3
! berkelium 2585 1
! bernstein 1185 1 593 1
! babington 1628 1
! brianpass 4653 1
! blowtorch 1439 1
! blacklist 180 1
! bronstein 4696 1 4319 2 3775 1
! bornstein 3296 4
! barberess 504 1
! baskervil 504 2
! bloodiest 739 1 3098 1 708 2
! bernoulli 4630 1 4702 2 2117 11 4805 1 1571 5 2571 1 1324 1
! blindness 4668 1
! bourgeois 3965 1 1930 1
! bladerunn 282 1
! boardroom 4673 1
! baalyaton 3025 1
! bluegrass 3123 1 3110 1 2935 2
! brainstat 1591 2
! bleistift 943 1
! bookshelv 492 2 434 2 411 2 225 1 93 2
! burdensom 2327 1
! blackcurr 462 2
! bloodless 4648 1 2781 1 4790 4 570 1
! bordeliqu 1199 1
! boltzmann 3119 2 2554 1 3680 1 3445 1 965 1
! brianluft 1262 6 1260 1
! bacterium 358 6 353 2
! boundless 2363 3 1307 1
! bibliomix 3266 2
! bedeutung 2238 1 1513 1
! bizantino 3024 1
! bodeshmun 3025 2
! beloperon 2852 1
! badminton 4669 1 3757 1
! botanytoc 1887 1 1398 1 2542 1 1587 1 1173 1 510 1 556 1 614 1 1377 1 1388 1 2543 1 519 1 509 1
! borrowing 4668 1
! bytearray 4119 1
! bickerton 4649 5
! blocklist 1245 2 1219 1
! byproduct 465 1
! blackston 4072 1 4063 1
! behauptet 1285 1
! broadston 3017 1
! blusterer 4668 1
! bjorksten 3016 1
! ballpoint 1748 1 1376 1 799 1
! bottomnav 3372 1
! buckthorn 974 1
! biodivers 4672 1 3320 1 3096 1
! bronzewar 4480 1
! backstori 4619 1
! biologiqu 3965 1
! bluebottl 1424 1
! baelfruit 462 1
! brightest 4648 1
! bluetooth 3045 1 4693 1 2698 1 2321 2
! bollywood 2881 1
! broughton 4648 1
! biologist 487 2 309 1 356 2 231 1 225 2
! barycentr 3889 2
! billkress 3778 4
! brandywin 572 1
! brinkster 1186 1 830 1
! bryophyta 2542 3 2169 1 2130 1
! beschloss 827 1
! bravehost 1027 1
! beryllium 4053 3 3626 5 2585 1
! bootstrap 4715 1
! brainwork 4584 1
! bottlenos 4610 1
! biorhythm 2538 1 1591 1
! buckboost 3267 1
! bromonium 6 1
! bolpoinmu 835 1
! buckminst 2211 1 1872 1
! behaviour 186 3 175 1 165 2 398 1 266 1 6 1
! blueprint 4688 3 4903 1 3847 1 4025 1 2865 1 1131 1
! burlywood 2114 7
! busukxuan 1290 4
! botulinum 2197 2
! bijugatus 974 1
! bundysoft 4610 2
! beyondunr 4184 1
! byzantium 3638 3 4416 1 3246 1 3647 2 722 2
! berzelius 12 3
! benvingut 3564 1 3180 1
! bisymmetr 226 1
! bergstrom 3016 1
! backronym 2320 2
! bluntness 4668 1
! belowzero 2632 1
! blastopor 231 2
! brushwork 2291 3
! blockquot 416 2 342 2 202 2 263 2 183 4 498 4 25 3 121 2 6 6
! billqvist 3592 1
! betterstr 4694 1
! bosphorus 3638 1
! butternut 4515 2 3379 1 1968 15 1902 3
! bridgehead 3266 1
! bufflehead 2897 1
! barnealdea 754 1
! bratwurst 2561 1 3815 4 2200 5 3004 1 1419 7
! bahacademi 2865 1
! biochimica 142 1
! blutwurst 2561 1
! brachiaria 1752 1
! blackadder 2503 1
! bendakaaya 2560 1
! bharadwaja 2882 1
! biblioteca 224 1
! binnengaan 4496 1
! breastfeed 3620 1
! blackboard 207 4
! britannica 4759 1 3144 1 1186 2 3023 1 2865 110 2772 1
! brindefalk 1591 1
! biological 4697 2
! bienvenida 56 1
! bacteremia 3789 1
! bouncescal 2295 1
! berkenalan 4442 1
! bangladesh 4158 1 765 2 4021 1 3166 2 2865 2 2340 1
! beauregard 708 5
! bersalaman 4442 2
! berwiegend 1513 1
! belladonna 3739 2
! bielenberg 1192 2
! biomedicin 4437 1 2015 1
! bupivacain 7 1
! beurocraci 165 1
! bombycilla 2897 1
! baskunchak 462 1
! bibliofind 1684 1
! bcvbcvbcvb 142 1
! bimaculata 2897 1
! borderland 2872 1
! booksearch 2757 1
! bordetella 2443 1
! blackguard 1306 1
! buchenwald 739 2
! brasileira 3499 1
! bouncegrid 2295 1
! batpharoah 2865 1
! birmingham 3266 1 2952 1 2767 1 2698 1
! brownfield 3096 3
! blackfriar 1402 1
! binarydata 3041 1
! basteleien 142 1
! beijerinck 1398 1
! budgerigar 4690 1
! bottleneck 4649 1 4647 1 3830 1 4498 1 3773 2 2772 1 2164 1
! breadcrumb 4059 1 1394 2 1723 1 2688 1 2226 2 966 1 687 3
! boncinelli 4582 4
! barthelemi 2416 1
! buprestida 2174 1
! bladderpod 2471 6
! bearbeiten 1513 1
! blackberri 4454 1 3151 1 1057 2 4368 20 4367 1 3069 1 974 3
! backpackit 4619 1
! bicicletta 1446 1 1444 1
! brigadeiro 1810 2 1595 2
! benedictin 3638 1 502 1
! beispielen 116 1
! boulangeri 3921 1 798 3 724 1
! brazillian 3565 1
! brouillard 939 2
! bootloader 4715 1
! boxesmatch 4696 1
! bibliothek 2232 1 1500 1 1490 1 995 1 985 2
! babylonina 2865 1
! broccolini 2338 2 2026 2 1902 2
! baumkuchen 4869 1
! biblelatin 494 1
! bengalensi 2897 1
! bytesavail 4279 1
! bioalcohol 2952 1
! bienvenido 164 1
! bromoethan 568 2
! babylonian 485 1 253 1 244 1
! britannien 993 3
! bandspelar 4690 1
! besonderen 1514 1 1513 1
! basicament 56 1
! bluefoxici 3265 6 2225 3
! biblioteki 2343 1
! bunchberri 2471 2
! blastocoel 231 1
! baskettail 2874 4
! bibliophil 125 1
! beavertail 2471 2
! behandlung 1514 1 1513 1
! baselength 3304 1
! barramundi 2726 2
! bildschirm 1513 1
! bcbersicht 3187 1
! brihaspati 3023 3
! bruschetta 2159 2 1806 2 1595 4
! boterkoekj 1493 1
! biologypag 453 2
! bodyforlif 1594 2
! borohydrid 6 1
! byteflight 4873 2
! bolingbrok 4038 2 2855 1 2779 2 1764 1
! beurteilen 1285 1
! benefactor 4958 1 4668 1 3638 1 504 1
! bureaucrat 427 7 249 1 415 2 160 3 221 1 56 8
! beaubassin 571 1
! blitzkrieg 4811 1 3673 2 739 1
! barbarossa 3026 1
! belarusian 405 1
! biomolecul 210 2 7 1
! bloodstain 2323 1
! boxingwear 221 1
! befreundet 2609 1
! bloodhound 2616 1
! beaverpond 2874 2
! bauelement 2288 1
! blacksmith 249 1
! blisstonia 3600 1
! bescherung 4869 1
! bijwoorden 1713 1 1710 1
! blossfeldt 4031 2
! barkhausen 2698 1
! beinhaltet 973 1
! brasileiro 4576 1
! baraddress 2669 5
! biblestudi 2865 1
! bltopicsub 1085 1
! bmihajlovi 4385 1
! background 0 3
! butterfish 4841 1
! berstimmen 1513 1
! bourgeoisi 246 2
! bizcochito 1614 2
! basquetbol 1532 1
! buttermilk 4515 3 4123 2 3738 3 3302 2 1724 3 3231 1 3543 3 2674 2 4995 4 3230 2 1595 2
! belorusian 307 2
! bikecompon 1447 2
! battleship 251 2 248 1
! buitenspel 1816 1
! blackstrap 2672 2
! bakingpowd 2115 1
! beherrscht 2782 1
! biochemist 210 1 12 1
! bodmelqart 3025 5
! belorussia 739 1
! biconditon 3745 1
! birthright 4583 1 1311 1
! brettspiel 4427 1 2317 1
! boldsymbol 3977 2 3348 8 1261 4 977 2 3386 22 1010 1 1069 4 962 13
! berlusconi 1870 1
! bottomleft 4674 1 3768 6 3735 4 4159 1 3576 3 3571 1 3569 1
! breastplat 2179 2
! breadfruit 462 1
! bankruptci 2900 1 655 1 2786 1 1307 1 702 1 4790 1 709 1 649 1 646 1
! baskervill 3999 1 3927 1
! burburinho 3499 1
! barbershop 3123 1
! blacksquar 4430 10
! bibliomset 3266 4
! blackshirt 249 5
! bluethroat 2897 1
! bodashtart 3025 2
! broccoflow 2338 2 2088 4 2026 2 1902 4
! baloncesto 1532 1
! berzeugung 3141 1
! breakpoint 4694 1 3944 5
! borderless 4648 1
! beisteuern 1514 1
! bridgeport 2952 1 1428 1
! bournoulli 4805 1
! bartolomeu 722 1
! blockcount 1574 1
! britanniqu 765 1
! baratzkosh 2565 1
! buonarroti 722 1
! bubblesort 4215 31
! bitterness 4668 1
! blibrestez 3368 3
! botyanszki 3483 1
! bottomless 4180 1
! brotherlov 1307 1
! brainstorm 135 1
! busconvers 4324 1
! bersetzung 2782 1 1200 1 1500 1 917 1 993 2 963 1 997 1 810 1 825 1
! burstynski 3061 1
! bouquinist 2006 1
! blprevious 2328 1
! balloonguy 1372 1
! bratwurstf 1947 1
! bullercruz 4748 1
! brassicacea 2025 1 1974 1
! beansprout 1902 1
! beleefdheid 1772 1
! butterwort 2164 1
! brahmananda 2327 3 2323 5 1740 4
! bolitaenida 2130 1
! bunmeikaika 3350 1
! bostrichida 2174 1
! basiaeschna 2874 1
! bibliomania 1186 1
! brihadratha 2340 1
! bureaucraci 4790 1 4775 1 4673 1 4404 1 2325 1 722 1 1866 1 843 1 3663 1
! beneficiari 3145 1
! battlefield 3923 1 3098 1 2311 2 2214 4 1884 2 1879 2 739 1 2323 25 728 1 708 2 572 1
! bbccbbgenet 2729 1
! beschreiben 1514 2 1513 1
! bangladeshi 2929 1
! bereskanlah 898 1
! brachiopoda 229 1
! breckenridg 703 2 574 2
! browniebear 3265 5
! brokenclear 4119 2
! bhendekaayi 2560 1
! badarayanam 2323 1
! breckinridg 829 1
! buttonlabel 4604 1 4194 1 4187 1
! benevolence 4668 1
! berschaubar 2238 1
! bestehenden 1736 1
! boulderdash 3045 1
! biblebeliev 2865 1
! brahmabindu 2323 1
! breadbasket 2340 1
! baalshillek 3025 1
! bradpatrick 2161 2
! bibliograph 4505 1 3055 1 4470 2 3029 2 3266 2 3054 1 3028 2 3027 1 2865 1
! buttercream 1438 2
! bellissaria 2865 1
! biletnikoff 3759 1
! bumbleberri 1438 2
! basidiocarp 1145 4
! bijvoeglijk 1713 3 1710 1
! biomathemat 1114 1
! ballspielen 997 2 992 1
! bimolecular 28 1 6 2
! blocklength 4550 1
! bromomethan 568 1
! bristletail 2811 2 2130 1 2114 2
! bodothiesen 4341 1
! bugliarello 4584 1
! brotherhood 3023 1 3694 1 2164 3 1307 2 990 1
! balochistan 2340 1
! besprechung 1513 1
! bloodstream 3620 3 2287 2 3789 3 2014 1
! bottenbruch 397 1
! brickelbush 2471 2
! buschhausen 3265 4
! bhagavantau 2323 1 1877 2
! brasiliensi 1789 1 1752 1
! bacteriolog 2015 2 1114 1
! beluchistan 3023 1
! biomedcentr 4437 2
! berspringen 1513 1
! bemerkungen 3026 1
! bezittelijk 1713 2 1710 1
! biochemisri 2775 1
! boysenberri 4368 1 4367 1 974 2
! bookmarklet 3958 1
! barrierensi 2896 1
! buchhaltung 1192 1 985 2
! besorgungen 2106 3
! businessman 282 1
! biochemisti 2775 1
! bertelsmann 1504 7
! belarussian 249 1
! bioinformat 225 2 212 1 209 1
! brittlebush 2471 2
! businessmen 2952 1 2327 1 936 1 4673 1 735 1 1459 1 733 2 1308 2 993 1
! brahmasutra 2323 1
! boatconform 129 1
! bordercolor 83 1
! buttonquail 2108 1
! bersunberti 591 1
! biographiqu 142 2
! belorussian 2134 1
! briefscript 4616 1
! bourguignon 4301 1 3928 2
! bittergourd 2560 1
! boguslavski 4696 1
! bitprotocol 4873 1
! biosynthesi 509 3
! baritonesax 4575 1
! bottomright 4674 1 3768 5 3735 4 4159 1 3576 3 3571 1 3569 1
! battlecruis 251 1
! bloggingmus 3482 1
! bloomington 144 2
! bartholomew 4790 2 4760 1 4066 1
! brittleness 4668 1
! backcountri 3125 2
! bittercress 2471 2
! bittersweet 3739 1 3310 3 3245 1
! bromotoluen 369 1
! benzonitril 369 4
! basidiospor 1145 3
! bersunstuna 591 1
! buildsystem 4715 9
! biolinguist 4650 1
! behaviorist 2334 5
! blockiptext 1245 2
! brassicaceae 1752 1
! butterworth 4647 1 2813 2
! bleichenbach 2967 2
! beleefdheden 1772 1
! bregenwurst 2561 1
! bufferedread 3363 2
! brevistylus 2874 1
! bombycillida 2897 1
! brotherbobbi 3938 4
! bearingbreak 56 2
! botanicalnam 1752 1
! branchiopoda 2261 2
! brachycephal 3022 1
! bicylcoalkan 916 1
! bogdangiusca 1971 1 1472 2
! boingiconbar 4693 1
! brahmacharya 2323 1
! bangaladumpa 2560 1
! bicycloalkan 129 1
! bacteriophag 358 1 355 1
! bduttabaruah 1179 1
! balloonboard 4378 1
! bibliographi 265 1 154 1 149 1 142 3 41 2
! brandstofcel 2954 1
! betrekkelijk 1710 1
! beschreibung 1514 1 1513 1
! blackburnian 2897 1
! braunschweig 4696 1 2200 1
! biggerheadus 4584 2 4582 2
! bouillabaiss 2162 2 1930 2 1595 2
! booyabazooka 4718 1 4907 4 3647 1
! buffaloberri 974 2
! balaenoptera 2133 1
! beznadziejni 890 1
! blphrasebook 2328 1
! bookcategori 470 1 283 1
! bangiomorpha 1388 1
! biotechnolog 225 1
! bundesarchiv 3635 1
! booktemplate 2628 1
! brahmanspati 3023 1
! butterkuchen 2561 1
! barenarkenti 4608 1
! bugfreiesten 1513 1
! biblegateway 337 1
! brinkmanship 573 1
! booksfactori 4759 2
! butterscotch 1924 2
! beherrschung 2782 3
! bersicystici 591 1
! borkborkbork 1059 1
! basidiomycet 1145 2
! bersicyberti 591 1
! backyardpool 754 1
! boardofstudi 1064 1
! breakthrough 248 1 25 1
! benefactress 504 1
! biopsycholog 1415 1
! battleground 221 3
! backwoodshom 1928 1
! biochemistri 459 1 456 1 452 1 342 9 212 1 358 1 343 1 366 1 211 9 359 1 221 1 12 1 210 15 225 1 455 1 453 20 16 2 454 1 17 1 7 1
! beginwriteln 142 1
! baygenamfmsw 4377 1
! beeinflussen 1513 1
! banzaimonkey 4529 2 4500 26 3042 1
! butyrolacton 2403 3
! bibliotekarz 142 1
! beginresourc 4279 1
! bourguignonn 1930 6
! belteshazzar 1494 4
! brainstormin 398 1
! benutzerseit 4268 1
! beispieltext 2782 1
! beizusteuern 1514 1
! beantwortung 2782 1
! behaviourist 2334 1
! brachypterus 2158 2
! bischofssitz 1178 2 967 2
! bankinstitut 963 2
