! na 379 17 475 2 123 2 307 1 142 1 354 1 147 1 24 3 244 2 365 1 204 1 6 2 358 1
! nb 303 3
! nc 177 1 165 1
! nd 499 3 358 1 198 7 183 1 340 1 496 17 166 2 56 1
! ne 330 3 458 1 481 1 404 1 318 1 272 1 148 1 194 1 57 1 402 6 193 1 147 1 142 3
! nf 3931 1 2559 2 2569 1 4835 7 2593 1 2317 1 2601 1 1842 1 2218 1 4427 1 2403 10 1851 2 1024 2 2246 1 1855 1 2607 1 1848 1 1199 2 3408 1 1844 2 1840 1 3887 3 943 1 825 4 4867 1 2222 1 967 1 4586 1
! ng 276 1 142 1
! ni 402 2 284 1 242 1 406 2 498 5 429 1 194 1 168 4 36 1 166 2 373 2 142 1
! nh 453 2 6 1 369 3 12 4 7 1 26 1
! nj 317 1
! nk 142 1
! nm 359 2 353 21 83 1 7 1
! nl 458 1 403 1 431 1 272 1 283 1 213 1 232 1 209 1 116 1 20 1 112 1 156 1 57 1 494 1 142 39 307 1 192 1 148 1 115 1
! nn 404 1 48 1 142 2 52 1 47 1
! np 428 1 397 1 392 2 135 1
! ns 157 3 152 1
! nr 369 2
! nt 498 9 329 1 321 1
! nu 379 2 304 1 194 1 205 4 402 1 6 4
! nv 4653 1 2952 1 2554 2 1740 1 956 2 591 1
! nw 3755 1 2865 1 591 1
! nx 330 1 260 1
! ny 331 2
! nz 142 1
! naa 4958 1 1190 1
! nab 258 1
! nba 2595 1 1872 1
! nda 379 4
! nca 2214 1
! nac 3145 1
! nbc 3462 1 2952 2
! nfa 4693 1
! nga 4689 2
! nea 337 1
! nad 211 1
! nae 724 1
! nec 4012 5 1628 1
! ncc 2403 2
! ndc 4648 10
! ndd 591 1
! ngb 1748 2
! nia 498 1 406 2
! nce 3450 1 724 1
! ngd 2112 1 1583 1
! nag 499 1 299 1
! nbe 591 1
! ned 4673 1 4648 1
! ngc 1025 1
! nhb 1880 2
! nib 4330 7 4329 1
! nhc 1740 1
! nde 379 4 224 2 222 1 166 1
! nah 405 1 160 1
! nhd 2888 1
! nic 4066 1
! nee 405 2 318 1 142 1
! nge 1808 1 1777 1 1514 1 810 1
! nai 473 4 373 2 205 1 379 4 204 15
! nch 2287 1
! nlc 1186 2
! nsa 4697 5 1636 3 1635 1 1629 1 1628 3
! nmc 176 1
! nie 393 1 142 1
! naj 257 1
! neg 4012 2 4279 3 3334 2
! nak 3872 12
! noc 892 2
! nta 4831 4
! nme 1749 2 1748 3 1405 2
! nke 3701 1 1431 1
! nci 142 2
! nod 3017 2 4066 1 2471 3 504 1
! nif 2505 8
! ngh 1711 9 1414 2 2214 2 1741 5 1418 3 907 1
! nig 3701 1 2609 1 765 1
! nva 4544 1
! nle 1579 2
! neh 3018 2 1258 1 1257 1 2871 1 1256 1
! nfh 2545 1
! nei 4007 1 2666 5 1007 1 2635 2 2625 1 1405 1
! ndk 3372 2
! nih 398 1 38 4
! nya 1133 6 4432 2 927 1 835 3
! nlg 154 1
! nsd 1185 2
! nhi 1740 1 907 3
! ngi 2214 1 1748 4 1580 3
! nne 724 1 4831 1 2636 1 591 1
! nal 4673 2 3152 1 2724 2 1186 1
! nam 1877 2 3057 2 2441 1 4831 1 1565 2 584 2 1431 1 1270 1 765 1 4760 1 4012 1 503 2
! noe 1802 1
! nan 272 1
! nji 1748 1
! nog 4697 1 3827 1 3562 3 1772 3 1713 4
! ncl 3449 1 2865 1
! nyb 4690 1
! nek 4831 2
! nbo 1503 1
! nfl 1872 1
! nkj 142 1
! nnh 1880 1
! nni 1577 1 1267 1
! nyc 282 1 158 2
! ngm 1748 1
! ndn 591 1
! nap 1591 1
! nsf 9 1
! nrg 4693 1
! noh 405 3 404 1
! nik 3701 1 3827 1 1772 6
! nli 4789 2
! nem 4754 1 2469 2
! nim 1012 1
! noi 142 1
! nil 4844 4 4693 21 3978 1 4356 4 2632 2 1699 2 2366 2 1926 2 2327 5 4673 1 3350 1 1652 2 3701 1 954 2
! nen 4831 4 4754 1
! nye 1872 1
! nmk 142 1
! ndo 224 1
! ncp 3606 1
! neo 337 1 123 5 56 1
! ngn 1583 1 1579 9 4690 2 1405 4
! nnj 4431 1
! nar 3053 1
! nbr 4835 2
! nth 4867 2 4696 2 1880 1 4653 1 682 1 590 1 1740 3 3275 1 1024 6 2864 2 2680 1 4601 1 2214 1 1804 2 4863 2
! nti 4391 1 1579 8
! nas 4693 1 2441 3
! nlm 398 1 38 3
! ngo 4868 1 3320 9
! nep 249 5
! nin 765 1
! nuh 242 1
! nok 3003 1
! nom 494 1 142 1
! nat 3026 1 2396 1 1307 2 1677 1 2919 1 1503 1 574 4 1256 1 1040 1 985 1
! nip 2323 1 1038 1 970 1
! nol 4010 1 3071 1 838 1
! nvi 1830 6
! njo 4831 1
! nds 3485 1 3454 4
! nio 4010 1 3499 5 2634 1 2319 4
! nbs 1636 1 2403 1 1628 1
! ncr 2117 1
! neq 458 1 148 3 447 1 57 1
! ner 1595 2
! nau 1186 1 1012 1
! nav 427 2 287 1 331 1 406 2 54 2 208 1 148 2 57 2 260 2 40 1
! nct 113 2
! nes 224 1
! nfr 3149 1
! nnn 3221 2 1573 2
! non 441 2 397 1 342 1 389 1 383 1 477 1 470 1 373 1 267 1 330 1 238 1 473 3 379 5 285 1 322 1 181 1 472 1 331 2 428 5 284 1 311 1 265 1 453 6 175 1 369 1 222 2 363 4 460 3 266 2 263 2 457 1 216 1 260 3 355 1 258 1 211 4 405 2 447 1 253 2 244 1 231 1 227 1 226 3 177 1 417 2 223 5 176 1 204 2 398 9 154 1 105 2 249 1 152 2 149 4 167 2 120 1 157 2 254 1 207 1 160 4 113 5 158 8 499 1 111 1 7 2 298 1 104 1 54 3 151 1 142 23 242 1 48 1 49 1 146 1 484 1 193 1 96 1 123 6 418 1 127 1 27 1 221 2 165 2 359 3 24 3 93 1 12 2 6 1 200 1 297 1 56 8
! nuk 257 1
! nlp 221 2 201 4 154 1
! nbt 3055 1
! nfs 1885 1 3864 1 1851 1 1573 1 2222 3 1782 4 2905 2 1574 2
! nrm 4275 1 3876 1
! ngs 4676 1 1186 1
! nlo 1740 1
! npn 2989 1 2599 2 2589 5
! nir 2698 1
! ngt 2326 1 1882 1 1513 1
! nis 4012 1 754 2 4021 3 4011 1 4418 1 3023 1
! ntm 1509 4
! num 309 7 281 1 142 1 128 1
! net 398 1 169 3 477 2 7 2 492 1 51 1 342 1 221 6 359 1 265 3 223 1 417 2 229 1 160 1 113 1 307 1 222 1 120 1 402 2 208 1 105 6 396 5 397 2 9 3 203 1 56 2 387 1 96 1 49 1 43 1 431 2 237 4 284 1 46 1 337 4 336 2 142 12 48 1 189 1 471 1 83 1 94 1 476 1 282 2 47 1 6 1 99 2 52 1 375 1 427 2 50 1 115 2
! nul 4066 1
! nwl 2403 1
! noo 4648 1 3565 2 2330 1 1256 2 1047 1
! neu 142 1
! nun 402 1 142 1
! ngu 3057 2 1740 1
! ngv 1884 2
! nto 359 1 224 1 168 1
! nxm 2889 1
! nbw 591 1
! nay 373 1
! nmr 2775 1 2094 1 4866 16 916 3
! nit 414 1 402 1 142 10
! nrp 1076 1
! nvn 591 1
! ntn 2865 1
! nmt 93 1 40 3
! new 3 2
! nex 177 1
! niu 830 1
! nos 254 2 237 1 166 1
! npr 2117 1
! ntp 1186 2 1132 1
! nuo 4831 1 3499 1
! nxn 4697 4
! nku 1577 1
! ngw 1580 3
! nps 3098 2 4024 1 2194 2 2089 1
! niv 85 1
! nup 4279 28
! ngx 1580 2 1577 1
! nnt 971 1 1490 1 970 1
! ntr 2214 1 1816 1
! nou 4496 1 1986 2 4102 3 1772 4 1257 5
! npv 56 1
! nrt 4051 2
! nst 3046 2
! nus 562 1
! nts 1885 1
! nix 223 2 142 1 495 1 115 1
! nur 402 1
! nov 4 1
! nnw 591 1
! nrv 1199 1
! nut 200 2 462 1 387 1 142 4
! nuu 1416 1
! nox 612 1 584 1
! nyt 141 1
! noy 2404 1 3733 1 798 1
! nvu 216 1
! nvv 591 1
! nsw 93 1
! nux 3541 1
! ncaa 735 1
! nada 142 1 166 2 56 2
! nccb 2865 1
! ncea 492 3
! nica 142 1
! neda 2865 1
! noaa 4676 1 1186 1
! nega 2902 6
! ncia 142 1
! nddd 591 1
! nicd 4377 3 2717 9
! need 3 2
! nebe 591 1
! nach 142 4
! nage 1047 4 807 1
! niec 342 1 198 2
! nabh 6 1
! naff 297 1
! nuca 4720 1
! nice 414 1 491 1 9 1 56 4 444 2 416 2 40 1 428 2 290 1 221 1 413 1 43 1 90 1 284 1 16 1 404 1 113 1 473 1 495 1 398 2 223 6 167 1 458 1 235 1 282 5 199 1 393 1 208 1 14 1 402 1 111 2 499 3 120 1 136 2 330 2 142 2 165 5 457 1 166 3 173 1 148 1 242 2 175 6 135 2 186 2 93 1 422 1 18 1 392 2
! nama 142 2
! nabi 4958 1 4761 1
! naeg 1130 1
! nahe 1066 1
! najd 3019 2 2865 2
! ncbi 398 1 38 3
! neic 1186 1
! nadh 2775 1 1301 12 1126 5
! naci 4495 1
! nana 2897 1
! napa 4841 4
! nadi 56 1
! nake 193 1 37 1
! nibh 3844 2 3843 2 3841 2 3842 2 3837 2
! nuga 584 1
! noce 3196 1
! node 472 2 447 8 40 1 160 4 314 1 36 3
! nghe 1418 3
! nanc 4673 3 829 1
! nehe 3372 2
! nima 142 2
! nich 329 1
! nige 4869 1
! nimb 142 3
! naam 3264 3 1497 1 1458 1 1190 3
! nacl 24 1
! nara 4317 2 4251 1 1820 2 708 1
! ndig 1513 1
! ndra 1877 2
! nieh 1186 2
! nina 3701 1
! nmid 604 1
! ntia 2952 1
! nasa 444 4
! noah 330 1
! nand 4748 1 4747 4 2989 6 3297 1 4782 41 1412 1 936 5
! nube 199 1
! neal 460 1
! nobi 584 1
! nike 2881 1
! nahi 4958 2
! ncsa 2319 1 616 2
! ndnd 591 1
! neck 353 1 288 1
! ngig 3775 1 1514 1
! nigh 4072 1 4066 1 4063 1 1165 1
! noch 223 1 199 2 166 2
! nska 4690 1
! noma 284 1
! nuag 939 3
! nial 1199 1
! naan 2560 2 4589 1 2864 1 979 1
! nona 3361 1 3062 1
! neig 4023 1 939 4
! nude 2050 1
! neme 4754 1
! noai 3913 1
! noob 4748 4 3372 1 4587 1 3047 1 1406 1 3936 1 2771 1
! nabo 242 1
! nebn 591 1
! neel 4648 1 2695 6
! nick 414 1 342 1 282 1
! nile 2164 1 3055 3 3538 3 3054 4 3027 3 2865 1 3026 3 3023 4 3047 1 2882 1 3025 2 2340 2 3019 1
! nind 1186 1
! nuch 427 1
! nula 4831 1
! nyee 2441 1
! nime 1930 1
! nggi 1740 1
! neek 1199 1
! naki 473 1
! nghi 1414 1
! nudg 427 1
! nacn 506 5
! njig 4541 1
! nagl 4873 4
! nmal 3589 1 1428 1
! ngta 1884 1 1740 1
! naco 242 1
! nail 223 1
! nddn 591 1
! neng 3053 5
! nuna 402 1
! nora 3701 1 3026 2 1864 1
! nobl 160 1 117 2 21 2
! nian 4697 1
! ntoa 4394 1
! nerd 87 1
! numb 2014 1
! ngua 2229 3
! niel 1864 1 1629 1
! nonc 4748 1
! neem 4754 9
! naoh 26 1
! nugg 2560 1
! nden 2631 1
! nani 481 2
! nanj 251 2
! nere 2782 1
! niem 892 1
! nnhi 1741 13
! noam 201 1
! nota 498 1
! niki 3790 1 3620 1 755 2
! nimh 4377 1 2717 3 1186 2
! nahm 1199 1
! nunc 1431 2 951 1 502 1
! nadp 1125 1
! neil 4715 1 4130 1 4653 2 3121 1 3046 1 3117 1 2952 1 1872 1
! nabr 4051 1
! nood 1497 2
! nome 4576 1 3306 1 3055 1 2609 1
! ngli 1884 3 1882 2 1880 4
! naar 142 19
! ning 499 1
! nate 4673 1 3840 1 1591 1
! nank 2928 1
! nfte 3887 1 3729 1 825 1
! nigm 38 1
! nimi 1431 1
! nope 3696 1 3344 1 3260 1 2657 1 1778 1
! nova 4831 3 3499 1 3026 1 1416 5 4152 1 621 1 1259 2 1118 1 4697 5 572 1 1352 1 571 6
! ntsa 4391 2
! nave 612 1
! nucl 4697 3
! nura 402 1
! nash 3772 1 2441 1
! near 402 2 158 5 458 1 411 1 414 2 359 2 467 1 398 4 396 1 495 1 354 1 305 1 277 1 392 2 251 2 417 1 229 1 222 2 220 1 216 1 169 1 499 4 123 1 148 3 7 2 428 2 99 1 476 1 6 2 144 1 98 1 142 1 27 1 96 2 58 1 244 1 150 1 56 1 83 1 94 1
! nzqa 1064 1
! nosc 502 1
! ntam 1877 2
! nord 2098 1 4690 1 2625 4 765 1
! nico 142 1
! neue 142 3
! neat 457 1 282 1 458 1 499 1 48 1 223 1 113 1 46 1
! ncat 1630 1 1286 1
! nell 4831 1 3449 1
! nnen 2801 1 971 6 1490 5 1200 4 1513 4 985 2 970 4 2782 1 967 2
! noen 2629 3
! nkvd 249 2
! nhph 2326 3 1880 1
! neuf 408 1 404 11
! ntsc 2952 2
! nasi 4637 10 4361 2 836 12
! nore 4066 1
! niue 3163 2
! nein 4586 1 3887 1 2317 1 3815 3 3789 1 2106 2 3004 1 1200 2 1513 1 993 2
! noli 4010 2 502 1
! namn 1807 1
! nkmk 2384 1
! nomi 4581 2
! note 441 1 309 1 447 3 480 3 216 2 423 1 113 6 389 5 460 2 472 2 284 4 381 1 397 1 162 1 453 1 458 1 429 1 6 7 491 5 417 3 223 2 26 1 123 4 402 1 496 3 379 15 282 5 473 3 369 1 485 2 288 1 281 2 84 1 260 5 258 43 56 4 253 2 231 2 427 5 230 1 418 4 27 2 224 2 207 8 404 6 304 1 301 1 498 6 199 1 383 3 186 1 380 1 183 1 280 3 83 1 277 2 274 1 177 4 176 1 467 1 270 1 173 1 165 2 355 1 158 1 255 1 58 1 57 8 254 2 157 3 149 5 329 2 135 1 129 1 257 21 160 2 190 1 93 2 494 2 100 1 297 1 148 7 342 1 51 2 495 1 101 1 198 2 7 1 201 1 398 18 54 1 251 2 444 2 50 3 168 2 218 2 121 1 318 3 142 5 336 3 311 1 217 1 20 5 167 1 120 1 422 3 28 1 319 1 222 1 25 1 166 6 152 1 499 3 105 1 337 1 46 2 237 1 40 1 434 1 405 2 11 1 431 2 234 1 331 2 406 3 12 2 303 1 106 3 169 1 266 7 95 1 39 1 330 1
! nubo 4831 1
! napl 4775 1 4391 1 3979 1
! nann 2864 1
! nger 1513 1 2804 1 1514 1 1469 1 1371 1
! nect 282 1
! noni 142 1
! nypd 4737 1
! nnte 1514 2 2782 1 967 1
! nhxe 2214 1
! nose 481 1 224 2
! nyan 4432 2
! niin 4831 2
! ngth 2326 1 2214 1 1884 1 1740 2
! nwbn 591 1
! nias 927 1
! nder 4690 1 2631 1 1686 1 967 3 1178 3 918 2
! naze 481 1
! nooh 1258 1
! nano 4051 6 2531 1 2944 1 3434 1 2862 2 2403 2 1780 1
! nebu 4215 2
! negr 3976 1
! nenn 970 2
! nhth 2214 2 1880 1 1740 1
! nics 4566 1
! nisi 4012 1
! norg 4690 1 2625 6 1191 1
! noyc 3202 1 2751 1
! nste 3141 1
! numi 3646 1
! navi 251 2 428 1 248 4
! nobr 2732 1
! nadu 3275 1 2917 1
! nwap 1256 1
! neko 373 2
! namo 1807 2
! ngti 1583 5 1884 1 1579 2 1577 1
! nove 3361 1 1431 2 562 2
! nimm 1514 1
! nhau 1879 1
! nuli 4831 1
! nehr 1258 1
! noll 4010 1
! ndnn 591 1
! nasm 4062 1
! naxi 4608 1
! nchs 1820 1
! neon 4053 1 3600 2 3810 1 2952 1 2585 1 3267 1 4859 2 1295 1 1163 1
! nfet 3980 1
! nner 2233 1 993 2 1330 1 970 1
! nilo 584 1
! nemp 4012 1
! nevi 2778 1 765 1
! nsas 4737 1
! nori 3579 6 2009 3 2008 9 1991 2 1902 2
! ngon 2469 2 1369 1
! nemo 1431 2 502 1
! nook 2295 1
! niet 4754 17 4106 1 1986 3 4496 3 1713 8 1710 2 1772 7 1497 16 1459 8
! nyse 1064 1
! niko 3701 2
! nimo 408 2 166 1
! nosi 3017 1
! nmes 808 1
! nino 2881 2
! noct 1431 1 612 1
! null 472 10 447 1 47 4 277 2 266 2 48 9 232 2 49 11 267 2 83 1 281 4 160 2 207 2 52 8
! neht 1047 1
! nday 51 10
! nisl 3844 2 3843 2 3841 2 3842 2 3837 2
! nazi 249 12 251 3 56 1
! naro 890 2
! ngxi 1580 1
! naor 568 1
! novi 4831 1
! naiv 184 1 102 1
! naso 1431 1
! ndum 3376 1
! nghu 1577 1
! niev 3024 1
! nltk 872 1
! nnet 4831 17
! noir 2857 1 1047 3 2201 1 796 2
! nonn 1431 1
! ntes 808 1
! nwri 4693 1
! nato 252 1
! nero 4495 1 2882 1 3193 1 1628 1
! ngay 1882 1 2469 1 1569 1
! nggu 1748 4 1583 1 1405 11
! nolo 499 1
! ncro 745 1
! ngzi 1580 1 1405 2
! nomo 406 4
! nter 611 2
! noht 799 1
! neun 3887 7 2317 1 967 1 4586 1 1484 2 1178 1 943 1 3729 1 2112 1 825 4
! nium 950 1
! nono 398 1
! norm 408 1 223 1 47 4
! nois 371 4 221 2 398 1 113 1
! nimr 258 1
! nbos 4610 4
! nant 4790 2 943 1 593 1
! nyug 198 1
! ntfs 4694 1 4693 1 2379 10 1574 1 2905 2 935 1
! nbsp 3 3
! nens 242 1
! niro 3345 1 2644 1
! nvnn 591 1
! nasr 990 1
! ndez 3026 1
! ngos 3320 2
! niso 4051 1
! noit 3565 1
! nyom 2441 1
! nyet 2007 1 1366 1
! niku 4251 4
! nent 4766 1 4184 1
! norn 4493 1
! naqu 808 1
! naur 265 2
! niuo 142 1
! nmey 1577 1
! nolt 2644 1
! noum 1287 1 1181 3
! nuev 168 1
! nuit 404 2
! noor 4958 2 2673 1
! nokt 4831 1
! noun 499 22 223 3 498 22 406 22 307 9 495 14 166 1 373 1 490 3 396 1 402 2 496 57 285 22 191 1 379 3 473 1 494 3 328 1 168 7 290 7 202 5 477 4 224 12 276 1 142 7
! nast 890 2
! nint 2865 1
! nwbw 591 1
! nwmp 1416 1
! ncrs 4672 2
! naut 561 1
! nmos 2989 5
! naru 1384 2 1300 1
! nitr 3023 1
! nntp 169 7
! nasu 473 1
! ness 447 1 142 1
! natt 4690 1 2666 1 2631 1
! naus 142 1
! nest 444 1 397 1 165 1 121 2 36 1 47 3 113 1 49 1 46 2
! norr 4690 1
! natv 1877 2
! nerv 359 2 354 2 229 5 353 3 356 1 226 4
! nhow 4813 2 4716 2
! nomu 279 1
! nuku 1300 1
! nupr 205 1
! novo 211 1
! niqu 1199 5
! noix 4347 1
! nist 3777 1 3445 2 2190 1 3119 2 1628 3 1636 1 1186 5
! ncsu 477 1
! natu 4582 1
! ntos 224 3 168 2
! nett 1431 1 963 2 959 2
! neut 2441 8 2106 1 1431 1
! niss 802 1
! niru 2560 1
! nulu 4831 1
! nort 4256 2 4252 1 3499 1 1488 1 4242 1 1307 4 1306 5
! notr 3638 3 1071 1 4184 2 1044 1 3272 1 797 5
! nors 4909 1 2634 31 2902 2 722 2
! news 397 1 282 2 337 2 293 1 248 1 220 2 165 1 112 1 398 1 145 1 169 11 147 1 221 1 56 1
! newt 2439 2 2138 1
! nvvn 591 1
! ntnu 1061 1
! narz 307 1
! nesw 4007 1
! neuv 1047 1 571 1
! nfwu 4619 2
! noru 1300 1
! nous 404 4 142 2
! npov 380 2 385 1 165 2 56 1 384 2 177 1 221 1 428 1 186 2 383 11 176 1 253 1 460 11 180 1
! nott 2882 1
! nurs 288 1
! nutr 4831 1 3620 1 3615 1
! nasz 890 1
! natz 2016 1
! ntur 3529 1 3351 1
! nvnv 591 1
! norv 765 1
! netz 917 1
! ngyu 1579 1
! nguy 4380 1 3120 1 1626 1 1566 1 3084 1 1565 1 1418 4 1414 1 2161 2 907 1
! nvvv 591 1
! nyyt 462 1
! nutz 247 1
! nanba 258 1
! nclab 872 1
! nafha 2883 2
! nadja 3701 1
! neeed 2228 1
! nicia 3023 3
! nabla 4272 1 3381 1 3730 2 3312 1 2888 75 2889 2 3314 3 2841 8 2571 1
! nanda 2340 1 1877 2
! ndiag 4697 1
! nasca 2882 1
! ndice 2935 1 2230 1 890 1 889 1
! ntica 142 2
! ninda 2323 1
! nichd 1076 1
! nidic 2378 1
! ncake 1267 1
! nabbl 321 3
! nubia 3538 11 2865 2 2340 1
! neech 2441 2
! needi 2327 1 736 1 504 1
! naara 4831 1
! niech 1270 1
! nunca 280 1
! ndale 242 1
! ntala 3592 3
! nomad 3025 1 4600 1 3027 1 3019 2 2865 2 2875 1 2340 7 3450 1 843 2
! nanai 379 1
! nanla 1012 1
! nazca 3530 1 2902 2 2882 7
! ncimb 4859 1
! nibbl 3282 1 2443 1
! nmgbh 2902 1
! nodma 4693 2
! nokia 2321 5
! nasha 2441 1
! nahal 2883 1
! newbb 4716 1 4694 14 4693 14
! nanci 2865 1
! namna 1807 2
! nesia 1371 2
! ngchi 2214 1
! niddk 1186 1
! nmemb 472 1
! nodal 4392 2 3672 1 3671 3 3670 6 2288 1
! nonag 3361 1
! ndata 3266 3
! ndola 3592 1
! nodak 3015 1
! nikai 3449 2 2097 1
! nikla 3701 1 2161 1
! nasai 481 3 379 1
! nisia 3023 1
! ndene 2631 1
! neasc 1286 1
! nichi 284 1
! nuanc 499 2 284 1
! nagel 4582 16
! nanna 2340 1
! nrich 1629 2
! negra 4831 1
! nolla 4831 1
! newbe 3936 1
! nidan 379 1
! neali 1307 3
! needl 3935 7 3110 5 3041 4 4768 1 3304 1 4408 1 3221 9 3034 7 2014 2 2865 1 2695 1 3316 1 3059 1 1173 1 2471 2 2354 2 4411 1 708 1 2897 1 2197 1 637 1
! naacp 740 2 728 1
! nodig 1772 13
! nahua 3694 1
! natch 1199 1
! nauka 2927 1
! niang 1580 1
! nieta 198 1
! niska 1275 1
! nybbl 3041 2
! needn 177 1 56 1
! nobel 12 1
! ndare 140 2
! nssdc 3592 1
! nadar 289 3
! neben 4159 1 967 2 1778 1 963 2
! nashe 2441 1
! neekh 2441 1
! nigra 2897 2
! nochi 3694 2 1366 1
! nabil 3320 1
! nabmi 205 1
! nobod 2609 1
! nfmal 3729 4
! nahco 4784 1 4051 1
! nappa 2025 2 1902 2
! navid 4835 1
! necar 2954 1 2717 1
! nepal 244 1
! niebo 890 1
! njebo 890 2
! nuera 198 1
! nulla 3844 4 3843 4 3841 4 3842 4 3837 4 562 2 502 1
! nuria 142 3
! newah 939 1
! nicen 3118 39 2865 2
! ncipe 3592 15 2229 2
! niani 890 1
! nwrec 1935 1
! naveg 3778 1
! nibli 1012 1
! nadph 1127 1
! nahar 3025 23
! nacer 1526 2
! nadin 3708 1 3682 2
! nasal 405 2 226 1 193 2
! negar 1526 2
! negen 1713 2
! newbi 444 2 398 1 297 1 282 1 190 2 272 1 142 10 160 1 375 1 56 1
! ngere 1514 1 1513 1
! nghua 3149 1
! nobil 4790 1 4775 1 4673 1 702 2 1411 1 2323 2 651 1 1764 2 2325 1 3663 2 649 2
! nodof 3372 1
! nopci 4693 1
! notic 397 2 165 2 418 1 96 1 472 1 422 1 330 2 427 1 473 1 185 1 88 1 282 3 135 1 41 1 318 4 415 1 83 4 177 1 186 2 253 3 160 2 207 4 498 4 263 1 158 1 149 2 496 4 108 1 99 2 223 3 129 1 199 2 58 3 190 1 481 1 105 2 396 1 67 1 499 3 208 3 260 1 163 1 10 1 398 10 495 2 56 9 150 24 284 2 49 2 48 1 54 1 51 2 148 3 6 2 491 1 162 2 50 2 438 3 285 1 167 1 120 1 46 3 281 1 123 1 40 1
! nsdap 249 1
! ntild 1000 2 569 1
! norma 4495 1 3056 1
! naram 2340 10
! nroff 3913 12
! nacho 2023 2 2021 2 1806 2 1595 6
! natal 3751 1 833 1
! nsted 118 2 26 4
! nberg 3466 3
! nobli 4648 1 3098 1
! novia 1578 1
! nenek 1177 1
! nchen 1485 1 971 1 573 3
! nagar 2327 3 3023 1 2323 1
! numid 3143 1
! naval 251 4 248 4
! novic 499 1 398 1 241 1 216 1 46 1
! ndash 460 1 167 1 123 5 444 1 411 1 273 1 271 1 409 1 173 2 373 5 252 2 208 1 153 1 428 1 405 2 221 1 56 2
! neath 4066 1
! neber 757 1
! ngcho 1884 1
! neari 2116 1
! nashi 473 1
! notch 380 1
! nosid 46 1
! niall 1872 1 1284 1
! ntime 4697 1
! nalli 4673 1
! narod 38 1
! nader 829 1
! namen 142 1
! nieni 1581 1
! necho 3003 1
! nihil 4790 2 4016 1 1431 1 584 1 2207 1 502 1
! negat 453 1 443 2 498 1 410 1 260 3 398 3 445 8 393 1 278 1 373 1 467 7 358 2 266 2 174 1 438 6 297 1 267 1 58 1 105 3 246 3 207 1 204 6 181 3 379 21 191 1 473 5 475 7 99 1 331 1 96 2 211 1 148 4 56 1 57 3 480 4 94 1 48 1 402 1 26 1 35 1 458 5 21 1 83 2 6 2 288 5 24 2
! naann 2864 1
! nager 796 2
! necol 193 2
! nocas 4655 2
! navig 499 1 411 3 296 1 472 1 285 3 418 1 277 1 444 2 397 1 427 1 145 2 266 2 276 1 135 2 206 1 253 1 441 1 281 2 235 2 402 2 167 8 157 6 156 2 391 1 246 1 154 1 131 1 84 1 153 1 132 5 40 8 113 1 114 1 171 7 56 1
! nonan 123 1 122 1
! nutch 142 1
! nlinh 1882 1
! nofog 2293 1
! nchfp 4291 1
! nebet 3055 1
! nueva 4827 1 3581 1 1050 1
! nnohh 1630 1
! nicer 173 1
! nftig 4268 1
! nelli 1599 1
! nforc 4694 1
! nadir 827 2
! nanni 970 1
! natta 2666 1 2631 1
! navel 3689 1 2133 1 1681 6
! netta 2897 1
! nicol 4098 4 3701 1
! nocer 502 1
! nonfl 4670 1
! ntgen 2949 2 2698 6 2015 3
! nilli 2881 1
! ncipi 4391 1
! nishi 3350 1
! noodl 1438 2 4839 2 4454 4 3185 1 1447 1 4361 2 4251 6 1944 2 3354 4 2226 4 3059 1 3230 1 2908 2 1921 1 2463 2 1370 1 1595 2 4171 1 4997 2 2929 2 2561 1 2469 3 2490 10 2202 1 1441 5 1453 3
! nauta 4010 1 950 1
! notif 427 1 270 1 169 1
! nyaya 2323 7 2311 2
! namud 4958 1
! namin 1807 2
! newel 4648 1 2334 1
! niger 3739 2 2897 1 2016 1 3450 1 765 2
! nnyeh 4391 1
! nolen 502 1
! notam 3965 1
! ndose 4245 1 3024 2
! nvram 4694 1 4498 1
! namer 1007 1
! nfzig 4586 1 3887 5 2317 1 1484 3
! notoc 477 1 328 1 413 1 482 1 410 1 307 1 283 1 20 1 490 1 255 1 232 1 431 1 243 1 220 1 39 1 154 1 403 1 150 1 135 3 41 1 276 1 184 1 156 1 112 1 300 1 116 1 286 1 10 1
! nsinh 1882 1 1880 2
! nomen 495 2
! nderk 3158 1
! nohat 1998 1
! nacht 4586 1 4427 4 2233 2 3729 3 3004 1 3887 4 997 2
! numel 3646 1
! ncegt 1630 1
! nkohl 2561 3
! natar 1431 1
! nicht 142 2
! niehr 2865 1
! ninni 4066 1
! noord 2006 1
! nptel 2388 3
! nunki 2865 1
! nivel 4258 1 4256 2 4254 1 4252 1 4175 5
! nombr 404 3 224 1 190 3 142 3 56 1
! norua 2865 1
! neuen 3021 1
! ndung 1778 1
! nemoj 2003 1
! nulli 562 3
! nocti 612 1 502 1
! nifti 397 1
! nquan 1884 1
! novel 369 1 358 1 246 1 202 1 142 2
! nakon 1245 1
! narat 1926 1
! nevar 1526 2
! niacz 307 1
! niner 703 1
! nojer 3488 2 3412 1 1839 1
! nosco 495 1
! nukni 257 6
! nular 2935 1
! nword 1316 9
! ndern 2782 1 1736 1 1686 1 1285 1
! negev 2880 5 2865 20 2876 3 2879 22 2877 15 2878 10 2873 7 2883 33 1739 2
! ntesi 1058 1
! ndigt 1285 1
! nomin 366 1 491 3 307 1 285 1 494 4 427 8 496 13 176 5 498 22 173 2 248 1 56 3 171 1 160 4 145 2 444 1 499 15 177 1 221 1 428 6
! newli 472 1 249 1 113 1 157 1 251 1 152 1 298 1 221 1 6 1
! nther 3701 1
! nebul 113 1
! nekol 194 1
! nanti 4443 4 4442 5 4441 11 944 20
! nello 4065 1
! ngern 1514 1
! nihon 284 1
! ninth 467 1 373 1
! nixli 1012 1
! noisi 398 1
! noten 2631 1 1513 1 570 1
! novem 123 1
! nitya 2323 5
! natio 2865 1
! night 3 1
! napol 4790 8
! nyvek 174 1 169 1
! nteon 4831 1
! nagiv 2656 1
! nawat 1059 1
! nazim 4958 1
! necun 1431 1
! nenon 3965 1
! neuer 2609 1 1513 1
! nikon 491 3
! nobmr 3823 1
! notar 2112 1
! numer 470 1 265 1 449 2 58 1 431 8 266 1 244 1 51 1 427 1 260 1 352 2 465 1 277 1 183 1 231 1 373 1 97 1 202 2 123 2 330 1 48 3 142 1 6 1 52 3 181 2 148 5 49 3 207 4 46 1
! nymph 4775 1 4275 1 3751 7 1554 2
! nimet 4831 1
! numpi 1281 1 872 1
! negro 168 1
! nlook 3719 1
! nfter 3887 1
! nnern 2232 2 1192 1 918 2
! neemt 4754 1
! nckwi 3592 1
! namaz 4958 2
! nguoi 2469 1
! nciku 1329 2 1322 2
! ncftp 1782 2
! nequi 584 1
! nhanu 2560 1
! nieto 198 2
! nulth 1416 1
! nurbs 3372 2
! nzung 2919 1
! nyhet 4690 1
! ndnis 2782 2
! nippl 1447 2 1446 11
! notat 297 4 398 3 447 1 148 5 7 1 54 2 493 2 263 6 157 1 318 11 331 4 342 1 295 1 303 4 418 1 281 1 266 3 265 1 58 3 207 4 129 3 458 1 431 5 149 2 57 6 56 1 142 3 330 1 48 4 120 2 51 1 260 9 40 1 208 2 47 1 133 1 41 2 6 8 50 2
! nasti 223 2 160 1 49 1
! nture 3772 1
! notin 297 1 207 2
! nodiv 1940 1
! newer 428 1 391 1 285 1
! nanum 2340 1
! nitcu 258 1
! nnvin 4690 1
! nores 2732 2
! norri 4697 1
! noter 4162 1
! nowat 2293 1
! nuori 4831 1
! naast 1465 1
! nullo 562 2
! nicot 4759 1
! nopol 4693 2
! nytim 141 1
! north 482 1 251 1 248 2 243 1 244 1 158 4 253 1 462 2 242 1 142 3
! nuper 4012 1
! novat 4508 1
! necqu 4012 3
! neveu 797 5
! ngulo 4242 6 2455 2 4241 2 2091 2
! novio 3192 1 1747 1 1578 2
! npsvg 3203 2
! nurri 3026 1
! nitti 177 1
! nolit 4010 3
! noapt 1256 1
! notes 3149 1
! nster 4689 1
! ndert 2782 1
! nurpl 1438 2
! nammu 2340 1
! narro 499 1
! nimmt 2106 1
! nocss 4860 1
! noyer 798 3
! nsset 4356 5
! nettl 229 1
! nestl 3059 1
! nanmu 1011 1 1012 5 1007 5 592 3
! norsk 142 2
! nonul 4697 1
! nannt 970 1
! nylon 3213 1 2930 1 2767 1 1447 1
! narju 257 6
! nairu 204 1
! nativ 484 5 359 1 393 1 398 1 222 6 373 2 285 9 284 1 190 1 282 5 121 2 131 1 499 1 223 1 201 1 158 4 142 1 265 2 276 1 56 1
! negus 3017 3
! nevit 1902 1
! nilot 3017 1
! nohup 2862 2 1576 1 1573 3
! nuevo 190 3 166 2 142 4
! nutti 4322 1 2297 1 2704 1 2154 1 2515 1 2150 1
! nokto 4831 1
! nunit 3847 2
! nixon 829 4 740 4 827 1 702 2
! negru 1257 1
! nulls 232 2
! nimos 4240 1
! nennt 1513 1
! netiv 393 1
! neuro 201 1 142 1
! nowis 1165 1
! noway 1165 2
! nepot 4416 1 3663 1
! natto 4361 2 1964 2
! nitro 369 6
! nohtr 797 1
! namqu 584 1
! nutir 3152 1
! nitiv 4673 1
! ninmu 191 2
! naoru 1300 1
! nariz 224 2
! nohow 1165 2
! nlist 4694 3
! neyyi 2924 1
! nunez 4697 2
! neunt 825 1
! novum 584 1
! ngnus 1630 1
! nieuw 1497 9
! naosu 1300 1
! noort 2625 2
! nouns 4669 1 2323 1 1807 1 810 2
! nuovo 4859 1 4697 9
! nyosp 3057 1
! neutr 1431 1
! ndzwm 4693 1
! natur 2 1
! neuss 4052 1
! nauru 3163 2 765 2
! nisus 2897 1
! notwp 1151 1
! nostr 142 1
! nuppu 1267 1
! nexus 2865 1
! newus 381 1
! nozzl 445 3
! novus 593 1
! nigada 2323 1
! nogada 1614 2
! namaha 3794 1
! needed 1724 1
! ngcoba 1186 2
! naicai 204 1
! nevada 3539 1 2879 1 709 1 1173 1 703 3 655 1
! neebla 402 1
! neuadd 3620 1
! nodana 3178 2
! nibjib 950 3
! neirab 3024 2
! nvidia 4694 3 3563 1 2293 2
! nodeid 4183 2
! napoca 1049 1
! nabata 2865 1
! nataci 1532 1
! neglia 1906 1
! njalka 4831 1
! noshad 2732 1
! nisbah 4958 1
! negara 4916 1
! nangka 974 1
! namibi 1457 1 765 1
! negima 4251 2
! nilgai 2089 1
! nadbar 4616 1
! nicola 4766 5 1870 1 1585 1 3054 1 3450 1 3701 1 1259 1 3449 1
! negend 1713 1
! nesnad 1372 2
! nijdam 4805 2
! naevia 2897 2
! nician 3026 1 3025 1
! niyama 2323 3 1740 4
! nommag 921 1
! notaci 4281 6 4203 6
! nuclid 93 2 39 2
! nearbi 467 1 222 1 358 1 248 1 158 1
! nordic 249 1
! numpad 4498 1 1044 1
! nebula 1026 2 4999 1 504 2
! naisai 204 1
! nausea 2308 1 1478 1 4885 1 3620 1 2245 1 3339 1 589 1 3758 5 502 1 2307 1
! neeraj 1190 1
! nyroca 2897 1
! nijaki 892 1
! negoci 398 1
! narnia 1864 1
! nondei 590 1
! napata 3538 1 2865 1
! niemal 4159 1
! neglig 398 1 240 1 165 1
! netlib 4550 1
! niacin 2725 1
! nickel 123 1 6 5
! niiden 4831 1
! nikkal 3025 1
! notabl 495 1 284 1 229 1 397 1 391 1 460 1 303 1 244 1 21 1 389 1 251 2 201 5 373 1 120 1 117 1 49 1 199 1 56 2
! notrac 2295 1
! nubian 3538 14 2865 2
! nuclei 229 1 27 2 26 1 125 1 25 2 24 1
! nderna 4546 1
! nshang 1577 1
! notpad 216 1
! ndisch 1457 1
! nclude 3061 1
! namami 2323 1
! nikola 2949 1 2698 3 2687 4 3701 1 1864 1 2950 1 2686 2 2661 2 1406 1 968 2
! natali 205 1
! nepali 3149 2 4608 1 2358 1
! nohref 2732 1
! njarig 1986 2
! nefari 221 1
! noncod 1132 1
! novemb 4 1
! novena 4102 1
! nieman 1497 10
! nankan 3057 2
! noacpi 4693 2
! noetic 4582 16
! nnchen 4869 2
! nongam 1979 1
! nakula 2323 2 1879 2
! namnam 1807 1
! natami 4714 1 4694 1 4693 2
! nateji 285 3
! navali 583 1
! negasi 830 1
! netali 205 1
! nevera 280 1
! nieder 2561 1 1178 4 973 1 967 6
! nikita 4790 4
! nonneg 267 1 181 1
! newpag 404 2 157 1
! ninian 3013 1
! nathan 205 1
! napisa 1278 5
! nested 4653 1
! nogrid 2295 1
! ningbo 2928 1
! nosata 4693 1
! numifi 3479 1
! naimng 721 1
! navbar 1940 1
! niccol 4790 3 4775 2
! neogen 3901 1
! nonbas 208 1
! nimbat 142 3
! nombre 4544 1
! niallj 4500 12
! notera 3965 1
! nomine 428 1 158 2
! nivali 2897 1
! nekora 373 1
! netbsd 4714 3 3293 1 3243 1
! nainen 4831 1
! neurai 142 1
! nigger 142 3
! nimeni 3604 1
! nitjan 2634 1
! novial 4152 1 4616 2 621 2
! ntranh 2214 1
! normal 418 1 223 1 200 1 56 1 444 1 97 1 379 4 473 1 356 2 453 1 57 2 445 1 398 5 370 3 467 2 48 1 95 1 330 1 427 3 392 1 391 1 67 2 20 2 208 1 305 1 258 1 212 1 222 1 113 2 160 2 354 1 166 7 132 1 318 1 177 2 131 1 123 3 94 1 47 1 158 4 87 1 472 1 181 1 202 1 190 1 336 1 7 1 102 5 290 1 46 1
! norden 4690 1 4297 1
! nikhil 2609 1 1877 2
! nehmen 3815 1 3004 1 2106 2
! nootka 1416 2
! ndrico 4256 1
! niceti 3815 1 1262 1 4619 1 2889 1 884 1
! nullam 562 2
! numesc 3646 1
! nitric 3620 1 1295 1 4051 1 506 2
! nonloc 4748 1 4697 40 4582 1
! nefthi 397 2
! nautic 3026 1 3450 2 740 1
! notifi 428 1 177 1 150 2 56 1
! nutmeg 4515 5 3395 1 1723 2 1668 3 1437 1 4059 3 4132 2 2914 2 1478 18 2277 3 1947 2 1618 1 3299 2 1607 1 3471 1 1591 2 2340 1 1729 5 1642 2 1435 2 975 1 3282 1 979 2 1606 2 1479 3 1893 3 1663 3 4001 2 1604 3 2087 1 1395 2
! neitan 205 1
! negemo 4670 1
! neuman 1070 2
! nollem 3529 1
! nonfre 3541 3
! norska 4690 1
! nianin 890 1
! nichol 2523 1 2518 1
! nadhir 2865 1
! nitrid 4054 1 4051 2 3447 2 2403 1
! nozick 4749 1 1872 1
! nederl 4546 1
! nsaids 4885 1
! nascer 4065 1 1431 1
! neteas 1322 1
! namask 1190 2
! number 398 4 411 1 336 4 148 16 342 1 498 8 263 3 337 1 167 1 458 13 261 5 422 1 330 2 189 1 480 29 472 1 375 2 284 4 453 1 338 1 153 1 499 3 208 3 438 1 369 2 40 1 237 2 397 1 285 1 379 1 282 2 333 1 370 2 176 1 373 3 470 1 108 5 296 2 490 2 202 2 299 1 496 11 277 2 267 10 253 1 56 8 447 6 122 1 25 2 222 3 415 1 21 6 218 4 211 4 186 4 383 1 184 7 381 1 183 22 380 1 177 1 174 1 169 2 366 1 266 28 265 1 168 2 260 6 163 3 165 6 359 5 162 2 58 3 255 1 158 1 51 6 248 1 54 10 251 1 57 30 154 1 160 7 157 2 113 1 207 38 404 5 307 2 110 5 152 1 349 1 249 4 52 1 150 9 101 2 495 3 298 1 7 6 191 1 94 1 47 3 12 1 406 1 115 1 303 15 106 1 129 4 29 2 226 1 229 6 426 1 50 3 318 25 224 1 27 8 418 11 221 1 46 7 278 6 475 1 281 8 84 1 181 9 37 11 431 2 131 3 231 1 428 7 35 2 220 1 417 3 26 1 223 6 123 32 120 3 95 1 339 1 142 8 48 20 427 5 230 1 36 1 6 22 297 5 41 2 49 10 443 1
! newnan 1480 1
! nacion 254 1
! nasell 3359 1
! navajo 2875 7 2872 7 2871 17 621 1
! neolog 201 1
! neuber 4696 1
! newdat 51 4
! newsid 2954 1 2717 1
! niciti 392 1
! nigiri 3579 3
! nobler 2323 1 1166 1
! nokota 724 2
! norman 243 1 142 1 56 2
! nukkua 4831 1
! nudeln 142 2
! nuacht 4909 1
! nuvola 366 1 156 1
! nonfat 3573 1
! nuxifi 3541 2
! nadamt 3042 4
! nniger 171 4
! nectar 258 1
! neural 231 1 226 2 229 4 154 6 142 1
! nennen 1513 2 993 4 970 7
! newfil 3041 1 4638 2 1573 1
! newman 123 6 6 3
! nemesi 1864 1
! nafion 2954 1 2947 1 2717 1
! napkin 280 1
! natual 3525 1
! nestif 46 1
! noctua 2897 1
! noicon 1986 4 1713 3 1772 2 1497 4 1459 3
! noscer 495 1
! nospam 3334 2
! nstall 1782 1
! ninlil 1059 2
! netlik 359 1
! ngsinh 1880 3
! nearer 467 2
! neckti 708 1
! napoli 4391 1
! nineti 4760 1 3025 1 2882 1 4648 1 655 1 3592 2 2902 1 1802 1 569 1 2317 1 1096 1 934 1
! naayil 3026 1
! nbarth 3589 3
! neater 445 1 84 1
! nglish 2441 1
! nonrel 3101 1
! notari 4038 2 1166 1
! novari 4655 1
! nowiki 278 4 453 4 499 12 398 8 427 8 381 6 444 8 491 4 397 6 327 2 421 2 176 2 223 2 354 6 331 2 216 4 20 10 135 2 111 6 158 72 418 40 142 38 157 6 113 2 106 2 152 6 56 6 385 2 40 2
! nspire 4748 3
! nwalsh 3266 1
! nworld 46 1
! namaku 927 2
! niveau 142 2
! nodigt 1772 2
! nfzehn 3887 1 2317 1 3729 2 1484 1
! nether 3025 2
! nuxalk 1416 2
! nihilo 502 1
! naviat 3913 1
! nitamo 4648 1
! nnight 4066 1
! necnon 4012 1
! neoten 4582 1
! nevill 251 1
! newcom 427 1 387 1 381 4 160 1 380 17 175 1 165 1 56 1
! nicolo 4749 1
! newadv 4762 1 2865 1 1186 1
! natura 3876 3
! nistan 765 1
! newark 3101 1 2882 2
! navier 2387 2
! nuttal 2471 2
! neonat 3789 1
! napisi 3221 1
! negoti 375 1 249 1 56 1
! nother 4600 1 995 1
! navlin 1379 1 1376 1 1375 1 1378 1 1373 1
! nostra 142 1
! napper 4066 1
! namamu 927 4
! nuzhen 1366 1
! nonsen 1778 1
! natten 2631 1
! numday 3363 4
! nagast 2865 2
! naiver 2571 1
! narrat 460 2 482 1 217 1 284 1 204 1
! nautik 3026 1
! neiter 397 1
! nephew 342 1 198 2
! nimrud 4180 3
! nolkol 2560 1
! norshk 2625 2
! notdir 4715 4
! notomi 3620 1
! nouill 1930 2
! naught 4805 4 1059 1
! newlin 186 1 121 1 48 7 47 1 51 1 266 1 46 4
! normat 4421 1 3650 2 4644 2 4584 1 2804 1
! netten 2631 1
! nevski 4859 1
! necess 398 1
! narvik 1191 1
! nastar 4637 2
! nudism 56 1
! natiom 2327 1
! nation 495 1 252 5 482 1 251 7 243 5 254 1 277 2 249 12 248 5 246 2 177 1 158 1 9 1 492 2 14 1 244 1 46 1 253 1 141 1 218 4 383 1 38 1 245 2
! nature 4668 2 2327 1
! negast 2865 3
! nitril 369 5
! njstar 3483 2 3057 2
! nowrap 409 1 428 1 158 11 156 8
! numner 3913 1
! nowday 4859 1
! nenter 1316 1
! nipper 504 1
! numfoo 4715 1
! natuar 486 1
! nitten 2634 1
! nyburg 2327 1 1762 2 1741 2
! nonmet 2585 1 4053 1 2188 1
! nition 4673 1
! nugent 3620 1
! namast 3264 2 1190 5
! narcot 4885 1 4096 1 2881 2
! necuno 1431 1
! negiot 1149 1
! nenhum 142 1
! netwar 321 1
! newrat 4183 2
! nicest 3011 1 1818 1
! nigasu 1300 1
! nitrat 358 1 475 1 200 1 25 2 142 1 12 1
! ntosmi 1877 2
! nukkui 4831 1
! nephro 3789 1
! nissim 4583 1
! nondum 4012 1 1431 1
! nagumo 251 1
! numero 4252 2 4239 4 4175 27
! nassau 3450 3 570 1
! nasser 740 2
! ningun 4239 1 4175 1
! navarr 4766 1
! nguyen 1418 1 871 1
! nohint 2293 1
! nonpet 4584 5
! notion 265 1 202 1 460 1 152 1 142 17 318 1 58 1
! nueron 2804 1
! nimono 4251 1
! nought 4543 1 4063 1 4038 1
! natter 4765 1
! netter 2631 1
! nigeru 1300 1
! ncsoft 3059 7
! nikkor 4180 1
! neuter 498 12 495 1 496 17 406 2 307 1
! notori 4063 1 728 1 4864 2 3979 1 736 2 593 1 3091 1 722 1 733 1 4697 2 3026 1 1307 1
! nasaru 473 1
! nelson 90 2
! nezumi 373 1
! nimess 4831 1
! nosurf 2295 1
! nimasu 379 1
! newpsi 4582 2
! neulit 142 1
! nazism 4790 3 573 1
! nwords 1316 5
! niquer 1199 3
! nector 3615 1
! nonliv 3096 1 1114 3
! negtiv 2756 1
! noster 695 2
! navilu 2560 1
! nanshu 1198 1
! nongnu 93 1
! nyehvo 2441 1
! nigrum 4023 1 3739 1 2730 2
! numlex 3978 5
! nasbox 4693 2
! nouser 1574 1
! nareru 473 1
! navbox 4619 7 1400 2
! newsom 703 2
! nexium 7 1
! nostri 4817 1 583 1
! nutter 4616 1
! nlwikt 1459 44
! naseru 473 1
! nullum 562 3
! ndniss 2782 1
! neuron 229 1
! nelitt 4831 1
! newmey 4647 1
! noauto 2905 2 1574 6
! nukeru 1300 1
! nagpur 3777 1
! nyehyo 2441 1
! naysay 398 1 192 1
! nitrit 200 2
! nilpot 41 2
! nntest 4319 1
! noseru 1300 1
! newton 499 2 27 1
! newest 2732 1 1781 1 4033 1 1573 1 959 2
! newsit 9 1
! nahezu 1513 2
! norton 453 1
! nderst 1285 1
! nimmst 2106 4
! nipkow 2952 3
! niloqu 584 1
! nutrit 355 1 240 1 258 1 211 1 200 1 358 10 237 2 142 2
! norway 252 1
! neptun 4895 1 3480 1 1026 3
! neutro 142 1
! nestor 2896 2
! nagyou 473 1
! natevw 1353 1
! neurot 2327 1 1308 2
! nippur 2340 2
! nostro 3962 1
! nullus 562 2
! nolunt 4010 1
! narrow 417 1 157 1 261 2 158 3 359 3 99 1
! neveux 797 4
! nocurv 2293 1
! notext 3723 1
! nouniz 1133 1
! napisz 1278 1
! nukkuu 4831 2
! neolux 137 2 113 4
! nosort 2294 1
! natuur 1986 3
! newstr 3275 2
! nexuiz 3045 2 2295 1 2291 1
! newsru 2328 1
! newtyp 4550 1
! nurtur 4958 1 2327 2 722 1 739 1 3025 1 616 1 1848 1 708 1
! nettoy 798 2
! nocache 4653 2
! navidad 435 1
! namibia 3509 2 1457 3 917 1 765 1
! navigab 612 1
! necklac 3017 3
! navhead 721 8
! nameabl 123 1
! niagara 572 2 571 2
! nbandal 2609 1
! noclobb 1573 1
! nankaid 4049 1
! nupedia 459 1
! needham 1819 1
! noticia 991 1
! nullida 1591 1
! numidia 3025 5
! newcalc 4559 1 4558 1
! nucleic 358 1 355 1 352 1 363 1 464 1 354 2 349 1 230 1 210 1
! nancial 4673 14
! naranja 254 1 168 1
! nigella 2560 2 4174 2 979 4
! naranai 1384 5
! nillabl 2632 2
! netbean 3266 4 2521 1 3412 2 3203 1 2840 3 3363 4 1768 6 2692 1 2322 2 1650 3
! nskliga 4690 1
! nikhila 2323 1
! ndfdgen 3363 10
! notepad 305 1 216 1
! nullabl 2632 1
! ndeepak 93 1
! nigeria 3551 2 765 1
! neapean 2882 1
! nicolai 249 1
! natasha 2330 1
! nichola 248 2 194 1
! nonchal 1869 1
! naseebo 3104 2
! newhand 50 1
! nochmal 4478 1 1285 1
! nlaisia 4831 1
! neufeld 4324 1
! nebenan 2246 1
! nayesda 3776 1
! nimesha 2323 1
! ngspice 4392 1
! newimag 56 1
! nodenam 3998 1
! nublado 199 2
! nomarch 2340 1
! naphtha 1549 1
! negatif 834 1
! newland 2188 1
! nkdudjf 4693 1
! nuisanc 160 3
! nicknam 369 1 169 1 152 1
! norland 4671 1
! nomatch 3257 2
! natlang 4657 1 4600 1 4611 1 4619 1 4608 4 4603 1 4616 5 4605 1
! namesak 593 1
! nirvana 427 1
! nowined 4693 1
! nullpag 4279 1
! numerai 173 1 142 1
! nasheen 4958 3
! nutella 1924 3
! niedrig 2106 1
! namkeen 2560 2
! newfile 4715 1
! noumena 4582 1
! newbold 4671 1 1554 1
! negroid 2865 1
! nullifi 3023 1 2327 1
! navegar 142 2
! netgear 4693 1
! nachher 1513 1
! nuclear 353 1 93 2 350 1 142 1 40 1 359 20 84 5 39 1 24 1
! newcomb 3597 1
! nilimpa 2323 1 1877 2
! namelen 4550 2
! nomencl 1621 1
! nocycle 4653 2
! nympcan 4275 1
! noncili 1160 1
! napatan 3538 1
! ngvideo 1554 1
! nauseam 502 1
! nadziej 4270 1
! norberg 4570 1
! nucleat 2416 1 1587 1 1162 1 1155 2
! nascher 4766 1
! neglect 458 1 408 1 165 1 162 1 132 1
! nematod 231 1 230 1 229 4
! ngerman 142 1
! niederl 1457 1
! nineveh 2865 3 2340 1
! noranta 4102 1
! navarra 3638 2
! nondual 4648 9
! naskapi 1416 2
! nitpick 499 1 421 1 297 1
! nowosad 4697 1
! neckbon 2492 2
! nisoria 2897 1
! netscap 163 2
! nidanet 2865 2
! nirnaya 2323 1
! nteinen 4831 1
! nteract 1114 1
! navfram 1044 2
! notmeta 1151 1
! nanosci 93 1
! namanya 1177 2
! ninguna 4239 1 3634 1 3180 1
! nostalg 4648 1 3541 1
! norwich 4958 1
! nectari 519 1
! niniveh 4180 1
! nonanim 1816 1
! noorden 1816 1
! nothing 4648 1 4642 1 2323 1 3544 1 1624 1 3758 2 828 1
! numlock 1015 2
! nyungan 1059 3
! nuptial 504 1
! nullari 207 1
! nanobug 13 5
! neujahr 2561 1
! neapoli 3026 2
! nazaren 2865 3
! ndirect 2865 1
! niccolo 1872 1
! noventa 168 1
! nashyeh 2441 1
! nuvigil 7 1
! nonfict 434 1
! nedprod 1284 1
! nowaday 266 1
! ndertig 1986 1
! neuroma 1591 1
! nonverb 3759 3 3296 2
! nskning 4690 1
! nonagon 3190 1
! noctuid 2114 1
! neilsen 1308 2
! neumann 4991 2 2341 4 3701 1 2227 1 1872 1 4648 1 993 1
! nuetral 428 1
! nucleon 4697 3 4052 2 3207 1 1292 2 916 2
! noarosc 4715 3
! novembr 404 1 142 4
! nielsen 1310 1 2952 2 1307 1
! naumann 2897 1
! norwalk 3053 1
! naughti 4690 1 1492 2
! nerdypc 4849 2
! netmask 4693 2
! nightim 4023 1
! noorder 4653 2
! nihongo 3057 1 1775 1
! niyamya 2323 2
! nutshel 158 1 154 1
! naipaul 2881 2
! newicon 4693 1
! norrman 4690 1
! ngilizc 276 1
! noether 3954 1 4697 1 4692 2 687 1
! nodular 3789 1
! nderlin 2732 1
! nascent 460 1 116 1
! neolith 4180 1 3026 2 3017 13 3638 8 2340 4 974 1 4648 1 643 1
! neutral 427 8 460 8 467 5 445 2 398 1 191 1 221 10 106 1 152 2 359 1 406 1 475 1 383 8 204 1 251 2 384 2 223 2 248 3 202 2 162 2 438 2 117 1 27 4 56 1 226 1 6 1
! notjunc 2293 1
! nunneri 722 2 709 2
! norfolk 3163 2
! nahuatl 4608 1 4152 1 4045 1 3694 3 621 1
! nizhnik 4696 1
! neccest 1429 1
! nirukta 3023 1
! netbook 158 2
! natural 4668 2 4239 1 3024 1 2327 1 1726 2
! newcomm 4550 8
! ndfdxml 3363 19
! newahzh 939 1
! newdocu 4356 4
! noindex 157 1
! nonnetj 1503 1
! nordisk 720 1
! noruego 2673 1
! nuestra 224 3
! numquam 4012 1
! nichrom 2404 1 576 1
! nternat 4601 1
! niobium 2585 1 2403 12
! nodeset 2680 1
! noisier 4180 1
! netcent 4760 1
! nastier 428 1
! nanomet 353 1
! nanotub 93 1
! neuerer 2782 1
! nicotin 369 4
! nulliti 1036 1
! nunquam 1431 1
! nervosa 3499 2
! nedhorn 4302 4
! nigeltn 297 21
! neuburg 2521 1
! niggers 142 1
! nouvell 408 1
! nongent 3361 1
! nanobot 4584 8
! netinet 4394 2
! nonatom 4202 2
! nonummi 3844 2 3843 2 3841 2 3842 2 3837 2
! norwood 3296 1
! nosotra 254 1 224 1 199 1 166 1
! nouveau 4761 1 4693 1 4694 7 799 1
! nukkuva 4831 1
! nurseri 2714 1 1025 1 508 1
! nusquam 4012 1
! newspap 375 1 249 3 482 1 337 1 222 2
! naropin 7 1
! nanboku 4317 2
! nordpol 4869 1
! neunten 4586 1
! numbers 4697 2
! naturel 3231 2
! nonkosh 709 1
! novelti 142 2
! nesioti 2158 4
! netizen 968 1
! neunzig 2317 1 1484 1
! nonskip 1804 1
! netscop 4760 1
! nephron 3789 25 1159 3
! nesquik 2677 2
! newhart 1872 1
! niklaus 116 2
! nisbett 2865 1
! nonviol 3772 1 3320 1
! noontim 997 1
! newborn 3663 1
! natsirk 499 1
! nominit 2106 1 1461 1
! narciss 4671 1 4648 1
! norbert 3701 1 2772 1 4648 1 573 3
! noblest 2323 1 1879 2 1166 1
! nourish 464 1
! nephrit 4649 2
! nearest 330 1 158 1 24 1
! netplay 398 1
! noruegu 2673 1
! nepomuk 3453 2
! nutriti 237 1 200 2
! niemowl 1274 12
! negress 504 1
! nucleus 353 1 352 2 467 2 38 2 350 1 349 8 193 1 36 4 358 2 438 1 24 1 35 9 355 2 125 1 26 2 37 1 359 22 21 8
! notiopn 1726 1
! nonsens 498 1 221 1 176 1 160 1 428 1 142 2 162 1
! nostril 4770 1 3025 1 2323 1 1881 1 1591 1
! naisson 824 1
! neocort 4582 3
! nuageux 939 1
! nutirti 2152 1
! newlisp 1264 2
! nations 2865 2
! niejszi 307 1
! nonwhit 4790 1 736 2
! nostrud 3844 2 3843 2 3841 2 3842 2 3837 2
! neurosi 4648 1
! novelmu 833 1
! nonzero 331 1 49 1 148 1 48 1 47 1
! notstat 1750 1
! notatum 2015 1
! newlett 4748 1 1038 1
! noprint 260 9 129 3 123 3 83 1 27 3 406 2 21 4
! newness 4668 1
! network 431 2 447 2 312 1 265 4 359 11 479 1 150 6 311 2 358 1 352 2 329 2 398 2 492 3 314 3 392 1 298 2 300 1 315 4 154 10 223 1 301 1 158 2 142 2 41 2
! nvertex 447 2
! nvlastr 52 1
! nynorsk 2634 25 2624 4
! naissez 824 1
! navlist 4616 2 4619 1 4608 2 4603 2 4622 2 4600 2 4656 2 4601 2 4731 2 4599 3
! numerot 4831 1
! nodetyp 3998 1
! neutron 438 3 142 3 35 2 21 4
! newlist 4119 2
! novikov 4696 2
! nullius 562 3
! navtest 3841 4 3836 5 3839 2 3838 7 3837 4 2445 1
! nocturn 2274 3 3968 3 4770 4 1140 1 2669 10 2114 2
! nigroqu 502 1
! norrisr 4693 1
! nuestro 224 4
! nvalstr 52 2
! nootrop 1591 1
! nfshost 4731 1 4074 1
! nordstr 1070 2
! nitroso 369 5
! nonsist 1129 1
! notatus 2874 1
! numerus 502 1
! neutrum 973 1
! novakyu 40 3
! neophyt 4776 1 3272 1
! nosotro 450 1 435 4 280 7 290 4 224 3 166 3 199 2 254 2 429 1 198 5
! noxious 2798 1
! nunavut 1416 5
! noinput 3257 3
! nostrum 695 2 504 1
! newport 3544 1 828 1 572 1 571 1 570 1
! newtown 572 1
! nyquist 2518 2 1350 2
! nolumus 4010 1
! nentous 2327 3
! nstersv 4690 1
! numsort 4215 4
! nitrous 142 1
! nervous 231 1 226 2 204 1 229 6 230 1 142 1 227 2
! nuvvulu 2560 1
! nabataea 2865 1
! nakereba 1384 3
! nishedha 2323 3
! nymphaea 4275 4 4225 2
! nolegaci 4693 1
! nikujaga 4251 1
! nobunaga 284 1
! nadezhda 2330 1
! naachani 2560 2
! noachian 3144 1
! naijamal 2865 2
! nadzieja 1270 1
! nececita 4842 1
! nabatean 2883 1
! nematoda 231 2 229 2
! nabataen 2865 1
! nigreich 993 2 970 4
! nickname 3742 1
! navpalib 1186 1
! nagasaki 251 2
! nilotica 2897 1
! namespac 427 2 152 2 428 1 43 1 419 2 398 9 444 1 491 2 56 1 338 2 177 4 223 1 176 2 153 4 265 1 173 1 167 9 113 1 160 2 156 1 441 1 142 1 418 2 111 6 157 17 410 3 88 1 366 1
! nonbreak 1000 1
! norelief 3203 2
! neopagan 2902 1
! numidian 3145 2 3025 1 3143 2 3003 1
! newsread 1296 1
! normalci 1492 1
! naomichi 4251 1
! nccbuscc 2865 1
! normaali 4831 2
! nebraska 158 2 27 1
! narendra 3171 4
! nnlichen 1066 1
! nonlocal 4697 3
! nucleoid 358 1
! nobleman 2779 1 1273 1 570 1
! nutcrack 4869 3 2897 1
! notabili 2896 1
! neeklami 2086 1
! nightfal 4180 1
! noctuida 2114 2
! nemertea 231 1 229 1
! nemonand 2539 1
! ninefold 3023 1
! nishioka 4697 9
! numofpag 2632 1
! neugebau 3026 1
! normandi 3638 1 1763 7 1930 3 1764 2 739 4 722 2
! nightgal 954 1
! napolean 843 1
! naissanc 142 1
! nachtrag 1514 1
! nuthatch 2897 3
! notablli 3104 1
! nonlucid 3253 1 3083 1 2260 1 3317 1 1827 1
! nodetail 2293 1
! nkstdcap 2403 1
! naphthal 2403 7
! newfangl 397 1
! nucletid 365 1
! nullspac 41 2
! numblock 3041 1
! nojavasc 4323 1
! noblemen 3663 1 1411 1
! nricardo 1599 1
! ngernail 4673 1
! nigsberg 447 1
! nonblock 4350 2
! netblock 160 1
! necesita 4827 1
! neverend 4392 1
! nitpicki 682 1
! nopassag 2294 1
! nachynka 2021 2 1595 2
! nsobject 4356 1 4330 4 4337 1 4202 1 1332 1
! napisali 1278 1
! noiembri 1258 1
! nondivid 359 1
! nassirah 3024 2
! newspeak 4616 2
! nicholsa 3883 1
! nonreact 211 1
! newalias 2905 1
! nineteen 7 1
! nonmetal 3595 1
! nucleoli 359 3
! nyererei 3873 2
! negentig 1986 1
! nkischer 2561 1
! nanstici 591 1
! national 4930 1 3920 1 4916 1 2327 1 3979 1 1914 1
! namaskar 1190 2
! nonchord 229 1
! natvatma 2323 1
! neoptera 2811 2
! noinclud 3 2
! nonorgan 32 1
! nordmann 2666 2
! norwegen 1191 1
! naumanni 2897 3
! nvijftig 1986 1
! nukuttaa 4831 1
! norseman 722 1
! neighbor 359 1 24 1 222 1 123 1 358 2 248 1 94 1 6 3
! nesesita 4175 1
! newctfil 4694 1
! neunundf 3887 1
! noaccess 4279 2
! nightjar 2897 4
! naisesta 4831 2
! nectarin 1336 1 974 2
! newcomen 4790 3
! nintendo 3495 2 4204 1 3059 1
! noncanon 4697 24
! noncoval 363 1
! novpensa 402 1
! naturali 4697 1 2775 1 995 1
! newsreel 739 3 736 1
! newsgath 2129 1
! nonstick 1662 1
! narempub 2392 2
! nhesketh 4360 3
! nightmar 2765 1 4690 1 1585 10 573 1 2341 1 4763 1 2210 2 1963 1 3780 8 1591 1 1619 1 739 1
! nitrogen 369 1 358 18 352 1 365 1 453 1 354 2 24 1 123 4 26 1 27 4 7 3
! nonhuman 4771 1 4770 2
! norsemen 2882 1 722 1
! notebook 284 2 398 4 278 7 168 1 142 1
! neurogen 3789 2 1156 1
! nobiliti 4668 1
! newburgh 593 1 572 1
! nightday 3744 1 2489 1 2378 1
! nockerln 2561 1
! nonident 1356 1
! nutshell 1491 1
! norveges 2673 1
! negatiev 2956 1
! negation 4668 1
! ncestral 4771 1
! nasholim 3026 1
! nazareth 3118 2 3021 1
! napoleon 245 2 248 2 243 2
! neurosci 225 1
! nilclass 431 2
! nonpolar 453 6 123 1
! notpaper 1151 1
! nourrira 4184 1
! normalis 1071 1
! nabemono 4251 1
! natiunii 142 1
! northmen 3638 1
! nanowiki 620 1
! neandert 4752 1
! nameword 1713 2
! naphthol 7 1
! nasrudin 142 1
! ncxeuhnk 3592 2
! needless 415 1 421 1 131 1
! newfound 249 1
! nopeasti 4831 1
! notstalk 3602 1
! nthnlvnd 1353 1
! neoclass 1916 1
! notfound 4653 2
! nobelium 2585 1
! novembro 4107 1
! nietzsch 4790 2 3885 1 4582 4 4352 1 3758 1 3743 2 3266 2
! nmontagu 3649 2 3598 2 1601 2
! nubuwwah 4958 1
! naturell 799 1
! ntwintig 1986 3
! nashvill 4660 1 708 3 2952 1 2882 1 2441 1 709 1
! nourirra 4184 1
! noospher 4582 1 3541 1
! nanstuna 591 1
! nearterm 398 1
! neunzehn 2317 1 2106 2 3729 1 1484 1
! neurolog 3620 1 1585 1 3213 1 2334 1 2015 1 1186 1
! nordflor 4297 2 4275 1 4225 1 4208 1 3739 2
! nsstring 4356 2 4202 2
! newcastl 4066 1 3963 1 2783 1
! norweski 2673 1
! nameless 2340 1 2313 1 1804 1 1504 1 504 1
! nonspher 4697 9
! nighttim 843 1 709 1
! nonempti 4696 1 956 2 3699 9 669 1
! nonfunct 1138 1
! northern 251 1 249 1 158 8
! notation 3266 1
! noyatowa 4603 1
! necesito 4495 2
! nextitem 1106 1
! nlargest 1316 1
! nicolaus 26 1
! nonplant 3096 1
! negatron 2477 1
! newscast 1864 2 991 1
! nminhtri 1740 1
! nonlatex 2014 2
! nippones 4206 2
! nonmotil 359 1 230 1
! numbness 4668 1
! necessit 4584 1 4180 1 3270 1 1741 1 3013 1 2327 10 4688 1 2323 1 1503 1 843 1
! namelist 3697 28
! naughton 2319 2
! nevilley 1936 4
! nodelist 3182 2 2840 1
! nderzeit 918 1
! negativo 4239 1 4245 1 4175 2
! nikolaus 4869 1
! nicolson 1554 1
! navngivn 921 1
! nearness 4668 1
! newarray 4215 10 3041 1
! nonunion 3108 1
! nihilist 3021 2
! noexpung 4715 2
! neophron 2897 1
! nanometr 2403 1
! naissent 824 1
! nameserv 1185 5
! nutrient 359 2 358 5 464 1 200 5 355 2 230 1
! nombreus 3965 1
! narrowli 176 1
! neutrino 132 1
! nontrivi 260 1 150 1
! novjorko 406 4
! nucellus 1146 2
! nickserv 3742 11
! novelist 3054 2 4636 1 2881 3
! numenius 2897 5
! nonpoint 3096 3
! nascetur 502 1
! nobuyuki 3620 1
! nucleous 4648 2
! namisnyk 2403 5
! nextstep 1332 2 1204 1
! nombreux 3965 1 3272 2
! nonnutri 3620 1
! nonvirul 934 2
! nslookup 1185 6
! newslett 4765 1 4748 3 3320 1 2538 1 2772 1 2530 1 736 1 1813 1 4619 2 4860 1 1038 3 2236 1
! novertex 2295 1
! nativist 736 1 709 6
! nequeunt 584 1
! nonexist 108 1
! nongroup 4770 1
! notfirst 2366 3
! newgroup 4550 5
! networks 4584 1
! noreturn 2381 3
! nautilus 229 1
! newinput 4813 4 4716 4
! nonfuzzi 4696 2
! nabathaea 2865 1
! nolibhead 4715 1
! nonadecan 122 1
! nucifraga 2897 1
! nabataean 2865 3
! nemafakei 4449 2
! namespeac 4748 1
! namespace 2626 1 1581 1 1241 1 4293 1 1224 1 1369 1 1222 3
! nodanaobj 3178 3
! nacogdoch 736 1
! nathanael 572 1
! niemiecki 943 1
! necesaria 4175 1
! nonenamid 2096 1
! nostalgia 4648 1 3944 1
! narembeen 2392 4
! nederland 3827 1 1458 2 1459 4 1503 1 1457 4 2952 2 1775 2 4754 1 1465 2 1816 1 1772 1 1497 8
! nicaragua 164 4
! nekotachi 373 1
! namadheya 2323 2
! nebularia 2897 1
! neognatha 226 1
! neostrada 4616 1
! nightshad 3739 3 2097 1 2096 1 1958 1
! novadream 1591 9 1585 1
! niezamaco 888 1
! needlelen 3221 3
! nocommand 4655 1
! nominasai 379 1
! nesesaria 4175 1
! numbersad 1107 4
! namaskaar 1190 1
! newscienc 4651 1 4648 1
! neoshaman 2804 3
! nathaniel 1306 3 1308 1 593 3
! narayanam 2323 1
! nessecari 1963 1
! nordkorea 4546 1
! neccesari 2500 1
! nfunddrei 4586 1 2317 1
! nussknack 4869 2
! newctfile 4694 3
! noldoaran 4221 2 1818 1 1667 1 1747 2 1560 2 1365 2 2180 1 1113 2 953 4
! nosereind 142 1
! norwegian 2666 8 4690 2 1775 1 4689 1 2673 7 2661 6 4860 1 3663 1 2629 13 2881 1 2636 10 3160 1 4793 1 2631 1 1981 4 2625 11 2658 7 2635 3 4395 1 2624 17 2630 1 4493 2 2634 5 1191 4 4152 2 621 1
! neoarameo 3024 1
! nuremberg 249 1
! nombrando 921 1
! nondiagon 4697 1
! normalien 809 1
! nonreligi 4775 1
! nachholen 2782 1
! noncombat 739 1
! nemertean 2203 2 1510 1
! newobject 4716 3 4694 4
! nonfluenc 4670 1
! nonlinear 259 2
! normalmap 2295 1
! noncombin 3057 1
! nucleosid 934 1
! nagarjuna 4648 1
! nativehen 2158 5
! nucleotid 453 1 230 1
! nyheterna 4690 1
! nuclephil 568 1
! northridg 3296 1
! nonecolog 3873 2
! nordmanni 2897 1
! nonpareil 1374 1
! noorullah 4958 1
! nevermind 40 1
! nudelwalk 4869 1
! narimasen 1384 1
! nopeammin 4831 1
! nonplanar 2293 1
! netinclud 4694 1
! negentien 1986 1
! necessari 417 1 402 2 149 1 444 3 398 4 266 4 427 1 330 1 392 1 298 1 344 1 391 1 359 1 265 2 222 1 199 2 152 1 498 1 263 1 493 1 211 1 193 1 428 1 146 1 129 2 207 1 113 1 200 1 482 1 56 3 165 1 24 1 282 3 47 1 108 1 123 5 499 3 181 2 158 1 43 1 54 1 472 1 49 1 38 1 50 1 6 1 46 1
! neanderth 4780 1 4648 1 4647 1
! necessita 4065 1
! notochord 229 4 226 6
! nsinteger 4202 4
! necesario 3024 1
! nonassoci 4697 11
! nonmagnet 2595 1
! neorandom 1718 1
! nephrogen 3789 3
! nceessari 2327 1
! notancion 4239 1
! neopentan 123 3
! nderungen 1285 2
! numerador 4175 1
! newsstand 2016 1 1306 5
! newtonian 93 1
! newuserid 3041 3
! nighthawk 2897 1
! noncyclin 1356 1
! normaliti 4668 1
! northward 3673 1
! noticiero 991 1
! necesitar 1526 2
! noautoind 3913 1
! nominalis 1177 1 657 1
! nationwid 4790 1 708 1 2952 2 4903 1 2901 1 736 1 733 1
! nestorian 3024 1
! noncompli 2732 1
! nontradit 398 1
! nachspeis 3004 1
! nephrolog 2015 1
! noviecito 3192 1
! navclient 828 1
! numerolog 4583 2
! nephelium 974 1
! neweconom 1838 1
! nocollaps 2295 1
! nfzehnten 4586 1
! nuremburg 739 1 702 1
! necropoli 3026 2
! neologism 4668 1
! nonperish 4744 1
! neuropath 4885 1
! newjinbun 4021 1
! nicdriver 4694 1
! nonfilter 3789 1
! naamwoord 1713 9
! namearray 4215 7
! notarikon 4583 4 3751 1
! nullement 3965 1
! novecento 3361 1
! necessiti 4668 1 2327 1
! neighbour 4781 1 4572 6 4047 1 3055 1 4889 1 4038 2 3026 1 650 1 3019 1 2616 1 2340 3 3638 1 2327 2 4626 1 2188 1 3002 1 3554 1 1321 1 3023 1 1802 1 1624 1
! nontermin 4748 2
! northeast 4897 1 2872 2 4023 1 591 5 1460 1 703 1 736 1 2231 1
! notorieti 1747 1 1308 1
! nstrandum 500 1
! noninerti 4697 1
! neutralis 389 1
! nfunction 52 2
! neoplaton 3025 1
! neuliment 142 1
! naturalis 2783 1 2450 1
! noncommit 3070 1
! nonunitar 4697 2
! neutralit 142 1
! nucleosom 1128 2
! notcommon 1232 1
! nodanastr 3178 2
! nexttoken 3978 7
! newstring 47 2
! noneffort 2210 1
! nominativ 1490 1 995 10 1022 1 992 1
! nameguess 3687 3
! nicholson 3901 1 4870 2 1870 1
! noresourc 3257 1
! neurocosm 3499 3
! nfgdayton 4197 3 2578 4 1290 3
! nonexecut 4673 2
! nutriment 258 1
! nonprofit 56 1
! nanorobot 4648 1
! necessaru 2826 1
! nonstrict 4696 1
! numberbyt 3041 3
! nameerror 3720 5 3696 2 4119 1 3329 2
! newington 3053 1
! necessest 584 1
! nudelholz 4869 2
! nulvector 956 1
! neodymium 2585 1
! nanowrimo 2956 2
! neverness 4668 1
! nullonset 3149 1
! nucleolus 350 1 359 4 349 2
! nutrishop 2919 3
! nihongoup 3483 2 1287 1
! natriuret 3789 3
! nostringv 4279 13
! nonrecurs 1824 1
! nonperson 4648 1
! nicksetup 169 1
! notopleur 2174 1
! neocortex 4648 2 4582 7 4584 3 2804 1
! nanopoulo 4697 2
! nonsequit 920 1
! nomonitor 4693 1
! neptunium 2585 1
! noninvert 2774 5
! neopentyl 123 2
! nephrocyt 226 1
! noncommut 2603 2
! nonintuit 3408 1
! ntfsresiz 2379 11 935 1
! nandesuyo 1384 1
! nstextbox 4333 1 4330 1
! northwest 4897 1 2952 1 2852 1 3145 1 593 8 3026 1 1416 5 591 5
! narrowest 1166 1
! necropost 3120 1
! newsgroup 282 1 398 3 293 4 233 1
! nonimprov 4696 2
! nonnullus 4012 1
! nostartup 4694 1
! notesquiz 3149 1
! nieuwport 1986 1
! nourritur 4433 1 796 1
! nirvachana 2323 1
! nandiniida 2265 1
! nymphalida 2273 1 2114 2
! nameofimag 418 1
! naqshbandi 4958 5 2865 1
! nudibranch 229 1
! newcodebas 56 1
! nehalennia 2874 1
! nitidulida 2174 1
! noncoincid 4696 5
! newobjecta 4694 1
! neverchang 2327 1
! nonspecifi 3790 1
! northernac 4558 2
! needletail 2897 1
! netherland 406 1 252 1
! newfilenam 3041 3
! nordirland 993 2
! newcommand 3722 2
! northbridg 4498 1
! niederwald 158 2
! nightingal 4038 1 2897 2 2015 2 954 1
! nirvikalpa 4648 1 2323 1
! nederlando 406 1
! northstead 1802 1
! namedaemon 1185 1
! neoclassic 4761 1
! numberofel 4215 5
! natuerlich 2919 1
! nondegener 4697 1
! necesarili 24 1
! neosittida 2290 1
! nitroalkan 568 1
! norwegisch 2673 1
! nonhominid 4582 1
! nachmittag 4586 1 3004 1 4427 6 3887 4 997 5 825 4
! ndselscell 2954 1
! nederlands 1503 1 1457 1
! nonincreas 4696 1
! nosubdivid 2293 1
! nonnuclear 4748 1
! nigricolli 2897 1
! neccessari 4693 1 3778 1
! necessarii 502 1
! njaminyang 3625 1
! noncompact 4697 3
! nulceopjil 1139 1
! nannothemi 2874 1
! newinstanc 3182 1
! nucleophil 126 4 124 4 123 2 6 74 28 3 7 1 125 3 26 12
! nonhomogen 331 6
! nationhood 4317 1 3638 1 593 1
! naturaleza 4239 1 3024 1
! neapolitan 3640 4 3485 3 1595 4 4152 1 621 1 3021 1
! noblewoman 4416 1
! nucleusinc 2015 1
! nombraremo 4252 2
! nineteenth 12 1
! nitsitapii 1416 2
! nieuwgriek 1288 1
! nonsteroid 4885 1
! navigation 3222 1 4668 1 2503 1
! nominative 499 1
! newtonsfig 4753 4
! narzeczona 890 1
! nupshowpag 4279 2
! narcolepsi 1259 1
! nationalit 2264 1
! neuroptera 2811 2 2271 2 2263 1 2130 1 2114 2
! normalment 4772 1
! nonunitari 4697 44
! nacimiento 3829 1
! nitrosamin 2652 1
! nestoriano 3024 1
! neopallium 2804 1
! northcastl 4066 1
! numeration 4668 1
! newgroupid 3041 3
! nannyberri 974 2
! neuroveget 4648 1
! ndimension 4697 1
! nocturnell 3751 1
! noncommuta 2711 1
! naengmyeon 4839 2
! neutrophil 1155 1
! nycticorax 2897 2
! nentwintig 1986 1
! needlework 570 1
! nonconform 825 1
! norvegicus 3968 1
! natuurlijk 4496 1 1986 5 1816 1
! nominaitiv 1778 1
! nonspontan 916 1
! numberless 2323 1
! nonessenti 1069 2
! nieosobowi 892 2
! noucentism 142 1
! nachtmusik 3462 1
! nutrasweet 2672 1
! nearlyther 2956 1
! nonobstant 1431 1
! neurospora 1131 1
! nonproduct 1916 1
! nonpayment 4668 1
! nonpotenti 4697 37
! noteworthi 3950 1 3760 1 3013 1 3024 1 1764 1 2358 1 2327 1
! neuropsych 4648 2
! nondispers 259 1
! nanoriyomi 284 4
! natuurkund 142 4
! naturalist 309 1 12 1
! nstruction 332 1 115 1
! nutrasanus 3620 1
! noncommitt 1768 1
! nodestruct 935 1
! nationalww 739 1
! negativist 2617 1
! nonconserv 4697 13
! nanosystem 2403 1
! ngutuparor 2896 1
! narcissist 3369 1
! narrowness 4668 1
! nonsymmetr 4697 8
! nematocyst 229 1
! neurotoxin 123 1
! notiomysti 2896 1
! nasturtium 1974 3
! nieuwpoort 1986 8
! nicomachean 4582 1
! novaeanglia 2133 1
! nebeneinand 1736 1
! niokolokoba 1040 1
! nonstandard 120 1 111 1 49 1 47 2
! ndfdxmlbind 3363 4
! nearsighted 739 1
! neccesarili 1509 1
! nsoyeblcyha 3391 1 3368 1
! notodontida 2273 1
! nonparallel 743 2
! nibrahmavih 3023 1
! nimatullahi 4958 1
! nobackslash 4655 1
! nstextfield 4334 1
! noncommerci 150 2
! nachrichten 4224 1 1027 3
! nephropatia 3789 1
! newdtobject 4715 2
! numhardlink 3041 1
! neununddrei 2106 2
! nonpathogen 358 2
! nonscientif 4697 1
! necessarili 318 2 285 1 465 1 373 1 498 2 297 2 207 1 113 1 292 1 204 1 298 1 411 1 176 1 7 1 54 1 383 1 496 1 26 1 167 3 282 1 491 1 303 1 397 1 6 2 24 1 165 1 399 1 398 2 427 2
! neucleophil 916 1
! nitromethan 369 4
! nerisyrenia 2471 2
! noninteract 1573 1
! nephropathi 3789 1
! neurobiolog 3213 1 4080 2 2375 1 2215 1
! nikolaustag 4869 1
! naamwoorden 1713 5
! nightmarish 1585 1
! nickpenguin 3265 5 3187 2
! nondetermin 3857 1
! normaalisti 4831 1
! nonvascular 2542 1
! navratilova 1864 1
! nootmuskaat 1478 1
! ncurrentfil 4279 1
! nahrungserg 2919 1
! nonetheless 496 1 399 1 249 1 499 1 202 1 427 1
! nevetheless 574 1
! nonencapsul 934 2
! neurocognit 3620 1
! nationalist 251 1 249 4 247 1
! nomenclatur 4 2
! nondescript 4877 1
! nondisjunct 1130 2
! nocheintest 142 1
! nonconsecut 4653 1
! newstylefoo 3334 1
! noncompetit 211 2
! ntroductori 4149 1
! nigirizushi 3579 10
! nansunsnanu 591 1
! nansunstuna 591 1
! neurologiqu 3965 1
! nathanfyosp 3057 1
! numericsort 3041 1
! neurologist 4790 1 2334 1
! nannopterum 2158 2
! neoptolemus 287 1
! narciarstwo 142 1
! ndfdxmlport 3363 2
! nonsuperpos 130 1
! nasopharynx 1158 1
! nelzasuzart 142 1
! nvvgnvzglmv 2390 1
! nonstructur 4696 1
! nedjdjduedhd 142 1
! noncanonical 4697 1
! notwikipedia 1151 1
! nameofthepag 1768 2
! namednodemap 3182 1
! naremcaravan 2392 2
! newxmlschema 2128 1
! nonresonance 4668 1
! nameyourbabi 3053 1
! newfoundland 4066 1 722 1 3450 2 1623 1 3638 1 1416 6 571 4
! northernhvac 4559 1
! novayagazeta 2328 1
! neighborhood 4967 3 1047 2 3025 1 1308 1 3102 1 2323 1 4692 1 736 3 2881 1 2214 2 3011 1 1307 1 4193 2 728 1
! nonhermitean 4697 2
! nstlerischen 2782 1
! ndfdgenbyday 3363 10
! nfundsiebzig 3887 2
! neccessarili 4007 1 2800 1
! nternational 4155 1
! nfundsechzig 2106 1
! norwegiantoc 2666 1 2625 1 2629 1 2624 1
! narythegreat 56 1
! nicobenschop 914 1
! newspaperman 1307 1
! niderlandzki 1457 1
! nematomorpha 229 1
! nomenclatura 921 1
! nonpotential 4697 2
! nvironmental 4149 1
! naishkarmyam 2323 2
! neuroanatomi 2555 1
! nomenclature 4668 1
! nansicystici 591 1
! nonwithstand 160 1
! notwithstand 428 1 54 1
! neunhundertf 3887 1
! nebrwesleyan 3600 1
! naispuolinen 4831 1
! nebertheless 4641 1
! nonpsycholog 1678 1
! neuroetholog 4648 1 3213 1
! nonintersect 447 1
! narragansett 1311 1 1310 3 570 1
! northeastern 251 1
! nfundvierzig 3887 1
! numberofstud 266 2
! nongoverment 3320 1
! nansicysnanu 591 1
! newscientist 1474 1
! northwestern 4608 1 703 1 3002 1 4480 1 3025 1 2865 1
! nistraigunyo 2323 1
! nutritionist 237 1
! northernmost 4893 1 4892 1 2134 1 570 1
! nonconstitut 2016 3
