! oa 193 1
! ob 4879 1 1784 1 1514 1 4216 4 4012 3 890 1 2474 1 1748 1 1285 1 1736 1 726 1
! oc 272 1 142 7
! od 3620 2 3428 1 1576 1 4831 1 2862 2 708 1 1280 1 1270 1 4279 4 1573 5 1253 2
! oe 496 1 9 1
! og 171 1
! oh 223 1 453 10 173 1 495 1 253 2 444 3 118 1 405 4 167 2 402 1 26 1 369 6 404 2 427 1 473 1 285 1 428 1 193 1 475 4 221 1 186 1 142 1 135 1 90 1 398 1 7 2 6 9 282 2 160 1 111 1 56 6
! oi 204 1 193 3 90 1
! oj 405 2
! ok 404 1 336 1 398 2 340 1 441 1 253 1 414 1 190 1 237 1 49 1 417 1 276 1 223 5 494 1 165 1 330 2 142 3 397 3 444 4 491 1 428 2 146 1 192 1 427 1 120 1 186 1 208 1 40 1 282 1 56 6
! ol 253 2 433 4 290 7 435 3 369 1 337 3 429 1 7 1 260 2 407 2 223 1 216 2 426 1 150 2 166 2 56 5 41 10 418 5 142 6 164 1
! om 470 1
! oo 405 5 404 2 193 2 496 1 166 1 142 1 154 1 14 1
! oq 2454 4
! op 491 1 453 1 142 9 7 2
! os 429 1 198 1 321 1 142 1 280 1 265 1 254 2 484 34 224 3 169 1 168 1 398 3 190 1 282 1 157 5 120 2
! ou 496 1 462 1 142 1
! ot 398 1
! ov 3499 1 2214 1
! ow 496 1 405 1 193 1 142 1
! oy 405 1 193 1
! ox 292 1 242 1
! oz 463 1
! oda 284 1
! oga 4391 1 799 1
! oac 998 2
! obc 892 1
! oja 4629 2 4628 1 4605 4
! odd 496 1 56 1 447 2 260 1 165 3 202 1 123 1 284 1 207 3 163 2 318 1 111 1 162 1 47 1
! obe 3780 3 1591 3
! ode 332 1 331 32 115 1
! ola 435 1 337 1 142 1 166 1 56 1
! oed 2427 1
! oma 4831 1 2321 1
! ocf 4279 5 4094 1 721 1 2865 1 720 1
! oic 369 1
! ona 3602 1 1807 2 1270 4 890 2
! ooa 142 1
! omb 654 2
! olc 4536 1 890 1
! old 491 1 21 1 162 2 492 1 472 1 393 1 191 1 473 3 285 1 145 2 48 1 242 2 180 1 462 2 226 1 406 3 498 1 216 1 222 1 224 2 418 3 282 2 253 2 221 2 402 2 14 1 499 1 208 1 16 1 113 1 160 5 244 3 150 2 444 3 153 1 56 26 484 1 249 2 152 1 58 1 173 1 267 1 176 1 167 1 458 2 223 2 355 1 381 1 52 1 163 4 204 1 398 4 392 1 330 1 427 1 186 1 165 2 142 2
! ora 190 2 168 1 166 3
! oai 2451 3
! ogg 417 2 402 1 408 1 166 15 304 2 223 15 190 3 404 5 426 4 173 8 158 5 232 2 199 2 56 3
! osa 4831 2
! ohe 515 1
! och 6 3
! obi 1186 1
! oak 3558 2 4648 1 1876 1 2319 2 708 2 3513 4 4690 2 3125 1 4863 1
! odi 502 2
! ond 4690 1 2800 1 2229 1 1002 1
! opd 304 1
! orb 4697 1 3386 1 3025 1 2114 1
! opc 1269 1
! oke 830 2
! ova 405 1
! ole 496 1 431 3
! ood 142 1
! obj 4884 3 4653 4 2343 1 4813 1 4716 2 4694 3 4715 1 1167 41 3260 3 1576 1 2381 1 1431 1 3790 1 3372 3 732 5 504 8
! owa 890 1
! ock 2139 1 890 1
! ohi 4831 1
! ord 3718 23 3041 9 1497 2 709 1
! omg 499 1
! oal 4391 1
! one 3 1
! osc 4043 1
! orc 4066 1 2403 2
! opf 4697 1
! ore 246 1 131 1
! oud 142 4
! oii 2865 1
! owb 4694 1 4693 6
! ong 2451 1
! ose 193 1
! otd 4582 2
! oel 4647 1
! ove 142 1
! oem 298 1
! ohk 404 1
! omi 796 1
! obo 3110 1 2441 1
! ooh 1426 1 4605 1 4066 1 4391 1 1267 2 3057 1
! org 2 1
! ogl 3372 3
! ocn 12 2
! oli 4831 3
! oni 406 1 402 1
! opi 4279 1
! ooi 1503 1
! obp 4109 1 3684 1 2288 1
! odo 4432 2
! ohm 437 1 142 3
! osh 2625 1 1748 2 1579 1 1577 1
! owe 358 1 221 1 165 1
! oye 3084 1
! ouf 3592 1 1199 2
! oil 496 1 251 1 359 1 258 1 123 3 200 14 226 1 186 2 142 1
! odp 4073 1
! oco 1186 1
! ohn 3004 2 1513 2 1022 1 4180 1 890 1
! oll 1652 9
! ozf 1380 1
! osi 4351 2 3861 2 4884 2 3864 5 1149 1
! oin 142 1
! oar 359 1
! oas 2865 1 504 1
! ook 4754 5 4169 1 1497 1 1816 2 4496 2 1713 1 3562 1 1459 6
! ori 142 4
! oti 1503 2
! ocs 4693 1
! ohp 2403 1
! ojo 288 1 242 2 224 2
! oko 1274 2
! opl 142 1
! owi 1270 1 1273 10 888 1
! oat 462 1 369 2 200 2
! omn 4831 1 1431 1 584 2 583 1 502 1
! ovi 3145 1
! ork 3449 1
! oui 404 1 193 1
! ocr 437 2 154 1 93 1
! oct 460 2 396 2 473 1 308 1 492 1 173 3 397 1 282 14 223 2 338 1 50 1 142 125 458 1 481 3 297 1 136 1 90 5 491 5 123 1 93 1 56 2 160 3
! ogr 4116 1 504 1
! omo 4780 1
! oon 1257 1 1256 2
! orm 4690 1
! ozh 1748 3
! ono 4656 2 2403 1
! ogs 2625 1
! ofs 4693 1
! onn 4909 1 4545 1
! orl 4790 1
! omp 4866 1
! obv 2865 1
! oft 4765 1 4688 1 4427 5 3887 3 1489 2 2435 1 1165 1 3957 1 679 1
! oir 198 1
! ois 3616 1 3145 2
! ooo 3368 5 3371 2 3266 2 3017 1 3399 2 1199 1
! opp 4653 2 1426 1
! oum 2560 1
! owl 51 1
! osn 2328 1
! oop 396 1 427 2 142 5
! oay 2451 2
! oit 799 1
! oso 4541 4 890 2
! onr 4590 1
! ocw 398 1 9 2
! oto 2139 1
! oyl 369 1
! oro 4831 1 3574 1 1573 1
! ogv 1251 1 976 1 962 2
! omt 142 3
! opr 2637 1 1280 1
! otp 3602 11
! oup 2139 1
! ovo 4251 1 2441 2 1441 2
! oor 4673 1
! ons 1710 1
! oot 404 1
! ors 4600 1
! ocz 1274 8
! olu 4831 3
! ont 359 1
! opt 491 1 336 27
! oyo 190 1
! onu 4831 1 4656 1
! oxo 369 2
! oss 4690 1 2629 1 3644 1 3171 1 1477 1 4694 1 1284 1 1185 1 1028 2
! ort 1178 2 967 2
! ost 4690 1 3046 1 1007 1
! opu 3592 2
! ous 4066 1
! ovs 2962 1
! osv 4831 1
! osu 4023 1 1300 1
! ott 3602 1 2804 1 1199 1
! oru 142 1
! ovu 2378 1
! owt 3041 1
! osx 3684 1 3307 1 4748 1 3293 1
! ooz 4066 1 1638 1
! onz 404 3
! otx 4584 2 4582 4
! osz 171 1
! odbc 1794 1
! olca 4831 1
! onda 242 4
! opac 3203 1 2698 1 2327 1
! orca 499 2
! olga 4762 1
! onga 405 1
! objc 4694 4 4356 17 1332 19
! omia 4831 1
! otcc 3416 2
! odef 4279 1
! olaf 3701 1
! odai 592 2
! once 385 1 248 1 472 1 402 1 398 2 260 1 221 1 406 1 359 1 475 1 222 1 363 1 410 1 298 1 157 1 183 1 223 2 177 1 158 1 434 1 115 1 21 1 6 2 369 1 47 2
! owca 892 1
! oake 4509 4 1906 1
! olah 6 1
! oena 2897 1
! oclc 1685 5
! olla 280 1 258 1 242 2
! otec 2952 2
! obra 1431 1
! orag 939 3
! omma 4958 1
! onai 205 2 193 1
! ohci 1576 1
! otag 4693 2
! oboe 3375 1
! ochi 2214 1
! ordf 1000 1
! octa 123 1 6 1
! omna 4831 3
! okeh 736 1
! oafk 142 4
! ooge 494 1
! okra 200 2
! opak 1273 15 1275 1 1270 3 1269 1
! ouai 1199 3
! ouch 3944 1 1059 1
! oeoe 1267 1
! orbi 502 1
! ogam 2882 1
! olle 1652 4
! ouma 2560 1
! orna 4690 20
! opci 1269 1
! obli 4812 1
! okan 3149 1
! oxid 465 5 354 1 211 2 123 3 142 2 27 1 5 2 358 1 292 7 6 10
! ojii 1384 1
! oben 2246 1
! ovid 499 1
! osak 1267 1
! olpc 3936 1
! ogen 1154 1
! ogre 4116 1
! olua 4831 1
! oman 3019 2 2865 5 2340 4 765 2
! oral 406 2 142 5
! otra 56 1
! oual 3965 1
! oncl 797 13
! onua 4831 1
! oden 4251 3
! omne 142 1
! ounc 142 1
! oeil 1503 1
! orig 4715 3 4279 6 1573 3
! orgi 405 1
! oili 4066 1 2765 1 2725 1 2704 1 2224 1
! oval 207 1
! olog 3407 1 2334 1
! omap 3203 1
! oxal 4051 1 2652 2
! olap 232 1
! orel 1864 1
! oasi 3266 11 2882 1 504 1
! obok 1280 1
! odin 3638 1
! odio 3844 2 3843 2 3841 2 3842 2 3837 2
! oleo 258 1
! omik 890 1
! onli 480 1 342 3 498 8 337 1 290 1 190 3 481 2 284 4 331 4 303 3 447 7 306 1 353 1 495 2 417 1 453 2 265 3 499 15 358 6 393 1 199 4 158 3 352 1 202 1 392 1 369 1 416 1 473 6 285 3 333 1 330 5 329 1 135 2 282 13 379 11 318 14 496 1 299 1 297 1 491 4 475 2 278 1 375 2 472 3 277 3 274 1 177 1 273 1 467 2 267 2 266 5 169 1 460 1 263 1 458 5 261 1 167 13 56 20 253 4 26 1 223 16 123 15 25 2 222 1 418 2 24 1 221 9 216 4 404 1 207 2 16 1 213 1 410 3 194 1 186 2 383 1 373 9 176 3 260 4 163 3 165 13 359 3 162 1 160 11 354 5 157 17 57 10 254 2 52 2 249 6 349 1 152 2 150 7 336 2 139 3 20 1 117 1 113 4 402 5 205 1 208 3 405 3 11 1 108 2 54 1 251 4 149 9 148 3 248 3 51 4 153 1 444 3 50 3 43 2 240 2 46 7 131 3 181 4 84 1 428 4 231 3 37 4 280 1 83 4 180 3 427 15 230 3 36 1 129 1 226 8 229 5 32 1 35 1 40 1 484 1 90 1 96 1 193 4 390 1 99 2 49 2 17 1 411 1 120 2 95 1 389 3 192 3 406 4 12 2 6 17 400 2 94 3 47 5 241 1 397 3 200 1 21 3 204 1 7 10 201 4 398 22 211 3 142 16 339 1 48 6 151 2 58 2 111 1
! oong 2726 1
! ordm 1000 1
! osii 2882 1
! ospe 4350 1
! outb 2865 3
! omen 4668 1 3350 1 703 1 3002 1 1879 2 2323 3
! oath 205 1
! olen 4831 12 3604 1
! obri 3449 1
! ocho 168 1
! ober 87 1
! ombr 242 1
! obes 3780 1 3620 19 3067 1
! odds 2092 1 3053 1 2173 2 2053 1
! oder 142 1
! ofer 142 1
! ohbs 3592 1
! olim 4012 1 3439 1
! omni 4831 1
! ospf 1477 2
! owmg 2865 1
! omar 249 1
! osem 3424 1
! oren 1308 1
! ohio 1400 1 2882 2 1064 1 843 1 571 16 709 3 2365 1 570 1 708 2 4066 1 1306 1 593 2 736 3 2865 2 703 4 648 1 655 1 735 1
! oooh 205 1 204 1
! obol 2865 1
! onni 890 1
! odes 331 4
! open 0 1
! ordo 593 1
! oohm 1256 1
! ochr 3055 1 2340 1
! olio 258 1
! omin 1307 1 890 1 1308 1 593 1
! oreo 4987 6 4120 1
! orph 1472 1
! otoh 56 1
! ongo 398 1 163 1 383 1 253 1 237 1 139 1
! orar 1526 2
! omat 4541 1
! olin 4831 5 1000 2
! owen 2881 9 1306 5 1405 6 4790 3 1864 1 2753 1 4038 1 1310 2 1749 1 1309 3 1307 2
! olat 568 1
! oven 280 1
! obfu 3033 1
! objs 4715 4
! oler 1526 2
! oner 4673 2 2342 1 2211 1
! opri 736 1
! otim 3943 2 3933 10 3891 3 3779 1
! oiko 1040 1
! opin 204 1
! ouzb 765 1
! oggs 1018 1
! oxen 4729 1 2865 2 2952 1 3663 1 3025 5 572 1 1772 1 504 1
! odzi 1275 1
! ordr 142 1
! ouml 3466 3 2106 1 1000 2 568 1
! orri 504 1
! oper 449 4 266 5 417 1 297 1 298 1 278 3 260 2 398 1 249 2 484 2 318 1 248 2 389 1 221 1 181 1 207 14 160 1 54 1 148 1 336 1 51 22 427 1 6 4 121 5 303 2 491 1 397 3 115 2 422 2 46 5 472 7 49 6 142 1 48 9 330 3 169 1 265 4 58 1 150 1 329 2 47 29 50 12
! ojet 242 1
! orat 249 1
! oczi 1275 1 1274 1
! onze 1713 1
! ofrm 1426 1
! ocpp 4036 1
! obex 3436 1
! obey 444 1 207 3 186 1 318 2 266 1 211 1 165 1
! oaso 256 2 223 8 190 2
! oxyd 894 2 881 1
! ovat 1752 1 4831 11 946 1
! oses 4694 2 3483 1
! ocnt 4693 1
! okay 398 3 208 1 428 1 186 2 427 2 282 1 216 1 297 1 253 1 176 1 181 1 56 2
! omit 223 1 204 2 158 1 20 1 444 1 224 1 199 2 166 1 281 1 120 1 285 1 150 1
! oslo 2636 1 3345 7 2865 1 2625 4
! odor 200 2
! octo 1431 1
! opis 4038 1
! ohms 3731 1 2403 1 2398 2 2705 4 965 1 586 2
! oyer 824 2
! okul 402 1
! oito 3361 1 562 1
! opul 4775 1 3638 1
! otis 4096 1 2897 1 572 2
! ooks 4152 1 4151 1
! ooop 1783 1
! oerr 1594 1
! oliv 249 1 200 3
! olwm 1575 1
! omgx 4537 1
! oney 1028 1
! oraz 1276 4
! orum 561 4
! oshu 3350 1
! ozon 25 3 6 1
! oint 383 1
! oast 726 1
! okey 1426 1
! olor 4495 1 2897 1
! ourn 1499 1
! opor 4637 2 3101 1
! ovum 3620 1 2131 1
! oest 4252 1 4175 1
! osso 2159 1 1431 1
! otro 280 1 291 2 56 2
! obst 3004 1
! ovul 1173 1 2251 1 1146 5
! omou 279 1
! onot 4656 2
! otto 4648 1 4550 1 2464 7 2456 1 3701 1 3635 1 4790 7 1846 1 728 1 2883 1 2839 2 562 1
! ozzi 2939 1
! oeru 1300 1
! omnu 4831 1
! opps 135 1
! ovey 4958 2
! odys 4038 1
! oort 1026 4
! owns 996 1
! oxey 2471 2
! outp 4183 1
! ovxm 4693 1
! oost 2006 1 724 1
! outr 3893 1
! ours 241 1
! orzo 3600 2 2490 2 1921 1
! onus 177 1
! otrs 177 2
! opus 3019 1 2865 1 2956 1 1306 1 583 1 4693 1 502 1
! olut 4831 1
! ouvr 726 3
! otus 2897 2
! otur 4690 1
! oust 2865 1 2505 1 709 2
! onyx 2882 1
! opaca 2897 1
! obiad 1278 2
! omaha 2092 1
! olbia 3026 1
! obama 1864 1 829 1 827 1
! omega 105 10 40 14 95 8 106 2 104 19 98 1 97 1 100 14
! ojala 4239 1
! oikea 4831 1
! oncia 3751 2
! otida 2897 1
! offic 249 1 242 2 464 1 398 4 288 1 223 1
! osaka 482 1
! oidai 592 1
! opaka 1269 1
! osabi 4715 2
! obedi 2327 4 2323 1 708 2 570 1
! oldid 411 1 381 1 160 2 390 1 491 2 330 1 396 2 212 1 416 1 25 1 398 1 167 2 221 1 56 2
! oreja 288 1
! orgia 142 3
! oflag 4350 2
! occam 2890 7 2215 1
! ohagi 4361 2
! ofici 3024 1 2229 2 1532 1
! olmec 3530 8 3149 1
! offal 2179 1
! ottaa 4831 1
! omnia 4696 1 502 1
! ocial 4156 1
! onvac 2840 9
! oxide 4051 9 3620 1 2989 1 4053 1 2403 1
! ocean 251 3 157 2 94 3 226 1 358 1 107 1 96 6 104 3
! ohmic 2403 8 2751 1 576 4
! odile 3378 1
! ogham 3149 1 2902 5
! oracl 484 1 232 1
! orale 4587 1
! osaan 4831 1
! oblig 398 1 358 1 149 3 204 2 251 2 221 1
! oddli 2577 1 2878 1 2443 1 1869 1
! ogaog 142 1
! opcod 4183 1 3032 1 1836 2
! opera 169 1 157 2
! opina 752 1
! oxhid 3026 2
! owned 2325 1
! onfig 1782 1
! obbin 1595 2
! offen 3615 1 3552 1 2377 1
! orean 4481 1 4460 1
! ochem 56 1 444 2 89 1 9 1
! opted 1186 1
! ocirc 2266 1 1000 2 765 1
! occas 496 1 221 1 48 1
! opene 235 1 398 1 223 1 142 1
! obido 128 1
! obcoj 142 1
! ochen 1366 1
! octal 48 8 52 2 47 2
! otild 1000 2
! ocaml 4685 1 4215 4 1804 1
! organ 4 12 3 6
! oleva 4831 5
! outag 4557 4 4556 1 4553 8
! oaken 4072 1 4063 1
! olddo 173 1 291 1 56 1
! olden 3023 1 2323 2 1882 2
! omani 2865 4
! orang 369 4 257 2 342 1 496 3 254 1 253 1 168 1 318 5 142 1 7 1
! ostia 229 1
! orava 1267 1
! odder 1282 4
! oicho 2353 2
! oplan 4392 1 2364 1
! optic 142 1 127 3 107 3 112 11 101 1 93 5 40 1 132 9 7 12 102 1 36 1 21 1 67 1
! ovoid 1973 1
! ozean 3026 1
! onkel 4573 1 2631 1
! ondcp 654 2
! ocasi 3024 1
! orsch 1521 1
! orkan 4690 1
! odiar 2266 2 1526 2
! octob 4824 1 2087 1
! oubli 4184 1
! olone 4648 1
! oscar 4766 1 4707 1 1870 1
! opole 917 1
! oranj 3450 1
! otago 2857 1 2285 1
! ovate 2852 1
! owiek 889 1
! oxime 916 1
! octan 123 1 122 2
! oscil 331 1 148 6 132 2 99 3 94 2 458 2 260 1 40 1 7 2
! ohemk 4697 1
! obsta 502 1
! ochin 2394 1
! ogeth 1777 1
! older 499 1 359 1 473 1 223 1 56 1 177 1 211 1 244 1 145 1 160 1
! osien 4831 1
! ordin 336 2 163 2 162 2
! ohloh 4694 4 4693 1
! ossif 1161 2
! offer 277 2 282 3 251 2 285 1 284 1 331 1 216 1 315 1 221 1 384 1 223 3 499 3 311 1 142 1 165 1 248 1 160 1 398 8 145 1 444 2 491 1 222 2 416 1 186 2 56 3
! oblat 2323 4 1882 2
! ophil 3911 1
! order 3 1
! oyaho 142 1
! orval 740 1
! overf 1930 1
! obten 4175 2 1431 1
! owing 4023 1 2323 1 2159 1
! ovari 1356 1 1146 1 946 1 2169 2 519 2
! ohlin 2865 2
! okubo 4697 6
! olkin 3149 1
! oncom 2327 4
! overh 200 1
! ozone 3096 1 4537 1 2892 1 893 1
! odesk 3174 1
! oxdat 6 1
! origo 502 1
! objet 142 2
! opiat 4899 1 4885 1 2952 2
! olive 462 1 200 2
! orgin 2474 1 2327 1
! oriya 4608 2 3149 2 2560 7
! octog 3361 1
! oppij 4831 1
! ostra 890 1
! ogmio 2902 1
! ohcop 4648 1
! oindr 824 2
! opamp 3668 1 3297 1
! oilio 4697 1
! oomph 3004 1
! ownik 1431 1
! oyako 4251 1
! odori 4021 2
! onlin 3 1
! ornat 3025 1 3638 1 843 1
! obres 142 4
! occor 3780 1
! ojibw 4608 3
! optik 112 2
! orbis 1085 1 560 1
! oulin 4697 1
! oriol 2897 3
! orbit 3 1
! orcon 142 1
! outta 242 3
! orren 1309 2 1308 1 1307 5 1311 1 1306 11
! ophir 2883 4 2865 1
! octav 4654 2 4171 1 4113 2 3485 5 3462 12 3525 4 3456 1 3283 3 3375 6 3316 2 3454 2 2939 4 3183 1 2930 2 3459 8 3220 1 4628 1 2512 1 2968 21 3265 1 3046 3 2188 3
! ogant 1267 1
! ograv 1000 1
! oiwni 3592 1
! onion 462 1 258 2 254 1 166 1
! orpoi 1007 1
! oxids 4537 1
! obent 4251 1
! odium 504 1 502 1
! ophit 3025 1
! opper 1726 1
! optim 447 1 358 1 121 2 330 1 464 1 123 1 266 5 142 1 47 1
! ought 418 1 375 1 398 3 460 1 163 1 416 2 162 1 223 1 135 1 160 5 111 1 56 1
! occup 248 1 229 1 252 1 142 1 26 1
! osmol 1159 1
! orion 4892 3 3121 1 1460 5
! octet 29 2 117 3 37 2 123 2 24 1 266 2 21 2
! ohter 4392 1
! otaku 504 1
! otras 286 1
! optat 3529 3
! ouzel 2897 1
! owner 398 1 223 2 177 3 301 1 246 1 158 1 169 1 149 2
! outil 142 1
! oprat 2711 1
! oirmo 1630 1
! oopsi 398 1
! osamu 1492 2
! otmpl 2902 1
! outgo 67 3
! ortho 4866 1 916 1 568 1
! oasis 4368 1 3368 1 3266 20
! oculo 1431 1
! ostin 4831 1
! occur 83 3 466 1 499 2 29 1 123 1 358 4 453 4 359 1 99 2 475 3 355 1 441 1 211 3 416 1 415 1 410 2 249 2 226 1 398 2 495 2 166 2 25 2 327 1 36 2 35 1 229 2 148 1 342 3 101 1 198 1 254 1 160 2 37 2 131 1 284 1 428 1 331 3 96 2 95 1 106 1 294 1 288 1 491 1 6 5 56 2 444 1 127 2 411 1 467 3 176 1 7 4 373 1 24 2 447 1 212 1 102 7 46 1
! obgyn 3789 1
! ologu 796 1
! otter 4768 1
! onset 40 1
! ootip 4828 1
! ommit 1300 1
! opium 4790 4 2783 1 708 1 504 1
! oppon 221 2
! obdur 4072 1 4063 1
! outer 363 2 359 12 354 1 453 1 349 1 265 1 229 2 358 2 226 2 26 1 21 2
! oacut 3176 6 2231 2 1058 1 1000 2
! olson 3600 1 1762 4 1741 4
! opaqu 150 7 98 1
! osnew 4693 1
! ogmos 2902 2
! overr 3125 1
! ombox 623 1
! olney 2865 1
! osoit 4831 1
! oasos 223 1
! openw 3203 1
! osess 3772 1
! ouvir 2266 2
! owaru 1300 2
! oflov 3149 1
! omiss 4038 2 1324 1 4063 1 4765 1 4811 1 4062 4 4909 1 4748 1 4572 3 3145 1 1167 1 2201 1 3125 2 4582 1 1106 1 581 1
! overs 2164 1 574 1
! okiru 1300 1
! oudst 1465 1
! ouest 2098 1 1047 2 799 2 724 4
! owasu 473 2
! overt 40 1
! oppos 281 1 491 1 123 1 398 5 460 1 427 2 266 1 379 1 359 1 265 1 428 4 152 1 251 1 157 1 111 1 249 4 142 2 165 1 466 1 355 1 167 3 498 1 263 1 56 2 49 1
! odour 2327 1 2087 1 2105 1 2093 1 2046 2 2025 1 2323 2 1938 1 1473 2
! osmyl 881 1
! ohmus 4697 1
! oriru 1300 1
! ocurr 4175 2 2210 1
! osmot 466 2
! oriqu 142 1
! otros 286 1
! oplus 3779 1 3602 2
! outro 3499 3
! ollut 4831 2
! obtus 266 1
! omous 4434 2
! okosu 1300 1
! omott 379 2
! oeuvr 142 2
! ortiz 2865 1
! orosu 1300 1
! outou 974 1
! otosu 1300 1
! optus 1123 1
! ortus 3351 1
! omenaa 4831 1
! onedia 572 1
! oddbal 4844 1 3466 1 1436 1
! owacja 890 1
! office 0 1
! olinda 3651 1
! oakdal 1306 1
! optica 112 1
! oramag 4653 1
! oggenc 1573 2
! ollege 4155 1
! orchid 1475 1 1476 3 946 8
! ortega 142 1
! orific 1750 1
! ordeal 2688 1
! offenc 160 1
! offici 389 1 491 1 473 4 379 1 495 1 173 1 416 1 398 11 373 3 271 1 177 1 499 1 414 1 253 1 249 4 160 4 482 1 153 1 383 1 135 1 158 1 282 1 121 1 165 8 142 2 56 1
! oracle 4668 1 4653 1
! onload 4160 1 3907 1 3577 1
! oatcak 1619 1 1595 2
! onepag 3615 1 3296 1 4748 1 2388 3
! ogaden 3509 2 2016 1
! opcode 304 1
! oxalic 4784 1
! offend 415 2 416 3 176 1 174 2 162 1
! orange 4668 1
! olivac 2897 2
! olycka 4690 1
! orilla 4175 3 3024 2
! orphic 2865 1
! octane 122 1
! offere 2902 1 2522 2 709 1
! ojibwa 1416 2
! outpac 4648 1
! okrand 4616 2
! oshang 1579 1 1577 1
! orlean 3016 1 1096 1 3450 1 954 1 708 2 736 3 571 1 593 1 2783 1 561 1
! olevia 194 1
! ondska 4690 1
! olivia 194 1
! openal 4694 2
! opgago 4074 1
! opioid 4885 1
! oswald 934 1
! oggfil 1018 1
! onlang 4601 1
! olddat 51 2
! obcych 142 1
! ordain 298 1
! overfe 2323 1
! ocelli 2114 2
! oclock 4670 1
! olfact 4770 1
! orgnam 3266 2
! ostrea 1996 2
! overid 444 1
! othref 4670 1
! onzena 4102 1
! opengi 4737 1
! octava 4239 1 4195 1
! orgain 3016 1
! obscen 414 10 413 1
! ordere 494 1 160 1
! object 482 1 469 1 496 10 427 1 177 2 430 2 431 44 406 20 265 14 359 1 202 6 484 1 290 1 277 3 374 2 83 11 303 1 494 1 397 3 297 1 384 1 481 1 58 1 472 7 278 1 373 6 279 2 273 1 467 10 176 2 223 5 460 5 266 3 445 1 251 2 221 2 318 1 410 1 216 3 498 1 207 2 254 23 257 2 160 3 50 3 438 4 244 1 56 5 7 8 383 1 40 1 51 8 414 2 123 1 208 2 402 3 499 1 167 1 328 1 46 6 121 6 255 2 116 3 398 5 285 2 142 10 175 1
! oceano 4831 1
! ogenki 1372 2
! okashi 4251 1
! ocwweb 9 2
! oitava 3361 1
! orphan 499 1 476 1 398 1 142 23 417 3 242 1 56 1
! origen 4252 1 4216 3 3026 1 3021 1 2865 2
! ourdoc 593 1
! online 203 1 148 1 309 1 93 1 431 1 477 3 270 2 233 1 222 1 223 1 142 5 9 1
! oochat 2441 1
! ofenen 142 3
! obtain 318 2 121 1 6 3 358 6 57 4 149 2 48 1 148 2 56 1 423 1 331 8 9 1 106 3 198 1 83 1 49 1 27 1 7 1
! ossifi 1161 4
! overal 312 1 427 3 293 1 398 2 467 1 7 1 330 1 285 1 438 1 391 1 253 1 233 1 222 1 176 1 211 1 165 1 24 3 342 1 158 1 25 2 56 1 150 2 6 2 282 1 221 1
! oxidas 465 4 464 1 211 1
! outrag 160 1
! oberfl 1801 1
! odessa 248 1
! oferta 4175 6
! onward 495 1 404 1
! opendn 4693 4
! ozonid 4537 4 893 1
! orbite 4539 1
! ostend 703 2
! octave 3283 2 2518 2 3541 1 3485 1 4673 1 2578 1 2512 5 3462 1 2927 1 2499 3
! objdir 4715 20
! obstak 4831 1
! offlin 392 2 391 1 135 1
! ograve 1000 1
! opengl 398 2 265 3
! ossicl 2558 1
! ottawa 3320 1 571 1
! oxidat 292 3 28 1 296 3 6 5
! octing 3361 1
! ossian 736 1
! obtien 4281 17 4216 1 4203 17 4175 6
! osgood 4528 1
! owenii 2896 1 2158 1
! omsgap 4784 1
! optind 2343 17
! ouvrag 1047 1
! oblier 3786 1
! oblong 4208 1 3185 1 1752 2
! orcish 4601 1
! oreill 1047 1 724 1
! oxalat 4051 1
! oxtail 4637 1
! ocupan 3024 1
! optarg 2343 7
! onetel 3920 2
! oriann 4671 1
! onklen 2631 1
! ophite 2865 1
! origin 480 6 462 3 358 3 498 1 360 2 389 1 307 2 113 1 404 1 495 2 398 6 375 2 328 1 422 1 162 1 494 2 397 2 165 3 355 2 496 1 332 1 379 1 473 1 285 1 238 1 232 1 373 1 470 1 372 2 318 1 271 1 36 1 133 2 293 1 284 3 362 2 265 5 218 1 253 3 226 1 7 4 201 1 223 1 176 1 175 1 167 1 361 2 158 6 57 3 244 3 150 10 444 4 56 6 342 4 51 1 148 1 54 4 46 1 52 1 149 2 102 1 431 1 43 1 14 1 499 2 402 1 208 1 20 1 374 1 83 7 177 2 48 2 142 6 357 2 260 2 25 1 58 1 249 3 152 3 497 1 12 2 484 1 193 1 40 2 331 2 49 2 6 2 491 2 297 1 47 2
! organo 2970 4
! onsemi 4835 2
! odditi 3025 1 2020 1 1503 2 1307 1
! oslash 207 1
! oociti 4616 2
! oxford 285 1 437 1 307 1 12 1
! oyendo 198 1
! oberin 3004 1
! obfusc 3868 1 3033 2
! omelet 4251 1 2052 2 1661 15 1595 6 2090 4 1605 2
! operar 4203 2 4281 2 1526 2
! oregon 3016 1 2930 1 3054 1 2471 2 703 6 736 2 1996 1 709 1 3254 1 735 2 655 1
! outdat 398 2 392 1 285 1 21 1 186 1 41 1
! outfil 51 3 48 2
! outman 571 1
! outsid 46 1 281 1 51 1 373 1 359 3 428 1 352 1 349 1 355 2 482 1 298 1 16 1 338 1 56 3 248 1 226 1 466 1 278 1 163 1 149 1 365 1 36 1 83 1 207 6 266 3 24 1 277 2 282 2 329 1 21 1 444 1 260 1 158 2
! orioli 2403 1
! orgasm 3780 1 3759 1
! ocular 3574 1 2323 1
! opener 3292 1
! oparin 3901 1 1120 1
! overdo 223 1
! osokar 473 1
! obviat 163 1
! oaktre 2865 1
! obwohl 2246 1 1686 1 1513 1
! operat 336 1 318 1 298 1 243 2 265 3 232 5 370 1 301 1 255 2 253 2 207 5 148 1 282 1 121 2 142 5 329 2 7 1 431 10 40 1 51 2 41 2 277 1 47 2
! oswego 4684 3 2319 1 571 2
! oxidis 4537 4 4051 1 3468 2
! oxygen 294 4 349 1 27 6 211 3 475 1 354 5 465 2 359 2 358 9 369 1 263 2 25 2 7 3 352 3 6 2 453 4 292 8 342 1 365 1 123 6 26 1
! offens 415 3 416 3 251 2 413 3 248 5 165 1 242 2 175 1 414 19 216 1 56 1
! obtund 4885 1
! ovipar 226 1
! occass 4012 1 2667 1
! occupi 379 1 249 1 251 2 37 2 35 2 373 1 21 3 36 3
! oochoo 2441 1
! okular 4279 2
! onkler 2631 1
! oldtim 499 1
! oxtdat 6 1
! oczyma 1274 1
! overse 251 1 160 1
! oxydat 881 1
! outcri 4584 1 736 1 572 1
! orwell 142 1
! octobr 404 1
! ophion 3025 2
! oblivi 499 1
! oratio 498 1
! outcom 427 1 398 1 396 1 176 1
! odomet 4300 1
! ohmmet 3207 3 2767 1
! oignon 2046 1 796 2
! olisin 4831 2
! oppose 427 1
! ordonn 724 1
! ottfri 3701 1
! objeto 168 1
! octopi 504 1
! overdr 4113 3 4634 1 2939 5
! offset 52 2 48 3
! oberon 265 2
! occcur 2117 1
! outlin 487 2 142 1 486 1 251 1 298 1 90 3 113 2 485 1 398 5 163 1 473 1 285 2 329 1 282 1 470 1 397 1 162 1 491 1 208 2 221 1 135 1 241 1 402 2 131 4 46 1
! openmp 4550 2
! oddest 202 1
! offray 4239 1 1560 1
! onlook 1628 1
! offrir 824 1 814 1 726 2
! onyomi 482 1 284 4
! oblast 504 2
! obstin 1560 1
! oliver 3071 1 2865 1 4843 3 2698 2 2767 1 2855 3 2211 3 4790 5 1639 1 3701 1 2781 3 736 2 593 1
! oninon 4185 1
! oukosh 4856 1
! overaw 251 1
! overdu 4415 1 3436 1 3053 1 4694 1 574 1
! osteon 1161 2
! omplir 142 1
! oppugn 3351 2
! offert 814 1
! obtuse 2091 2
! octubr 3976 1 3024 1
! orient 204 2 253 1 277 2 431 1 40 1 223 2 221 1 58 2 152 1 359 1 265 14 116 2 398 5 484 1 56 1 51 1 6 2 27 1 121 2 50 2 142 7 266 1 36 3 113 1 21 1 94 1
! opinon 499 1
! obszar 890 1
! offsit 398 1
! osborn 4697 1 4648 1 4383 1 2889 1
! outfit 3757 3 3480 1 4569 1 3059 1
! oxyura 2897 1
! oitavo 3361 2
! operon 1137 2
! oldest 226 1 7 1
! osmosi 365 2 364 2 142 1
! option 499 1 414 3 431 1 417 3 49 11 472 1 402 1 374 1 352 1 329 3 398 2 366 2 113 4 278 1 266 4 484 3 202 2 146 1 193 1 176 1 165 2 142 2 157 3 392 1 265 1 150 3 40 1 336 6 387 1 152 1 20 2 158 18 46 2 253 1 318 1 6 2
! obnoxi 165 1
! offtop 142 1
! outlaw 735 1 661 1 648 1 4790 1 709 2 574 1
! outlet 4564 1 4339 1 3789 1 2161 1 4342 1 1778 1 3595 1 2247 1 1980 1 963 1 4344 1 1777 2 4330 12 882 2 2323 7 3647 2
! oxidiz 3067 1
! omasum 3969 1
! others 4759 1 4653 3
! osmium 2585 1 2287 2
! obscur 431 1 201 1 122 1 108 1 204 1 49 2 19 1
! occlus 2295 6
! ochiru 1300 1
! ontent 4005 1
! overop 51 1
! orkney 722 1
! obsess 491 1
! ostens 4851 1 3509 1 733 1 1591 1 735 1 4673 1
! obliqu 3739 1 2014 1 2865 1 2952 1 1752 1 4297 1 1162 1
! oyster 229 1 142 2
! obvers 158 2
! ognuno 4065 1
! ogress 504 1
! opterr 2343 5
! ostent 4072 1 4063 1
! offspr 358 2 226 2
! orator 249 1
! octupl 1166 1
! ourses 4149 1
! oculto 991 1
! opress 1509 1
! outgun 571 1
! outset 207 1
! occurr 342 1 266 1 186 1 421 1 157 1 207 1 49 2
! outono 4107 1
! ommiss 2083 1
! observ 460 1 132 1 292 1 204 1 444 1 21 1 7 1 148 1 99 1 358 1 123 1 117 1 211 1 257 2 142 2 96 1 94 1 47 1 83 36 36 3 318 8 32 1 285 1 6 1 127 1 12 1 26 1
! occurs 4215 1
! ouvrir 142 1
! overpr 4066 1
! outliv 51 1
! orthot 3213 1
! ostron 4690 1
! onintr 4884 4
! offput 4523 1
! outbut 1290 1
! ouvron 726 1
! osirix 142 2
! osprey 2897 2
! ooopps 1899 1
! optiqu 142 1 112 1
! omettr 796 2
! ouvert 814 1 726 4
! obtuso 2091 1
! obfust 163 1
! overst 4673 1 4634 1 3914 1
! oculus 498 1
! outriv 4669 1
! outrun 1492 1
! overus 282 1
! optopt 2343 9
! ouvrez 726 1
! obtrus 3436 1
! opqrst 3144 1
! onrust 3450 1
! ototox 1591 1
! output 397 1 200 2 150 1 51 11 216 1 260 3 398 3 335 1 266 3 318 11 249 4 116 2 50 4 148 1 49 7 158 1 181 2 186 1 48 11 255 2 57 29 46 2 41 4
! ojouzu 1384 1
! ouvpuy 4080 1
! oladaba 3751 1
! onagida 2560 1
! oceania 4418 1 1813 1
! ouganda 765 1
! oceanic 1059 2
! odmiana 1278 1
! ofindia 2327 1
! ostraca 3055 2 2865 1
! offload 368 1
! orngjce 3657 3
! overeag 4395 1
! oakland 3759 1
! olemaan 4831 1
! organic 4 11 3 5
! obtenga 4175 1
! oldfile 4715 1 3041 1
! operabl 3570 2
! orchard 142 1
! occiden 3965 1
! oblonga 974 1
! obscene 242 1
! overdid 282 1
! optical 127 5 112 1 107 2 7 6
! openlib 4715 1
! onclick 4078 3 3181 4
! ocarina 2258 1
! oocheem 2441 1
! overbal 2323 1 2214 2
! ordinai 3361 1
! ofwhich 3620 1
! orderbi 4168 1
! overcam 3638 1
! onboard 248 1
! oatmeal 200 2 177 3
! operand 266 1 47 4
! orphane 499 1 176 1
! ofrecen 142 1
! origami 4823 2 1379 1
! orderid 1467 1
! ordinal 2020 2 1425 1 1166 1 997 2
! oblidar 1431 1
! occider 584 1
! odonata 4690 1 2130 3 2811 2 2272 3 2263 1 2114 2
! orphean 2897 1
! obstacl 3780 1 2878 1 4648 1 4582 1 3185 1 4634 3 4755 1 2520 1 2323 8 4466 1 2971 1 2327 6 1458 1 2876 1 709 1 3213 2 1741 3 1884 2 3606 1 2571 1 1306 1 616 1
! officio 1802 2 502 2
! openjdk 2319 1
! openbsd 3293 1 2866 2
! oversea 246 2
! orginal 2474 1
! officer 4790 1 2327 1 708 2 2319 1 702 8 650 1 649 12 571 1
! oneself 499 1 373 3
! organik 142 1
! ochenta 168 1
! ofrecer 1526 2
! omniweb 417 1
! obeject 2117 1
! openacs 4655 2
! oncogen 1128 2 867 2
! okinawa 251 1
! ozemail 1846 1
! okazaki 1131 1
! ovarian 3789 1 2287 1
! owocnej 4270 1
! orbital 142 2 90 3 21 3
! ographi 799 2
! overbar 1262 1
! obligat 358 2
! olotila 4831 1
! onkelen 2631 1
! openfil 4279 4
! outfile 4279 3
! ostrich 353 1
! olympia 1996 1
! okonedo 2644 1
! oocheet 2441 1
! ostream 1315 1
! opening 4668 1
! oregano 4984 2 3379 3 3519 2 3354 3 4882 2 3623 2 1675 3 2247 3 3231 1 2096 1 979 3
! optimal 4372 1 2967 1 2136 1 4748 2 1838 4
! olvidar 1526 2
! orlando 4105 1
! omnisci 4582 4 2327 4 4138 2 2323 2
! ontzegd 1986 1
! occidit 3376 1 584 1
! ocellat 2874 1
! overall 3125 1
! opaciti 4668 1
! opolska 3765 2
! oecolog 1040 1
! oranger 1924 1
! orbilat 1085 1 560 1
! optzeci 1257 1
! oreilli 431 2
! oitenta 3361 1
! ojigiri 2155 1
! ojmoral 1718 1
! olduvai 4780 1
! oracion 3024 1
! ourself 1177 1 4823 1 523 1
! overfil 3230 1
! oncolog 142 2
! orodnik 2134 1
! opoudji 205 1 204 3 203 1 192 1
! olympic 249 1
! ollessa 4831 1
! obscura 4180 10
! overrid 444 1 165 1 427 1 157 1 121 1
! october 499 1 428 2 398 3 402 2 397 3 444 1 441 1 253 1 460 3 390 1 249 2 271 1 248 1 458 3 223 4 404 1 216 1 251 1 392 1 208 2 427 1 192 1 330 9 173 3 50 3 165 3 153 3 160 3 113 2 90 1 416 12 40 1 414 9 273 1 135 1 56 1
! overtak 4634 2 2164 1 1879 2 2323 7 4693 1 1426 2 2327 1 1425 1
! oceanit 2897 1
! ofhello 121 2
! oktober 4586 1 3887 3 3729 1
! onigiri 4251 3 2162 2 2008 2
! opendir 3041 4
! openwal 3221 1
! osmotic 1159 1 1155 1 1121 1
! outline 4668 1
! overlap 441 1 207 4 165 1 43 1 241 1 142 1 167 1 398 2 123 3 25 4 6 1
! obliqua 2874 1
! octagon 2871 1 504 1
! objekti 4831 2
! oecumen 2865 1
! oberlin 708 1 703 1
! oenanth 2897 7
! ortolan 3151 1 2897 1
! offsite 169 1 93 1
! orgelet 3054 2
! orderud 3436 2
! ortonmc 3151 1 1463 1
! otheril 142 1
! ohiolin 4023 1
! obelisk 4063 2
! oficiro 4831 1
! organis 404 1 398 1 330 1 251 1 167 2
! osmolar 3789 5
! othello 142 1
! oughtta 4135 1
! outward 4999 1 2326 2 4892 1 4227 1 3992 1 2865 1 4770 2 4600 1 2323 34 3105 2 1447 2 2804 1 1869 1 1492 1 848 1 1882 4 2877 1 4648 1 1750 1 2327 17 1604 1
! overcom 218 1 158 1 235 1 211 1 398 1 342 1 56 1
! overkil 392 1
! octopod 504 1
! oldowan 4745 2 4018 2
! obtener 4240 1 1526 2
! ottoman 248 9
! owlclaw 2471 1
! origion 2461 1 3311 1 2662 1 2009 1 1994 1 1995 1 1975 1 2663 1 1992 1 1682 1
! okaphon 3408 3
! ovatkin 4831 1
! occipit 2804 4
! obesiti 3620 7 1268 1
! orangey 1681 1
! overdon 4984 1 3574 1 2194 1
! omusubi 4251 1
! onelook 4759 1
! outnumb 160 1
! objects 4668 2 1726 1
! ontario 4528 1 1416 4 2865 1 4603 1 3062 1 4877 1 2393 2 3061 1 1451 3 571 1 1664 2 4540 1
! ontdekt 3827 1
! ontolog 202 1
! openion 1290 1
! olivier 4809 1 2098 20 2258 1 2225 2 2047 1 1926 1 1995 1 1925 1 1803 2 1469 1
! oblasti 504 1
! occupat 499 1 142 1
! opilion 3153 2
! overlin 4838 2 2888 3 4820 6 4819 14 4166 5 1203 1 4821 1 1136 7 4817 7 1000 1 4818 31 682 5
! onklino 4831 1
! obliter 3736 1 2742 1
! outlier 4524 2 3865 5
! omicron 4583 1 965 1 4122 3 4449 1 2139 1 3145 1
! opinion 499 2 330 1 192 1 428 1 221 3 493 1 398 9 391 1 414 2 460 5 162 2 256 1 491 1 223 3 176 1 383 1 473 1 285 2 216 1 180 1 120 1 167 2 165 2 208 1 160 1 113 1 204 1 135 2 309 1 56 6
! ossuari 3149 1
! obtenir 3920 1
! octavio 256 1 190 1
! ofscatt 4697 1
! origins 2865 1
! oppidum 796 2
! objdump 4715 1 4694 1
! octogon 3190 1
! oration 4775 1
! outshin 4171 1
! obsolet 165 6 160 1 142 1
! ocultar 991 1
! obsequi 504 1
! orbison 740 1
! osobowi 892 1
! outdent 4604 1 3913 2
! overful 4957 3 4954 1
! octaton 3462 12 3459 1
! oratori 249 1
! offshor 3026 1 2952 1 2897 1 573 1
! oldness 4668 1
! osmylat 893 1
! outcast 2804 1 2291 1
! oyasumi 481 6
! overdos 3789 1 3682 1 2806 2 4885 1 3708 1 2798 1 1591 1
! organiz 499 1 398 2 388 1 322 1 165 1 142 1 298 2 252 4 56 2 232 1 163 1 394 1
! okarito 2896 3 2158 1
! overtim 4584 1 3108 1
! openssh 4748 5 3171 6
! overlay 7 1
! oleszki 3449 2
! oderint 502 1
! omnibus 502 2
! othertl 1838 1
! outlook 142 3
! optimis 181 4
! omelett 4673 1 3579 1 3105 1 2436 1 1661 2 2090 2 2057 2 2052 2 1922 1
! omikron 3385 1
! obstant 3024 1
! oneness 4648 2 2327 1
! olofson 3045 1
! openuri 431 2
! overrip 4368 1
! orvieto 3663 1
! oparray 4279 1
! openwav 2321 1
! oralist 3296 1
! owstoni 2158 1
! oversaw 570 1
! ovidius 4697 1
! obenkyo 3483 2
! openssl 431 3
! openurl 4694 1
! orageux 939 1
! outplay 4171 1
! outubro 4107 1
! ologiqu 3025 1
! orpheus 3462 1
! outcrop 4180 1 3153 1 2882 1
! overtax 2327 1
! outwith 4647 1
! optimum 56 1
! outdoor 4736 2 4690 1 3919 1 4843 5 3440 1 3369 1 3393 2 3125 2 2443 3 2857 1 2823 1 2042 1 1534 2 4156 1 798 1 2235 4 556 1 2745 2 1509 1 3096 1 4454 1 1671 2
! onslowi 2896 1
! outlast 4673 2 722 1
! optativ 3529 1
! oxonium 745 2
! osculum 229 1
! omputer 4151 1
! ooooooo 3206 1
! oomycot 1144 3
! options 2865 6 1573 1
! osbourn 2939 1
! ozzmosi 2939 1
! overmix 3278 1
! onlyent 2293 1
! overton 4628 2 3123 1 3068 2 3375 1 3021 1 2416 1 1024 10 960 1 708 1
! oedipus 397 1
! omnipot 2865 1 2977 1 4582 2 2327 2 4648 1 4138 3 2323 2
! obstetr 3923 1
! opposti 1356 1
! opposit 318 1 253 1 204 1 251 1 498 1 176 1 359 1 406 1 127 2 221 1 99 1 428 1 201 1 342 1 189 1 142 2 6 14 427 1 266 1 105 1 398 1 445 4 438 1 24 1 7 2
! orselst 1007 1
! ouvrent 726 1
! overrul 4673 1 3578 1 736 1
! oppress 249 1
! oveyssi 4958 2
! ochruro 2897 1
! optimiz 142 1
! opuesto 4175 1
! oratrix 504 1
! outflow 3078 1 2323 1
! overtop 2428 1
! omnivor 4781 1 3620 1 2274 3 1979 1
! ornatus 2274 1
! oriolus 2897 2
! overrun 267 1 47 1
! ofcours 4378 2 1069 1
! ominous 1308 1
! obvious 499 1 177 3 282 1 260 1 406 1 373 1 297 1 251 1 204 1 342 1 411 1 458 1 176 1 14 1 249 1 293 1 152 1 241 1 402 1 167 1 398 10 163 1 491 1 162 1 221 1 142 3 330 1 160 2 207 1 375 1 46 1 27 1 165 3 473 1 50 2 51 1 427 1 183 1 49 1 133 1
! optimus 4012 1
! ossyaru 473 1
! odyssey 3145 5 3121 1 3462 1 3021 1 4693 1 3025 3 2211 1
! outhous 4690 1
! overpow 2804 1 2327 2 3213 1 2323 5 1311 1
! opensus 3541 4
! opossum 226 1
! outgrow 3053 2
! octopus 229 2
! onvious 4590 1
! olympus 502 1
! outpost 3638 1 2878 1 3450 1 1322 2 572 1 3026 1 571 1
! onlyxul 3178 2
! oleracea 2492 1 2338 1 2026 1 2025 1
! ordenada 142 1
! oaeducab 582 1
! orangead 2676 1
! olivacea 2897 1
! onondaga 572 1
! organica 619 1
! onefarad 2403 1
! overhead 265 1 50 2
! obtenida 4245 1
! otariida 2265 1
! official 398 1 248 1 203 1 165 2 160 1
! ondemand 392 1
! oriolida 2897 1 2290 1
! orphanag 3345 1
! ostreida 1996 1
! outreach 3320 1 2363 1 1283 1
! omeniaan 4831 1
! oilfield 251 1
! ordinanc 4790 3 593 5
! overlaid 4583 1 2323 1
! outbreed 2164 1
! oligarch 3228 3
! objectid 3920 1
! oklahoma 4101 1 2881 1 736 2 2882 1 1064 1 4603 1 2865 5 2875 5 655 3
! opencola 2677 2
! overhand 2014 2
! objectif 1576 1
! occupanc 3101 1
! oshibako 3579 3
! obstical 499 1
! operandi 221 2
! overload 398 1 265 4 397 1 121 3 51 14 50 5
! outbreak 2952 1 2538 1 3635 1 2360 1 4851 2 3663 1 2024 1
! objektia 4831 1
! octahedr 24 2
! oligocen 4771 3
! orgasmic 1437 1
! overland 2922 1 722 1 3023 1 3003 1 703 1
! overarch 3770 1 4748 2 4173 1 2688 1 2322 1
! octopoda 2130 1
! overhang 4634 2 4454 1 1139 1 2873 1 843 3
! oocheesh 2441 1
! oravanam 3574 1
! ophionid 3025 1
! ollebrod 3414 1
! orbigger 4998 1
! ortograf 142 1
! osoittaa 4831 1
! oenthera 3873 2
! ostamani 4831 1
! occurenc 2680 1
! organell 466 5 464 8 359 21 358 2 465 3 355 3 352 5 351 4 349 3 210 1 38 6
! orselcmi 1007 1
! oudgriek 4422 1
! octavian 4416 1
! oliguria 3789 1
! operando 4281 13 4203 13
! ordinari 427 1 102 1 58 1 330 1 160 1 331 2 106 2 26 1
! okroshka 1803 2
! orthoped 2015 1
! okanagon 1416 2
! onscreen 3462 1 1041 1
! ostreola 1996 2
! organelo 349 1
! overheat 200 1
! obsolesc 1914 1
! orcawiki 1720 1
! ocultado 991 1
! outweigh 413 1
! obsceles 1914 1
! occident 142 3
! ofstream 51 1
! okavango 3509 2
! optional 266 2
! oriental 4761 1 3638 1 3143 1 2897 2 3025 1 2882 1 754 1 3450 1 2680 2 590 2
! oekologi 1040 1
! oogenesi 1130 1
! ontogeni 4648 1 4647 2 4582 1
! organiza 2229 1
! overdamp 2600 1 2593 1 2569 1
! osgendir 4715 1
! overgarl 2105 1
! odorifer 2105 1
! oracular 2902 2
! oscillat 142 1
! olympian 1864 1
! opengles 3372 1
! osculari 582 1
! obfuscat 3416 1 3033 1
! obsolete 4716 2
! outstand 499 1 414 1 165 1 56 1
! origyear 4198 1
! omistava 4831 1
! offsetof 1107 1
! ohiolink 4536 7 4521 1 4401 1 4423 1 4403 1 4384 1
! operador 3998 2
! orthoepi 4066 2
! overseas 1914 1
! overfish 3582 1
! obtenemo 4175 1
! occasion 201 1 226 1 165 1 200 2 167 1 160 1 459 1 162 1 427 1 174 1 428 1 152 2 147 1 43 1
! opendocu 3921 1 1906 1
! octombri 1258 1
! osteolog 4733 1 2557 9 2555 2
! overhaul 165 2 167 1 142 1 56 1
! overween 4648 1
! opencent 2865 1
! organsim 557 1
! obituari 1820 4
! oldspher 46 1
! orbitals 1345 1
! orientar 142 1
! orationi 498 1
! organism 358 1 231 1
! ossobuco 2159 3 2085 2 1595 2
! overcook 200 2
! obsevemo 4175 1
! ohmmeter 3207 3
! opentask 968 1
! outbound 1576 3
! overlord 739 2
! ornament 4038 1 3257 1 2817 1 4869 1 843 1 736 1 2340 2 4672 1 3759 1 4668 2 510 1
! orientat 6 1
! overcast 2952 1
! openlook 1830 1
! objectiv 484 23 142 19 285 1 265 3 246 1 116 2
! oralment 3024 1
! objector 739 1
! orthogon 41 4 25 2
! obviosli 444 1
! oftentim 4816 1 3582 1 4038 1 1868 1 935 1
! overther 3016 1
! oblivion 4668 1 3023 1
! observar 4772 1 4239 1
! orangett 4185 1
! outright 398 1 284 1 162 1
! onlinesp 270 1
! ocassion 398 1
! onetoten 3698 3
! octonion 1860 3 606 3
! ourworld 2865 1
! oversalt 3004 1
! observat 309 2
! oppenaur 4537 1
! opiniono 4831 1
! overlook 398 1 83 1
! omoimasu 379 1
! oocheety 2441 1
! oorschot 4765 1 1629 1
! organiqu 142 1
! outlinev 3879 1
! overwrap 2360 1 2171 1
! omnipres 2327 53 2323 24 1740 2
! ordinayr 4697 1
! optimism 4670 1 724 1
! onomatop 4432 1
! omniglot 4608 1 2881 1
! openstep 265 1
! overplay 4171 1
! openuirl 4694 1
! overswel 4066 1
! objetivo 4891 1 4175 1
! observer 4999 1 4897 1 4648 1 4038 1 3730 14 4892 2 4771 1 1921 1
! offensiv 414 1
! omictron 4449 1
! overscor 3711 1 1000 1
! overvalu 3010 2
! opponent 4668 1 2804 1
! ointment 2014 1
! omission 285 2
! overblow 2939 1
! overdriv 4113 1
! overstep 3227 1
! overblur 4710 1
! onepoint 2327 1
! outsourc 167 1
! overview 0 2
! overtook 703 1
! overstat 297 2
! offshoot 244 2 201 1
! orchestr 4751 1 4648 1 3822 1
! orthodox 3024 1 4958 2 3118 2 4856 1 3019 6 3021 1 4608 1 2049 1 1628 1 1203 5 1307 1 1102 1
! overflow 277 1 158 4 266 1 46 1
! omenapuu 4831 1
! obtuvimo 4252 1
! obiektow 142 1
! oratress 504 1
! otherwis 410 1 418 1 491 2 330 2 417 1 398 1 168 1 266 1 427 1 496 1 473 1 389 1 221 2 202 1 186 1 200 1 177 1 318 1 493 1 211 3 447 1 165 1 160 1 148 1 54 1 123 1 499 2 176 3 223 1 49 1 237 1 472 1 150 3 47 2 282 2 28 1 498 1 84 1 157 1 166 3 149 3 181 1 20 1
! otehrwis 4697 1
! ontmoett 1710 1
! optimist 398 1
! oregonst 1935 1
! orpython 1560 1
! osteocyt 1161 3
! overcurr 3267 3
! onnistui 4831 1
! offcours 4113 1
! obstruct 150 1
! objektow 142 2
! octavius 4031 2
! ortodoxo 3024 1
! overstay 4673 1
! overwint 519 1
! outskirt 572 1
! outstrip 4072 1 4063 1
! overwrit 472 1 398 1
! odysseus 1872 1
! outgrown 3436 1
! opentour 2680 1 2632 19
! overturn 251 1 249 1
! ochropus 2897 1
! obscurus 2897 1
! obtrusum 2874 1
! opportun 329 1 217 1 418 1 253 2 223 1 218 1 123 1
! overwrot 4884 1
! ouvertur 726 2
! oppurtun 2210 1 2175 1 1747 1
! onagracea 603 1
! offenbach 2503 1
! octadecan 123 1 122 1
! odobenida 2265 1
! obedience 4668 1
! orientada 4688 1
! oppegaard 3683 1
! ostracoda 2261 2
! omnipedia 221 1
! officiali 1977 1
! openoffic 3368 34 1564 1 3266 34 3563 1 2161 3 2322 2 3371 6 1906 1 1768 2 3399 26 1650 2 3291 1
! oligarchi 3638 1 3026 1
! officinal 1974 1
! okurigana 373 1
! obstinaci 4668 1
! oegopsida 2130 1
! olgacerem 584 1
! overheard 3016 1 760 1
! oblongata 3789 1
! oncommand 3181 5 3178 1
! oroblanco 3003 1
! ostentaci 142 3
! overcharg 2717 1
! originali 4812 1 3088 1 3801 1 3394 1 4809 1 3522 1 1437 1
! ordenando 4281 2 4203 2
! organisch 619 2
! outspread 3736 1
! overboard 4748 1 3297 1 4601 1 1591 1 571 1
! oxaloacet 1126 1
! offscreen 4693 1
! overabund 662 1
! oppenheim 1872 1 3513 1 573 1
! overclock 2353 2
! ontzegden 1986 1
! oldfather 3145 1
! orientali 2897 2
! overspeci 282 1
! ochemicon 56 2
! ontzeggen 1986 8
! ofloxacin 7 1
! ordenador 4788 1 2961 2
! operacion 4544 1 4239 1
! occurrenc 3615 2 2680 3 1504 1
! overtaken 4180 1 2327 1 2323 4
! ostensibl 4673 1
! opengldev 4694 1
! orbicular 1752 1
! organolog 3110 1
! ortsnamen 3026 2
! overlearn 284 2
! ordinatim 583 1
! obsceniti 414 3
! optionnam 4715 2
! onlinepub 1491 1
! orsmaller 4998 1
! obstetric 2015 2
! ostraliya 3993 1
! orienteer 2744 1 2042 2 1978 4
! objection 165 1
! orchestra 3757 1 3101 1 3485 1 3375 1 2960 1
! olfactori 4770 1 2817 1
! oxidizing 4784 1
! operacyjn 2774 1
! obviament 4175 1
! ontogenet 4648 4 4582 1
! offspring 3620 1
! orangutan 4771 5 4584 3 4582 3 4770 3 830 1
! oceanicus 2897 1
! overwhelm 499 2 253 2 223 2 190 1 406 1 56 1
! overnight 4841 2 4406 1 3014 1 3813 2 3615 1 3960 1 1921 1 3738 1 3105 4 3979 1 4758 1 2972 1 2247 1 2952 1 2929 1 2360 1 2327 1 1669 1 1951 1 1337 2 2089 1 4840 2 1409 1 2881 1 2211 1 1964 1 2179 1 572 1 3125 1 2918 3 1947 1
! otherwhil 1165 2
! oberstein 1864 1
! olivaceus 2897 1
! onslaught 3059 1 2865 1 843 1 571 1
! operation 4668 2 4547 1
! occassion 3057 1 1585 1
! overcompl 4109 1
! overpaint 4297 1 4231 3 4226 2 4208 3 4230 2 4225 1 3755 5
! otherwher 1165 1
! oversight 4582 1 4038 1 572 1 1749 1 2786 1 641 1 1802 1
! overexcit 1624 1
! overstock 3919 2
! operatori 266 1
! oakviewes 3145 2
! omegatron 135 3
! overcrowd 293 1 251 1
! oitocento 3361 1
! ovenproof 1462 1
! outspoken 570 1
! ownership 444 3 392 1 366 1 241 1 173 2 177 4 56 2 174 1 149 1 24 1
! overdrawn 1312 2 1308 1
! osmoregul 2114 2 1159 1
! onecompon 2464 1
! overlordq 1245 1
! otherword 3304 1
! obscuriti 4668 1
! outputfil 3719 5
! overestim 3865 1 4619 1 709 1
! orthodoxi 4668 1 3027 1
! obliquiti 4668 1
! ographiqu 1044 1
! obvoiusli 1034 1
! observant 1885 1
! opensourc 427 1 337 1 135 1
! ostrogoth 3638 1 1807 1 722 1
! occlusion 3372 1
! omeprazol 7 1
! oshizushi 3579 3
! obviousli 499 1 398 2 223 1 47 1 392 2 458 1 253 1 285 2 160 2
! orthodont 142 2
! onomatopo 2443 1
! oglethorp 570 2
! operativo 4544 1
! ophioneus 3025 1
! orgulhoso 4108 1
! octonions 4697 1
! optocoupl 4379 1
! oceanstor 398 1
! orthonorm 331 1 41 2
! overthrew 2340 1 733 1
! oxymercur 6 11
! overshoot 1446 1 1350 2
! overprint 4279 2
! opengroup 1491 1
! overpopul 3145 1 2340 1 3882 1 722 1
! opencours 132 1
! obstruent 4496 1 1986 1 890 1
! overgrown 4584 1 2652 1 1038 1
! ozonolysi 142 1 6 1
! outgrowth 3002 1 2197 1
! oppressor 1884 2 2323 2 703 2
! overclutt 4975 1
! opengltut 4694 1
! orchidacea 946 1
! outermost 36 1 21 1
! overthrow 249 1 246 1
! oppportun 616 2
! overtorqu 4408 2
! outputstr 2366 1
! organizada 56 1
! octadecano 3067 1
! ochsenfeld 2695 1
! officinali 2676 1 1591 1 1928 1 1468 1
! onetimepad 3602 3
! oldfilenam 3041 3
! onbekenden 1497 1 1457 1
! omnigraffl 1038 1
! oikeastaan 4831 1
! overconfid 1632 1
! oppiindani 583 1
! officetalk 2378 2
! ochotonida 2359 2
! observance 4668 1
! overridden 202 1 158 2
! overspread 4072 1 4063 1
! oualmakran 214 2 190 1
! osoitetaan 4831 1
! organiczna 123 1
! overbreath 2327 1
! olivegreen 3627 4
! organizado 3024 1
! openscreen 4694 1
! ordinarili 3687 1 3110 1 2934 1 4053 1 2876 1 2016 1 1167 2 2014 2 1918 3 2327 8
! organizata 402 1
! omnidirect 142 1
! onlinebook 16 1
! outlandish 221 1
! ortographi 1503 1
! oldfashion 4496 1
! organisati 1503 1
! orthograph 405 1
! originalit 724 1
! obranqueta 142 1
! onstructed 4152 1
! oscookbook 20 4
! odontoceti 2133 2
! overbright 2295 1
! overvoltag 2404 1
! obligatori 4748 1 3760 2 2605 2
! orthoptera 2811 2 2263 1 2130 1 2114 2
! osmoconfom 1159 1
! openingtim 2522 15
! optsprezec 1257 1
! omniscient 4582 1
! osoittavan 4831 2
! osteoblast 1161 3
! overproduc 3882 1
! observador 4175 3 4254 3 3024 1
! ornitholog 4683 1
! overweight 3620 4 2783 1
! outstretch 4892 1 4208 1 2279 1 2114 1 1624 1
! osteoclast 1161 1
! overdriven 2939 2 3485 1 2930 2
! overshadow 165 1
! olutpanimo 4831 1
! objectives 142 2
! offendress 504 1
! objectless 202 1
! ocilloscop 4392 1
! oedicnemus 2897 1
! otherworld 3465 1
! onlineshop 2919 1
! onlyxulobj 3178 3
! osteometri 4733 2
! ordinateur 1047 3
! ostralegus 2897 1
! onlinetool 3966 2
! osapuolten 142 1
! osteichthy 226 1
! orthocentr 3287 1 1350 2
! overrepres 3773 1
! octavianus 1864 1
! outperform 3289 1 2942 1
! operations 4668 4
! opprobrium 4616 1
! odfrmmessp 142 2
! opposition 4668 1
! organizzar 1550 1
! overwitten 2905 1
! openwindow 4694 1
! oppression 650 1
! overcomsum 2152 1
! ovipositor 2114 3
! overstress 3004 1
! ominaisuus 4831 2
! overthrown 3673 2 739 1 740 1 570 1
! osteoporot 3620 1
! opencursus 341 1 40 1
! onlyxulstr 3178 2
! oryzivorus 2897 1
! oligochaeta 229 1
! ophiuroidea 229 1
! ominaisella 4831 1
! osvaldogago 4074 3
! overspecifi 4748 1
! orthagraphi 3057 1
! oystercatch 2897 2 2896 2
! occasionali 160 1
! oceanodroma 2897 3
! otherobject 3224 1
! openlibrari 4715 12
! oostindisch 3450 1
! organometal 37 1 24 5 36 1 21 1
! operaatorid 2381 1
! orthographi 285 2 282 2 198 1 193 1 276 1 166 1
! organoboran 3052 5
! opmerkingen 1465 3
! ostracoderm 226 1
! overemphasi 4648 1
! ordermethod 1781 1
! openconnect 3363 1
! ontwikkelen 3562 1
! oligopeptid 2933 1
! onychophora 229 1
! orientieren 1736 1
! okonomiyaki 4251 3
! oversimplif 4748 1
! opthalmolog 4885 1
! overcategor 4748 2
! openglsampl 3372 1
! operatornam 331 1 260 1 57 15
! onerandommo 142 1
! oscillation 4668 1
! omnibenevol 4138 2
! opisthosoma 3153 12
! optimizelat 4372 1
! oscillatori 95 1
! oktoberfest 1644 1
! orderedlist 3266 8
! opencircuit 4378 1 3267 1 3184 1
! oscilloscop 3207 8 3945 1 2830 5 1094 1
! obligations 4668 2
! onlywebmast 3042 1
! organicprop 7 1
! ostromenski 4696 1
! osmoconform 1159 1
! ostentation 4668 1
! oppskrifter 4917 1
! observatori 4859 2 2698 1 4893 1 1186 1 4180 1 1025 1
! overproduct 728 1
! openhistori 4318 2
! osechiryori 4251 1
! obstruction 4634 1 653 1 641 1
! objectivist 4649 1
! osteoporosi 3620 4
! overwritten 4884 1 4653 3 3913 1 2905 1 3391 1 3221 1 2161 1
! oligopolist 2406 1
! openunivers 3480 1
! optometrist 2015 1
! opamppinout 2774 2
! overviewtop 2319 1
! osteomalacia 3620 1
! opportunist 4119 3 2952 1
! overexposur 4180 1 4034 1 2403 1
! ofdevanagari 3149 1
! orthonectida 229 1
! oblongifolia 2450 1
! onehandstand 3372 1
! oceanographi 2036 2 1978 4 620 2
! omnipresence 2327 1
! onomatopoeia 373 2
! opampsjacket 2774 1
! organogenesi 3620 1
! opensourcegi 4737 1
! omplementari 2989 1
! oversimplifi 1492 1
! originalcont 4553 1
! overdetermin 4696 13
! overemphasis 1272 1
! ornithogalum 1938 1
! obliteration 4668 1
! overlordship 2865 3
! oneandtwenti 2317 1
! organization 4668 1
! outrageousli 3016 1
! organosodium 2970 1
! optoelectron 2854 1
! oskarpearson 4031 2
! opentextbook 113 1
! outputstream 3363 2
! oleszkiewicz 3449 1
! ophiogomphus 2874 3
! overconsumpt 2018 1
! opportunitiy 1715 1
