! ra 373 2 204 1 199 1 142 1
! rc 427 2 397 1 391 1 369 7 285 1 216 1 157 2
! rb 142 1
! rd 499 4 48 2 186 1 340 1 494 1 183 1 267 1 404 2 496 10 56 2 166 2 397 1 6 3
! rf 392 2 142 1
! rg 3701 1 3499 2 2767 8 1190 1
! ri 473 1 257 1 204 1
! rh 369 1 142 1
! rk 142 1
! rj 4498 2 3945 13 2767 4 3944 14 2634 2
! rm 392 2 198 7 165 1
! rl 2636 1 4546 3 4392 1 2865 1 2813 1 1075 1 4697 1 2288 2 1718 6
! rn 369 1
! ro 453 1 405 1 379 1 6 1 204 5 272 1 142 1 26 1
! rp 369 1
! rq 969 1
! rr 404 1 282 1 167 1 166 5 145 1
! rs 26 1 6 1
! rt 169 1 142 2
! ru 431 1 156 1 473 3 213 1 121 1 272 1 20 1 204 2 494 1 379 12 38 1 307 1 142 2 7 4
! rw 142 1
! rv 4861 10 4697 4 4618 1 3023 1 4324 4 4863 9 3790 4 4690 1 2875 1 2152 4
! ry 3529 1 1267 2 3203 3 2865 9 2806 2 1271 1
! rx 369 1 6 4
! rz 173 1 291 1 56 1
! raa 4746 1 920 1
! rab 3019 1
! rca 2952 11 736 1
! rda 3620 1 2492 2
! rad 46 14
! rdb 4884 16 4693 1
! rfa 491 2 444 1 428 4 173 1 427 1 135 1 90 2 56 1
! rea 4281 3 4241 1 4245 1 4242 5 2214 2 4238 1 4203 3
! ria 4968 1 3663 1 3638 2 4916 1 3499 1 3635 1 765 2
! rec 280 1 258 1 216 1 47 2
! rgb 4710 4 4032 1 2952 1 2188 4 4693 18 1459 1 935 17 2585 4 4279 3 1287 2 1497 1
! rae 337 1
! raf 2830 1 1503 1 517 1
! rag 4411 1 3960 1 2865 1 1487 4 739 1 1486 1 4066 1 722 3
! rde 3775 1 3004 1 2474 1 2782 1 2446 1 1514 2 985 1
! rfc 374 6 312 3 221 3
! rka 2093 1
! rfd 413 1 398 1 418 1 176 3 272 1 177 3
! red 467 1 417 1 393 1 158 31 273 1 428 1 475 1 175 1 405 1 358 2 427 1 447 4 353 1 242 1 216 1 257 3 50 1 168 2 27 1 142 3 57 1 292 1 177 3 108 1 102 2 56 2 6 3
! rib 4285 1 3025 4 2255 1 3638 4 2865 2 4839 1 2254 1 3114 1 2171 5 2194 1 3394 2 3647 4 2049 4 3521 2 2434 1 1337 8 2089 1 2023 1 2558 3 1638 1 1605 4 1716 2 3021 1 1705 1 1595 2 1161 1
! rah 405 1
! rdf 142 1
! ref 482 2 404 4 379 36 373 2 472 2 281 6 6 5 50 7 25 1 232 2 7 2
! rfe 2865 1
! ric 2720 1 1431 1
! ree 405 1
! rna 359 3 209 2 352 2 350 1 354 1 349 2
! rid 465 1 165 2 398 1 216 2 260 1 120 1 56 1 49 1 38 3
! rai 194 1
! rch 369 1 6 4
! reg 374 1 366 1
! rie 142 1
! rlc 2568 4
! rld 4690 1 3035 2
! rob 491 1 428 1 398 8 165 4 242 1 56 2 375 2 160 3
! rra 4690 1
! rhe 2323 2
! rbi 1371 1
! rnc 369 1
! rsa 437 1
! raj 242 1
! rei 390 2 142 4
! rif 2939 2
! rke 4831 1
! rme 4873 1
! roc 142 1
! rta 4690 1 4239 3
! rak 142 1
! rig 3596 1 4113 1 3023 48 3025 1 740 1
! reh 4958 1 1258 1 2625 1 4541 1 4391 1 1256 4
! rnd 4169 1
! rhg 431 1
! rpc 4884 6 3363 7 1573 1
! rod 475 1 467 14 242 1 94 1 83 7 226 2 359 1 249 1 229 1
! rtc 1663 4
! rej 4831 1
! rfi 4222 1 3260 1 2403 10 1573 1 2694 1 1359 1 1222 1
! rne 2631 7
! rrc 2015 11
! rub 467 1 438 6
! rya 3023 2 1877 2 1741 2
! rmf 4775 1 3635 1
! roe 2561 1 1991 3 801 1
! ral 142 8 7 1
! ram 142 1 108 1
! ran 444 1 427 1 282 2 251 2
! rcl 4392 1 4602 1 2600 3 2569 3 2593 5 2568 4 2601 2 2607 4 2288 2 568 1
! rek 1595 2
! rji 3592 1
! rng 2711 4
! rog 3646 2 1256 2
! rpg 277 3 142 2
! rre 1058 1
! rud 3320 1
! rki 1267 1
! rel 4012 3 2732 1 1199 1 3584 2 3485 3 4715 9 2735 2 1190 1 4168 4 593 1
! rap 142 1
! rcn 453 2 369 1
! rnh 369 1
! rem 121 1
! rgl 142 1
! roh 405 1 26 1
! rtf 142 1
! rue 1047 7
! rsf 4859 2
! rxd 3945 1 3944 2
! rik 3023 25 2323 1 1012 1
! rte 4968 1
! rmi 2319 1
! rbn 369 1
! rco 26 1
! rdp 431 1
! ren 142 2
! rgn 703 1
! rmk 4683 3 914 2 912 1
! rsh 369 1
! rpi 4693 1
! rye 462 1
! ruf 1777 2
! rcp 3171 1
! roi 3112 1 2404 1 726 1
! rim 4225 1 4226 2 2950 1 4408 1 3350 2 3110 1 2857 1 2331 1 3739 1 1669 1 4535 1 1729 1 1452 1 1450 1 1634 7 1447 26 1435 1 2872 2 1446 36 1486 1 1444 2 1445 27
! rug 4498 1 2875 1 3016 1 1446 1 1284 1 843 2
! rxe 4697 2
! rar 4693 1 2634 1
! ras 258 1
! rep 164 1 142 1
! rho 4884 5 4859 6 4634 1 3419 2 3851 5 2190 2 2404 9 2711 9 2139 1 4255 1 2599 2 3933 4 965 3 4875 1 4392 1 3145 1 956 10 2571 2 1571 3 1261 5
! rin 4831 2
! rkm 4813 1
! rok 3673 2
! rsi 2798 1
! rth 3592 2
! ruh 3320 6 1256 1
! rbr 4183 5 568 1
! rfp 428 2 427 1
! rti 2634 2
! rcs 3913 1 2813 2 2210 1 1591 1
! rdr 84 2
! rds 3485 1
! rip 398 1 56 1
! rko 736 1
! rol 142 3
! rom 417 2 142 4 47 1
! rpm 3936 1 3399 2 2944 1 2905 3 3457 1 4634 17 1576 3 3541 4 1572 2
! ruj 258 1
! req 4550 3 3722 1 3399 1 1203 1
! rer 4162 1 2625 1 1044 1 1132 1 2631 1 611 2
! rio 397 2 142 1
! rat 242 1
! rsk 4690 1
! rdt 3220 1 2636 1
! rno 369 2
! rzi 1271 3
! rbt 1513 1
! rav 1503 2
! res 499 1 142 3
! ron 4671 1 726 1 1870 1 3885 1 2865 4 2967 1 4393 1 796 1
! rtl 4748 1 4693 1 3416 1 3051 1 2952 1 2853 3 4694 4 1504 2 1224 1
! reu 3937 1
! rft 971 1 970 1
! rhs 4971 4 1771 1
! rir 2634 1 2266 2 726 12
! rop 369 1
! rsn 4693 2
! rum 242 1
! ryk 890 1
! raw 246 1 238 1 482 1 427 2 402 1 57 5
! ret 4715 8 4690 1 4215 1 2455 1 2366 12
! ris 41 1
! rul 1714 2 1257 1
! roo 405 1
! rfu 177 1
! rev 398 1 56 1
! rit 4012 1 3743 1 2865 1 824 1 724 2
! rls 3592 1 3110 2 1186 1
! rso 369 2
! rtn 2288 1
! rto 1503 1
! run 422 1 488 2 428 2 406 4 498 4 431 3 260 1 495 6 398 12 423 1 329 1 235 1 402 1 397 1 202 1 396 1 484 4 142 1 336 1 321 1 279 1 472 3 181 1 278 1 276 1 266 2 169 1 265 3 459 1 271 1 177 1 389 3 342 2 248 2 392 2 295 1 198 1 57 1 251 1 379 1 282 1 173 1 267 1 221 1 443 1 152 2 291 1 56 5 479 1 285 1 50 1 165 2 427 4 330 1 48 1 49 1 176 1 281 2 475 1 123 1 414 1 46 8 121 1 160 1
! ray 226 1 83 2 142 2 132 2 112 1 67 1
! rms 4055 1 3207 1 3267 1 2706 2 2452 1 2403 6 708 1
! rsp 2832 2
! rcx 2520 4
! rex 499 1 496 1
! ros 3765 2 2463 9 2162 2 2085 2 2360 2 1595 2 796 2 3056 1 724 2
! rup 4828 1
! rvp 593 1
! rew 113 1
! ror 369 1
! raz 4281 2 4216 1 4256 3 4245 2 4242 5 4236 2 2454 1 4203 2 4252 1 4175 1 2139 1 1526 1
! rwp 1939 1 1428 1
! rey 190 1 166 1
! rss 417 1 216 1
! rsr 369 1
! rot 229 1
! rix 504 1
! rnv 4690 1 4689 2
! rou 1605 2 765 1
! rst 4673 5 4690 1 4500 1
! rus 257 1
! rvs 2907 4
! riy 1190 1
! rez 190 4 166 4
! rts 4183 3 4835 4 3945 7
! riz 796 3
! rut 3957 1 2817 4 2804 2 796 1
! rws 3109 2
! row 428 1 37 7 499 1 396 1 281 3 473 2 418 1 379 9 342 1 56 3 41 2 207 4 157 26
! roy 4647 1 2152 9 3708 1 3023 1 3003 2 1474 1 1060 1 740 1 703 1
! rtw 4381 2 3433 2 3412 2
! ruw 1503 1
! roz 890 1
! rwx 1574 7
! raab 2225 1
! raca 142 3
! rabb 4958 1
! reba 379 2
! rada 2394 2
! rfba 427 1
! riaa 1167 1
! racc 2197 1
! rica 435 1 164 4 142 1
! read 0 1
! radd 2897 1
! rabe 3024 2 2338 2 1902 2
! rida 406 1
! rhea 2158 15 2130 2
! race 251 1 244 2
! raha 4831 1
! raja 2327 1 2323 24 2128 1 2326 4 1591 1
! riga 4817 1
! redd 562 2
! reec 359 1 358 1
! raka 4831 1
! reed 4409 1 4608 1 3872 2 3751 1 4873 1 3025 2 3736 2 3110 4 3055 4 709 1 4297 1 2882 1 3027 2 2015 2 4063 1 4408 2 3028 2 1554 1 2897 5 1568 1 593 1
! rama 4495 1 2902 1 2897 1
! rice 200 7 462 1 242 1 142 4 14 2
! road 260 2 398 2 253 1 249 1 142 1
! rede 142 1
! ribe 974 1
! raid 251 6 249 1
! rage 4038 1 3296 1 4885 1 880 1
! rabi 3125 1 2430 2 965 1
! rahe 1190 1
! reef 309 1 229 2
! rege 499 1
! reid 4279 1 1869 1 733 1
! ride 495 1 402 1 142 1
! rika 4831 1
! robe 158 6
! rhee 3673 2
! ruda 3024 1
! rana 1191 1
! radi 498 2
! rake 431 1 142 1
! rapa 2338 1 1371 1
! roja 3581 1 2865 1
! rich 397 1 142 21 359 1 255 1 113 1 482 1 251 2 6 1
! ridg 251 1
! riff 4796 1 4476 3 3957 10 3462 3 3283 1 2960 1 4171 1 3269 2 2939 1
! rnib 2616 1
! rode 249 1
! rufa 2897 1
! ruga 3499 2 1154 1
! rtha 244 1
! rfid 4560 1
! rima 1371 2
! rife 2881 1 2327 1
! ragg 4066 1
! raam 1772 3
! rack 113 1
! rame 4720 1
! rara 502 2
! real 447 1 473 1 398 9 107 1 169 1 460 1 266 2 46 1 337 1 121 2 303 1 497 1 491 3 252 1 298 1 392 1 293 1 265 3 135 1 417 4 223 1 458 3 318 5 221 5 415 2 211 1 402 1 499 3 208 1 202 1 396 1 120 3 108 1 496 1 186 1 207 5 113 1 160 6 282 4 47 3 141 1 112 1 96 1 484 1 428 2 331 4 190 2 330 1 142 13 56 1 9 1 260 3 166 1 25 1 54 1 148 2 28 1 445 1 57 13 83 2
! rmid 4884 4
! ragi 2917 6 2916 2 2560 5
! rale 242 1 142 31
! rand 50 2 402 7 397 1 52 1 434 2 49 1
! repa 1199 1
! rasa 4790 2 3880 1 2865 1 2323 2 502 1
! renc 3965 1 724 1
! rdoc 431 4
! rael 142 40
! raii 4975 1
! rccl 4537 1
! rdbm 1794 1
! regi 3499 2 2229 1 951 1
! resa 3979 1
! rial 2865 1
! robi 1279 1 929 6 926 1 1278 8 1032 1 831 2
! roch 242 1
! roma 4391 1 2978 2 2742 1 612 3 562 3
! rude 379 1 371 1 186 1 175 1 135 1 108 1
! ruka 248 1
! rane 3733 1
! rata 142 1
! rend 444 1
! roff 3913 2
! rinc 4239 1 3024 1
! rike 4690 1
! ream 4805 1
! rape 251 1 462 1 142 1
! rard 4162 1 3026 1 1930 1
! rava 2560 6
! rawa 2560 2
! reek 3650 1
! relg 1190 1
! renf 3979 2
! rham 1070 2
! ribl 4066 3
! rind 4001 2 1681 3 975 3 1723 1 1642 2 3310 1
! riod 3965 5
! rrid 4671 1
! rrna 359 2 349 1
! rtai 121 2
! rufe 4360 1
! rene 4648 1 3143 2 3736 1 4225 1 2443 1 1869 1 750 1
! reel 404 1 248 1
! rigi 4859 1
! risa 3296 1
! ropa 280 1
! rdua 142 1
! rick 402 2
! ruff 2897 1
! rang 278 5 265 1 453 2 359 1 106 1 267 1 493 2 56 1 102 1 431 4 318 21 358 1 266 3 24 1 353 1 261 2 449 2 47 1 160 2 49 1 181 2 158 2 57 13 99 1
! rail 431 2 248 1
! rare 419 1 379 1 406 1 152 1 54 1 284 2 190 1 6 3 397 1 21 1 294 1 200 2 108 1 165 1 26 1 496 2 427 2 358 3 36 1 266 1 273 1 414 1 342 1 158 1 279 1
! reap 256 1
! reub 1199 1
! rhel 3171 1
! rlek 4690 1
! rond 3592 2
! ruhe 1513 1
! runa 2902 1
! rita 379 1
! role 3 1
! roig 3976 1
! rubi 463 1 484 1 449 2 431 222 142 7
! riel 1416 1
! rock 174 1 142 1 123 1 36 2 21 2
! rohg 1256 2
! raar 1816 2
! rahm 1876 1
! raza 4587 1
! rden 3815 1 3004 1
! recp 4251 1
! redo 431 2 40 1
! reli 330 1 248 1 221 1 167 2 398 2 200 1 460 1 108 2 47 2
! remi 4524 2 2824 2
! rere 2631 2
! rese 4544 1
! ring 363 6 358 1 229 1 184 2 129 10 359 2 221 1 428 1 123 1 370 5 25 3 6 5 193 1 127 3 12 1 7 1
! ripe 4841 1 4368 1 1959 1 3612 2 4756 1 3350 1 2095 1 1612 9 1681 1 2730 2 2323 1 1922 1 2152 1 1732 1 1617 1 2915 1 569 1
! riva 287 1 173 1
! roam 251 1
! rosa 453 1 168 1
! rota 4720 1 2631 1 1431 1
! rudi 3701 1
! rugg 3620 1 1554 1
! rifl 1978 3 728 1 733 2 2042 2 1624 1 2875 1 708 6 703 2 3057 1 572 1
! rome 499 1 249 5 498 2 218 1 251 3 495 2 253 2 217 1
! rman 4653 1
! rate 499 1 359 3 427 1 295 4 249 2 298 1 297 1 283 2 260 5 211 5 142 3 54 3 38 2 56 1 342 5 365 2 141 1 6 27
! risc 4498 1
! rgen 4649 1 3701 2 3197 1 917 1
! reen 2864 1
! rolf 1872 1
! rfen 971 7 970 2
! rupa 2323 2
! rood 1503 1 1497 3
! raat 1190 1
! rank 473 2 93 3 204 3 160 1 249 1 244 1 14 2
! rash 427 1 494 1 204 1 160 1
! rave 4066 2 4600 2 2560 1
! rayd 1047 1
! rete 402 1
! reza 573 1
! rico 164 4 242 1 12 1
! rien 142 2
! rire 1047 1 1199 2 824 1 808 1
! rise 253 2 231 1 251 1 406 1 359 2 218 2 248 3 363 1 482 1 200 1 247 1 246 1 427 2 404 3 243 7 210 1 160 1 229 1 148 1 54 2 284 1 249 4 226 5 25 1
! rken 3004 1
! rocn 369 1
! roof 280 1
! rope 94 1 36 7
! rrih 4391 1
! rule 398 4 373 1 176 1 458 6 265 2 331 3 428 3 285 4 379 3 282 2 416 1 278 1 419 1 427 3 330 16 115 2 406 2 397 3 494 1 460 1 266 3 131 12 37 10 253 1 252 1 152 1 249 1 49 1 243 2 318 2 27 1 221 11 177 3 207 6 498 1 254 1 417 1 223 4 260 28 166 3 117 2 303 4 12 1 491 3 200 1 6 24 297 1 103 1 56 12 150 1 244 1 198 1 57 4 481 1 190 1 248 1 51 2 342 2 148 21 7 7 142 1 165 12 123 3 499 3 208 10 67 2 496 1 302 1 21 8 120 6 41 2
! rusa 4259 1
! rymd 4690 1
! rain 482 1 467 1
! rall 127 1
! rund 4697 1
! rear 102 4 56 1
! rubl 2020 1
! rufi 4958 1
! rfte 1514 1
! rajo 2323 8 1883 1
! rcho 369 1
! reat 193 1
! rego 3376 1
! resh 2883 1 2878 1 2880 1 2865 2
! rfas 427 1
! riph 1574 1
! rite 4831 1 4668 1 4648 1 3350 1 3020 1 3638 1 3025 1 2379 1 3023 1 4790 2 3019 5 3719 1 2872 1 4715 1 736 1 2323 13 1884 2
! rnco 369 1
! robo 4378 2
! roki 4546 1
! rtel 2106 9
! rune 427 2
! ryle 3761 2
! rong 2403 1
! rein 253 1
! rzig 142 1
! rscn 369 1
! ruta 3024 1
! roli 2057 2
! ryam 1877 2
! rath 4697 1
! rbol 4495 1
! rect 4372 1 4241 2 3203 3 4242 4 4012 1 582 1
! rfcs 3944 1 1185 1
! rfds 3495 3
! rill 4831 1 4038 1
! rink 4831 1
! rohm 249 2
! rooh 369 1
! rote 462 1 284 4
! rtik 1877 2
! rung 2451 1 1131 1 1096 2
! rupe 3863 2
! ryan 194 1
! rabu 2950 1
! rose 462 1 249 1
! relm 3025 1
! roza 4958 1
! rijn 4790 2
! rger 2609 3
! raze 3450 1
! roar 3054 1 4775 1 1134 2 2566 1 4038 1 3600 2 4432 1 1879 2 2279 1 4648 1 736 1 2323 2 728 1 827 2 1979 2
! rtfm 2210 1 1450 3
! ramo 280 1
! ramp 2877 2 2295 1 2879 1 739 1
! ravi 402 1
! reav 4063 1 1096 4
! rees 3415 1
! regr 1743 2
! renn 2864 1 1047 2
! rifr 4690 2
! rimm 4831 1 4498 1 3620 3
! rnas 359 1
! rove 56 1
! ruhl 4858 2
! rven 4831 1
! rste 2561 1 1200 2
! roll 496 1 462 1 135 2 223 2 405 1 229 1 398 1 123 1 40 1
! risi 1972 1
! rumi 4958 3
! rzel 1513 2
! rehr 2561 1
! refs 3350 2
! repl 142 2
! raft 1882 2 2323 4 1423 1
! rauk 142 1
! raul 3616 1
! rcoo 369 1
! recv 4552 1 4550 35 4394 7 3041 1
! reft 4063 1 1096 2
! reno 709 2
! rflp 1139 2
! rgon 1419 2
! ribu 4447 1 838 6
! ritj 4754 1
! rncs 369 1
! rook 2897 2 1692 2 660 5
! roth 4671 1
! ruim 4108 1 2006 1
! roug 242 1 142 1
! reir 198 1
! rais 482 1 427 1 397 1 431 2 414 1 281 1 278 1 428 4 175 1 318 1 180 1 242 1 176 1 165 1 398 1 145 1 123 1 57 1 177 1 56 2
! rosh 2878 1
! remo 1387 1 1386 1 1385 1
! rhet 4072 1 4063 1 4038 13 504 1
! ratm 3462 1
! raum 4869 1
! rawl 4749 1 3650 1 4783 1 593 1
! rcit 142 1
! redw 2897 1
! repo 4694 4
! rivi 571 2
! rojo 168 2
! ruat 502 1
! rush 359 1
! ryhm 4831 1
! rexi 1972 1
! rper 142 1
! rern 2631 1
! roti 3186 2 2911 8 898 2 3231 1 2560 1 1595 2 3048 5 1134 1
! raro 1061 1
! risk 207 1 200 2 165 1 56 1
! ruin 441 1 252 1 113 1
! rosi 3462 1 3012 1 2897 1
! rion 824 1
! rift 4790 1 1459 1
! rzte 4096 1
! ralt 4693 1
! rams 2340 3
! rasp 229 1
! rter 142 1
! rato 173 1
! rcor 369 1
! rhul 2865 1
! rkev 4831 1
! rkis 1890 1
! rsvg 3203 2
! rpgs 3606 1 3045 1
! rwth 1422 2
! ruth 2882 1
! room 0 1
! resn 4655 1
! roon 2902 1
! ruri 612 2
! raso 280 1
! rpkp 2738 1
! rant 416 1 142 1
! rarr 475 5 342 1 373 1 318 1
! repr 4766 1 3965 4 3718 9 3334 5 3686 3 3276 1
! resp 427 1
! rmit 3449 1
! rohs 2403 1
! romp 4175 1 3017 1
! rotl 2573 2
! rovj 1366 1
! rpcv 3320 1
! rtvi 2328 1
! runm 4033 1
! rowi 2158 1
! ruhr 2865 1 1329 1 1027 1
! rapt 4958 1 2323 1 1096 2
! relu 799 1
! rfps 171 1
! rins 398 1 358 2 200 1
! rkms 4694 1
! rnks 398 1
! rogu 160 1
! rray 3040 1
! rris 1371 2
! rtir 3024 1
! rump 2897 3 2781 1
! rent 142 3
! ropo 405 1
! rusk 3554 1 1366 2
! rnum 2210 1
! rito 280 2
! rast 1018 1
! rayo 4175 2
! rept 4831 1 1040 1
! riez 824 1
! riot 4790 1 1310 1 3108 1 3023 1 2781 1 740 1 733 5 571 1 709 4 708 2 570 4 593 1 703 1 736 2 1311 2 728 2
! rmgx 4784 1 4537 1 2970 1
! roun 2603 1
! rulr 3350 1
! rurn 2726 1
! reyn 4671 2 1802 2
! roms 396 1
! roor 369 1
! rpms 4634 1 3399 1 1576 1
! raqu 4012 1
! requ 4184 2
! ress 3965 2
! rest 472 1 331 1 342 1 398 2 473 1 285 1 266 1 496 1 402 1 359 1 405 1 358 1 330 1 491 1 482 2 294 2 282 2 281 1 375 1 458 2 223 1 387 1 481 1 199 1 40 1 369 2 181 1 165 1 132 2 56 2 150 1 244 1 267 1 83 5 459 1 298 1 160 1 57 1 145 1 404 1 122 1 111 1 54 1
! roto 1520 2 991 1
! rsor 369 1
! rcox 369 1
! reus 423 1 396 1 255 1 359 1 149 2
! rfst 1503 1
! riqu 142 1
! ruso 4259 1 2121 1
! root 495 15 406 4 271 1 392 1 247 1 482 1 183 1 252 1 284 1 331 14 49 2 52 1 121 1 142 1 48 1 131 1 246 1 379 3 57 1 120 1 402 2 303 1 258 2 181 3 129 1 56 2
! rdwr 48 1
! reru 379 1
! rett 2634 1
! ritt 4831 1
! roov 504 1
! ross 4582 1 4477 1 2897 1 3650 1 2161 1 2549 1 1629 1 4583 1 4066 2 920 1
! roxo 4108 1
! rsvp 86 1
! rtot 4697 1
! rumu 1286 1
! rotr 2573 2
! runt 4011 1 1972 4 733 1 503 1
! ruvo 2338 1
! revv 4634 2
! ritu 3024 1
! rous 3025 1 2323 1 1186 2
! rzym 890 1
! rwsr 4884 1
! rout 375 1 315 1 258 1 233 5 301 1 312 2 314 1 6 1 311 1
! russ 1368 1 4259 1 799 2
! rust 3769 1 3289 2 3243 1 2875 1 1687 2 4958 1 1306 1 1449 1 2224 3 893 1 1523 1
! ruyp 427 1
! rows 4653 1
! rirx 258 1
! ruru 2896 1
! rexx 4714 1 4694 3 4693 1
! ritz 4859 4
! rwxr 1574 3 1573 1
! roux 3640 3 2587 1 4044 1 1921 2 2093 39 2434 2 2226 2 1930 2 1595 2
! rxvt 1633 1 1576 1
! ryuu 4768 1
! reaad 142 1
! racdb 3592 2
! refdb 3266 2
! rdida 3024 1
! readd 3063 2
! radia 4873 1
! ralda 4766 1
! rdoba 3638 1
! richa 4831 1
! reced 3105 1 3026 1 2323 1 848 1 733 1
! regga 3123 2 2927 1 2881 9
! rabbi 4856 1 4583 1 4670 1 2865 1 739 1
! radic 265 1 251 1 207 2 249 2 248 1 292 4 244 1 211 1 142 1 165 1 93 1 369 5 162 1 186 3 284 1 123 4 6 3 29 8 28 4 396 1 5 4
! ranad 1324 1
! randa 2631 1
! reach 359 3 282 1 330 1 176 5 475 1 123 2 358 1 427 1 342 2 241 1 24 1 165 1 212 3 211 3 246 1 200 1 54 1 383 1 148 1 138 1 251 2 67 1 252 1 229 1 183 1 416 1 40 1 186 1
! recib 3024 1
! relea 142 1
! rueda 3592 19
! redah 4697 3
! remad 2808 1
! rhoda 1872 1
! remeb 2871 1 1044 1 744 1
! rawaa 2560 1
! raibh 4909 1
! redid 253 2
! regla 337 1
! rhoad 3450 1
! roach 242 1
! readi 491 1 249 1 427 2 398 1 290 1 369 1 277 1 251 1 205 1 435 1 248 1 135 1 223 1 242 1 165 1 176 1 56 2
! riodb 4866 1
! rafal 939 1
! rakka 2880 1 2865 1
! reddi 3015 1 1554 1 968 1
! ricci 4429 1
! robbi 831 1
! raagi 2560 3
! reich 4872 1 4790 2 3061 1 3794 1 739 2
! recif 3450 2
! recal 207 1 251 1 67 1 427 2 266 1 260 1 148 1 318 1 472 1 499 1 131 1 221 1 284 1 50 1
! ranai 379 2
! rchie 936 1
! reina 2188 1
! relic 4673 1 3057 2 3024 1 3530 1 3945 1 2340 1
! rimag 4463 1
! roald 1872 1
! rsela 242 1
! rtice 4256 1 4241 1
! rigid 475 1 364 1 229 1 127 1 160 1 28 1
! rubid 2865 4
! redig 142 1
! radii 4053 7 3203 1 2323 2 2455 1 2934 1 2709 1 504 1
! rafra 796 1
! rcoch 4784 1
! readm 431 1
! recod 4693 1
! releg 4748 1 4590 1 3057 1 2882 1 1069 1 573 1
! renic 1576 1 1573 5
! rhode 655 1 4416 1 4790 2 3026 1 4505 2 572 1 664 1 649 1 663 1 651 1 702 2 570 2 593 4 3849 1
! riaan 56 4
! rican 4541 1 3101 1
! rikai 1322 2
! rinka 1012 4 1011 1
! roddi 3057 17
! rtela 254 1
! rzeka 890 1
! rdata 47 3
! ranch 4543 1 3102 1 3120 2 1645 1 1595 3
! romia 722 1
! relma 590 1
! regal 225 1 142 1 158 2 93 1
! rosea 2897 1
! rebel 251 1 93 1
! rlich 2919 1 2396 1 1677 1 985 1
! racem 7 12 6 3
! ramif 358 1 416 1 51 1
! randi 1870 1
! ravag 252 1
! reali 2474 1 3778 2 1778 2 1498 1 995 1
! remak 491 1 135 1
! remna 1012 7 1011 1
! repla 4431 1
! riddl 142 2
! rolla 4066 1
! rubbl 2875 2 1120 1
! ruddi 257 1
! ryanb 428 6
! recta 4281 1 4254 1 4242 1 4238 2 4239 4 4216 2 3789 2 4203 1 4241 2 4195 2 1159 1 1621 2 4175 6 4240 3
! ronja 3701 1
! rapid 467 1 263 1 298 1 252 1 221 1 342 1 358 4 248 1 253 1 249 1 123 2 96 1 142 1 406 1 107 1 356 1 499 1 223 1 25 1
! redel 337 1
! recap 4694 1 4404 2 3714 1 4202 1 2577 1
! rafen 462 1
! raita 2560 4 1595 2
! rambl 241 1 160 1
! rasch 142 1
! recog 3592 1 1526 2
! refel 4066 1
! regii 4743 1
! rejig 2108 1
! renal 3789 77
! retic 1307 1
! rroja 2865 1
! rubra 2897 1
! rumah 1177 1 927 1 840 1
! romma 2631 1
! regel 3562 1 1816 2
! racar 142 3
! relig 4670 1 2865 1 3638 1 583 1
! rfind 3718 1 3275 4
! rhibl 3023 2
! ritag 142 1
! radar 106 5
! rajta 402 1
! rbico 3499 1
! rcirc 169 1
! rdarg 4694 1
! reddo 495 1
! reduc 301 1 466 1 6 3 167 1 427 2 331 4 453 1 265 1 406 1 292 3 104 1 200 2 392 1 251 1 41 2 229 4 212 1 342 2 158 1 211 1 142 4 445 1 123 3 271 1 484 1 162 1 129 1
! ruina 3024 1 583 1
! rujak 4637 2
! rceil 3898 3
! rudhi 2323 2
! rskie 142 1
! reloc 398 1 397 1 142 2
! resid 398 1 392 1 349 1 249 1
! rcole 199 1
! runic 4608 2 3149 1 3017 1 2902 3
! renam 499 1 417 1 402 4 330 1 167 1 52 2 221 2 56 1 418 1 441 1 142 1 158 1 48 5 40 1 396 1 304 4 216 2
! rhine 4416 1 2865 1 1713 1 4694 4 739 1
! rjare 4690 1
! rabat 1616 1
! racer 3045 1 1425 1 962 1
! rakki 4831 1
! redim 3557 2
! refil 4884 1 4559 1 1934 1 3185 1 2780 1 1445 1
! rehgl 799 1
! reman 2695 1 1431 1
! rickk 2336 1 1644 3
! rocki 4877 1 3369 1 3213 1 2471 2 2878 1 2023 1 1144 1 570 2
! rypka 4372 1
! rterb 1027 2
! rompa 242 1
! ranta 2587 1
! ratif 2445 1 2216 2 819 1 678 3 664 6 572 2 649 4 728 3 640 1 1044 3 593 17 702 6 647 1
! rasam 2560 2 1964 2
! rsted 2949 1 2751 1
! rideo 1972 1
! regen 229 1
! retak 571 1
! rcocl 4537 2
! raini 4483 3 939 2
! rajar 242 1
! ramen 4251 3 2490 2 2357 1 798 2
! react 342 1 331 1 211 1 200 1 123 4 355 1 212 1 7 2 369 3 6 6
! realm 458 1 218 1 151 1 36 1 21 1
! reisd 1986 1
! rhese 398 1
! ruben 4748 1 1648 1
! rubik 721 3 720 4
! ricin 589 2
! roopa 2882 1
! rmula 4245 5
! renta 4546 1 2726 1
! romam 499 1
! rangl 3891 4 1261 1
! reath 2798 1
! rushd 990 1
! ruska 1398 1
! radio 249 1 222 1 142 1 132 1 106 2
! regim 249 4 218 1
! rchbr 748 1
! ralli 427 1
! recoj 3592 1
! rassa 2560 2
! refin 398 1 359 1 237 1 157 1
! realo 4239 1
! rebol 142 5
! reder 2865 1
! refer 491 2 6 2 358 1 398 8 407 1 324 1 465 1 255 6 417 1 464 1 265 2 453 1 199 2 396 1 176 1 373 3 458 2 35 2 232 3 113 3 310 1 404 1 333 1 427 2 496 1 205 2 108 2 305 1 95 1 292 1 385 1 482 2 285 3 281 3 278 6 472 1 460 1 266 3 463 3 249 3 52 2 149 1 224 1 221 4 418 4 121 2 318 4 117 1 314 1 217 1 211 1 283 1 186 3 379 3 282 6 185 1 83 6 280 2 183 1 369 1 175 1 359 4 165 1 260 1 163 2 25 2 122 1 216 2 410 1 16 1 104 1 498 2 204 2 7 5 495 2 298 5 157 2 254 2 57 5 148 1 51 4 397 9 9 1 494 1 297 2 150 4 56 1 244 1 50 23 337 2 46 2 43 3 240 1 40 1 37 2 431 46 115 1 406 1 12 1 303 1 21 3 41 1 229 2 129 1 29 1 226 2 336 1 142 6 48 1 26 1 223 2 289 1 54 1 131 2 325 1 167 2 123 2 166 1 36 4
! regin 1059 1
! repel 467 2 443 3 453 1 123 2 438 3 119 1 439 1
! ressa 4768 1
! ricer 3292 2
! rider 3145 1 1445 1 3025 6 2871 1 1447 1 1444 1 740 1 733 2 709 1
! riell 142 1
! rifat 4958 1
! rigni 258 1
! rival 249 1
! rosal 199 1
! rrago 3282 1
! rumbl 418 1
! rvagn 4690 1
! reign 253 1
! ritif 1199 1
! roman 494 5 495 3 207 3 253 2 282 8 260 1 249 2 244 1 193 1 473 1 243 2 496 3 342 1 142 4
! robin 4584 2 2897 5 2896 2 1876 1 1140 2 659 2 703 1 4647 2 3701 1 1864 1 1309 2
! rogar 1526 2
! recip 0 1
! rhone 3663 1
! rctoc 2165 1
! rafsi 258 43 257 19 202 2 191 6
! ralph 231 1 230 1
! refug 4752 1 3228 1 733 1 3102 1 1884 4 3020 2 2327 3 3708 1 4582 1 1882 2 2323 13 1311 1 570 2
! repli 499 4 481 1 398 1 444 2 152 3 428 1 293 1 282 1 167 1 330 1 165 1 135 1 56 3
! resta 402 1
! revoc 593 1
! rgbft 935 1
! rinen 4831 2
! rishi 3794 1 3023 10 2323 1 1740 2 1762 2 2327 1 1741 2
! rissa 4809 1 2897 1
! rotif 231 1 229 6
! rring 1492 1
! rural 249 1 246 1
! rxrdi 4183 1
! recom 3913 4 1680 1
! rconh 916 1
! rebeu 1199 1
! refri 3301 5 1614 2 1595 2
! resel 329 1
! rpmrc 1576 1
! roosa 3121 1
! reger 3376 2 1972 1
! rubin 3620 1 620 1
! ravel 4156 1
! radon 4053 1 4052 1 2585 1
! redon 3416 1 2435 1 1509 1
! reenn 2864 1
! regsi 1972 1
! ridsi 1972 1
! ripen 2152 1 3350 1 3025 1 2095 1 1959 2
! rossa 4391 2
! rotan 830 1
! rowei 4967 1
! rtire 3024 1
! runcm 3592 1
! rynek 307 1
! redir 142 5
! relat 480 1 365 1 282 3 278 2 49 1 246 1 387 1 370 3 496 1 167 2 458 1 155 1 369 1 392 2 267 1 220 1 123 4 26 3 223 3 499 1 353 3 447 2 285 2 265 3 359 4 162 2 356 1 260 1 255 1 58 5 232 3 35 1 176 1 373 5 276 2 428 3 231 2 427 2 230 1 216 3 410 1 254 1 157 3 404 5 207 4 113 1 210 1 307 3 281 1 184 1 381 1 284 8 266 1 169 3 460 1 336 1 139 1 142 11 131 1 321 1 127 1 25 1 122 1 112 1 54 1 251 1 154 2 493 1 99 2 120 1 217 2 20 2 67 1 358 1 50 2 444 5 56 1 150 2 298 3 495 3 107 1 398 16 201 2 7 12 342 7 145 2 51 3 248 2 41 2 318 91 27 1 221 1 24 1 218 2 115 2 12 2 406 1 297 2 6 9 200 1 106 3 303 2 166 1 96 2 331 1 434 1 40 1 277 1 83 29 152 1 89 1 93 14 47 1 94 1 233 1 39 1 330 1 95 1
! rkowa 2162 2 3765 2 2460 4 1595 2
! reren 2631 1
! rikat 964 3
! repar 251 2 249 2
! revel 142 1
! rofoj 1630 1
! rough 453 1 282 1 352 1 398 3 176 1 349 5 280 1 251 1 428 1 359 13 221 2 162 2 157 1 226 1 160 1 158 2 216 1 447 1 102 1 36 1
! rcooh 369 1
! rugbr 3413 1
! rooki 453 1
! raven 227 1
! rebuk 4038 1 3025 2 2956 1 2327 2 502 1
! recht 1514 1 4879 1 3141 1 1736 2 970 1 4754 2 2246 2 1686 1 967 2
! recit 398 2
! renat 4671 1 3701 1
! renin 3789 12
! reorg 4500 1 1450 2
! rferl 2865 1
! rhyme 288 1 166 1
! righr 2841 1
! rihsi 3023 1
! riker 1870 1
! risen 4831 1 4269 1 2058 1 3663 1 2352 2 2327 3 1683 1 2956 1 833 1 1746 3 3351 1 1096 1 2323 20 739 1
! roark 1869 1
! roger 205 1
! romeo 142 4
! round 405 3 402 1 358 1 427 2 431 1 398 1 375 1 467 1 186 1 278 1 249 2 229 2 142 1 158 2 55 1 330 1 231 1 162 1
! rovan 4582 2
! royal 337 1 248 1 251 1 166 1
! rpura 1057 1
! ruder 473 1
! ruota 1446 1
! riski 160 1
! rumen 3969 1 1154 2
! risco 3499 1
! ringo 1384 1
! rhmbs 928 1
! richt 1457 1
! ragon 2403 1
! rarer 4754 1 2629 1 4656 1 4042 1 2194 1 1425 1 570 1
! rdbms 232 2
! regno 1431 1
! relav 398 1
! repin 4038 1
! resep 4925 1 4917 1 4926 1 4916 1
! retil 3807 1
! revil 3025 1
! rijdt 4754 2
! rmdir 3041 2 1576 1 1573 5
! roget 4668 4 4616 1 1739 2
! ronni 4649 1
! rosen 4697 2
! rowan 974 2
! rstod 4689 1
! rsync 4715 2 3524 2
! rummi 754 1
! refit 1445 1
! relmm 4859 1
! reste 4159 1
! raspi 4693 1
! rahul 4884 1 3042 1
! ramon 142 2
! ratio 353 1 342 1 277 1 359 2 260 1 251 1
! ravin 3143 1
! regit 499 1
! reino 3024 3 1758 1
! relir 799 4
! resin 3017 1 1445 1 4668 1 2403 6 1173 1 934 1
! retin 3620 1 3759 1 3499 5 3289 1
! rhino 2164 2
! runni 4984 1 4219 3 3069 1 2672 1 1657 1 4865 1 1435 1
! relax 342 1 318 1 211 1 204 1
! refex 4748 1
! rater 4671 1
! rjaro 1296 1
! ralis 3965 1
! right 0 4
! roten 2631 1
! rndis 4693 1
! ramir 1051 1
! radix 4694 1 504 2
! refor 142 1
! relay 4826 2 2751 1 3742 11 2952 1 2753 1 1121 1 2403 1 4748 1 843 1 4873 1 704 1
! relev 417 2 153 1 383 1 413 1 45 1 177 1 113 2 207 1 266 2 162 1 20 1 208 1 211 1 165 1 142 3 133 1 180 1 204 1 157 2 56 1 217 1 402 2 26 1 175 2 152 2 218 1
! revat 3023 1
! ribos 3615 1 934 3
! riser 4564 1 3780 1
! roper 4883 1
! rsrya 1630 1
! rsvem 4693 1
! regex 427 4 374 1 180 2
! rusen 3266 7 1906 1
! rroll 4496 1
! regul 359 3 349 1 149 1 402 1 352 1 209 1 211 3 56 1
! rumin 2334 1 4649 1 3923 1 3067 1 3969 1 1154 3
! ruler 460 2
! recto 4256 1 4254 1 4242 1 4175 1 4216 1 3751 1
! repet 1431 1
! rmino 4281 7 4203 7
! reset 472 1 167 1 48 1
! revok 160 4
! rhtml 3879 1
! rotat 445 1 342 1 142 2 127 4 6 4 83 2 129 1 58 5 123 7 57 1 7 22
! rrvtd 3592 1
! rtrim 4706 4 4653 2
! rules 3557 2
! rosin 2471 2
! relit 2749 1
! rescu 431 2 142 1
! rippl 94 1
! rever 284 1
! rollo 3592 1
! ralju 204 1
! ravip 402 1
! retri 431 2
! razza 4391 1
! raney 123 1 6 2
! ranum 3602 2
! rappo 2329 2
! raton 2471 1
! raysh 4583 2
! rcito 3024 1
! rculo 4242 3
! recov 417 3 6 1
! relex 4619 4 4618 20 4616 17
! reliv 4673 1 2369 1
! renew 2950 1 4775 1 593 1 4729 2 722 1 3025 1 2717 4 2952 74 2878 1 3663 1 843 1 4415 1 4509 1 728 1 1740 2 1650 1 4755 1 1653 1 1492 1 2779 1 2323 4 3023 1 2954 4 2327 2 4648 1 3003 2 703 1
! repay 251 1
! reson 4 2
! retir 444 1 398 1 390 1 141 1 142 1 87 1
! rexml 431 2
! river 246 1 482 1 142 1
! robot 221 1 389 3 154 4 392 4 142 3
! roork 2388 1
! rient 824 1
! rigor 260 3 133 1 129 1 47 1 41 1
! riksm 2629 1
! rythm 3265 1
! ruino 4831 1
! ratit 2158 5
! rattl 3673 1 3241 1 2935 1
! rebus 3145 1 504 1
! remor 142 3
! riley 829 1 648 1
! ritmo 3236 1
! rivet 3059 1 1448 5
! rorti 4749 1 4582 6 3650 2
! rover 3121 1
! rufum 2897 1
! rzecz 892 1
! rconr 369 1
! ranto 142 1
! rusio 406 1
! reuui 3592 1
! recur 380 1 265 1 207 3
! rayon 142 9
! rcoor 369 1
! rehov 3993 1
! revis 499 6 389 1 428 1 427 5 402 1 494 7 391 1 160 1 398 2 167 6 176 3 142 3 40 1 265 1 150 2 139 2 56 2
! rieur 817 1 816 1 799 1
! russi 765 1
! razon 4258 3 4254 5 4256 2 4245 1 4252 1 4242 1 4237 4
! roxio 1018 1
! rvarr 216 2
! remix 113 1
! redox 296 5 292 2 123 1 294 4 29 2 5 2
! roast 200 1 142 1
! rakov 593 6
! raquo 336 2
! raros 4694 2
! rasun 2560 1
! rativ 142 2
! rdist 3840 1
! rectu 258 1
! refus 398 1 427 1 416 1 251 1 249 2 204 1 165 1 142 1 56 1
! reits 3010 1
! relou 1199 1
! remot 233 2 142 1 431 1 266 1 6 1
! repos 204 1
! resum 176 1 358 1 53 1
! retro 6 1
! rourk 2881 2
! rerum 4583 1
! revit 3061 2
! rusti 235 1 123 1
! rdquo 336 2
! refut 4859 1 4584 1 2890 1 2865 2 4138 1 2323 2 3760 1 1307 1 4582 1 2327 1
! remiz 2897 1
! remov 422 1 398 2 397 1 162 2 460 1 493 1 56 11 444 6 150 1 385 3 431 1 165 3 359 1 406 1 200 3 297 1 491 7 6 3 391 1 438 1 389 1 292 1 135 3 329 1 88 1 282 2 271 1 253 1 447 1 445 2 251 1 221 1 216 1 402 2 499 2 208 2 190 2 186 1 175 1 113 2 160 10 173 1 52 1 149 1 330 1 427 8 48 4 142 5 358 2 123 1 181 1 375 2 281 1 475 1 40 1 428 10 458 2 167 1 163 1 108 1 249 1 176 3 273 1 132 3 226 1 417 2 223 2 41 1 133 3 90 4
! resto 3024 1
! reviv 165 1
! rmest 2635 1
! robox 57 7
! rubus 974 2
! rulez 2379 1
! rumor 398 1 221 1
! rythr 765 1
! retun 3375 1
! rrett 4831 2
! riitt 4831 1
! rustl 2878 1
! ropez 1591 1
! rentr 1047 1 809 2 726 2
! renov 4490 1 3759 1
! ransu 193 1
! remus 4416 2
! requr 427 1
! revuo 4831 1
! ripou 1199 3
! rosto 3499 1
! rotor 4300 34 3913 1 3677 2 1628 3 3267 1 2702 1 2403 2
! rwdsu 4509 1
! resiz 444 1 278 1 158 2
! rufus 829 1
! revot 2210 1
! razor 2403 1 2890 7 2215 1 2806 3 1486 1
! relut 56 1
! rozgu 257 1
! ratur 142 3
! russo 251 1 248 1
! rsquo 2362 1 1000 2
! ratus 4447 1 838 15
! reput 389 1
! retru 1446 1
! retus 1752 1
! retyp 398 1 381 1
! risqu 593 1
! roost 2881 1
! rrrrr 3017 1
! rumqu 4012 1
! rostr 142 1
! risus 502 1
! rjust 3275 3
! roust 2871 1
! rwxrw 1574 1
! ribcag 3789 1
! resaca 242 1
! rrggbb 3320 1
! recebi 4162 1
! reread 2822 2 1377 1 1808 1 4748 1 799 2 1173 1 2210 2 1044 1 1059 1 614 1
! ramiga 4693 7
! rohkea 4831 1
! rwanda 3551 2 2644 2 765 2
! ribald 3673 1
! raamah 2865 1
! ramana 4648 1 3780 2
! rancid 3230 2 2197 1
! replac 3 1
! rabbel 2865 1
! racial 249 2
! radial 231 2 229 2
! repaid 1301 1
! reload 1927 1 4655 1 3203 1 2341 1 4860 1 4697 1 1199 1
! readme 431 1
! rafael 4859 1
! rhonda 1870 1
! rambam 2865 1
! rdlich 1778 1 963 1
! reagan 32 1
! redial 3920 1
! regenc 2787 1 2783 1
! regina 499 1
! remedi 135 1 113 1 491 1 56 1
! repack 1486 1 1444 2
! romana 4608 1 3638 2 3024 1 502 1
! relief 428 1
! reldei 590 1
! randal 398 2
! radian 106 2 95 1 52 1 49 1
! ratabl 4066 1
! redeem 174 1 162 1
! refend 1666 1
! rellib 4715 4
! rememb 475 2 480 2 397 1 444 3 56 8 491 1 443 2 380 1 427 1 108 2 484 2 49 3 243 1 241 1 47 4 288 1 230 1 371 1 416 1 222 2 369 2 25 1 260 1 216 1 119 1 166 1 263 1 498 1 398 6 204 1 199 1 173 2 459 1 168 1 417 2 223 2 467 1 176 1 458 2 167 1 355 1 120 2 131 1 366 1 123 3 111 1 499 2 158 1 83 1 318 1 165 1 50 1 381 1 284 8 331 2 43 1 278 1 48 1 57 1 198 1 489 1 229 1 135 1 46 1 138 1 373 1
! rename 4653 2 2956 1
! rendal 3054 2
! rnbild 4690 1
! rodata 4694 1
! rachel 205 1
! rascal 4066 1
! receta 142 2
! rabbin 2865 3 722 1
! ractic 2320 1
! rampag 160 2
! reanam 221 1
! redden 2698 1 2014 1
! regard 498 3 389 1 499 2 177 1 223 2 160 3 113 1 434 1 428 2 221 2 491 2 419 1 266 1 427 1 145 1 192 1 398 3 257 1 253 4 249 1 282 1 235 1 12 1 200 1 330 1 142 10 135 1 49 1 186 1 117 1 84 1 214 1 167 2 402 1 6 1 56 3 150 3 244 1 173 2 408 1 132 1 40 1 7 1 111 1
! repeal 2788 1 1802 1 702 4 572 1 649 2 571 4 593 1 652 2
! rescal 4697 1 4641 1 1070 2
! retrac 3025 1 2881 1
! rmluca 1494 3
! roland 3638 2 1762 2 1741 2 1186 1
! romanc 495 6 199 1
! reidel 4582 2
! rashid 3054 3
! rgambl 1992 1
! reclam 4696 1
! rician 2907 1
! ronald 458 1 142 1 32 1
! ridden 223 1
! rarchi 142 1
! recock 1162 2
! redbud 2471 2
! renata 2163 2
! rufina 2897 1
! rummag 3565 1
! rehbar 4958 1
! rarefi 4583 1
! rejoic 162 1
! replic 359 1 358 1 278 1 465 1 355 1 349 1 352 1 342 6
! radula 229 1
! reseal 4368 1 1613 1
! rucola 1937 1
! ricain 754 2
! raddza 4391 1
! rahman 4958 1 2881 1
! ramjan 1117 1
! rangel 1864 1
! rapild 3196 1
! reader 462 1 330 1 398 1 387 1 494 2 450 5 266 1 384 2 460 1 413 1 397 2 305 1 389 3 113 1 207 1 316 1 392 3 298 5 157 2 176 1 223 2 379 1 285 2 473 3 381 1 146 1 193 1 216 1 167 2 402 2 120 6 370 1 135 3 158 10 393 1 150 1 173 1 14 1 390 2 221 1 47 1 282 7 190 1 139 2
! recipe 2098 1 1925 2
! redact 2161 1 1585 1 1259 1
! refere 158 4
! refman 1365 1
! refold 2932 1
! religi 414 2 244 1 253 1 246 1 499 2 243 2 218 7 217 2 142 1 14 1
! respec 142 1
! rigaud 571 1
! ripemd 1621 2
! romaji 279 1 282 30 142 2
! rijden 1710 1
! regain 252 1 249 2
! randen 2631 1
! reveal 464 1 263 1 223 2 102 1 36 1 106 1 6 1
! rajall 4831 1
! rassia 4697 1
! ratifi 265 1
! realli 371 1 416 1 393 1 473 2 495 1 398 29 163 1 260 1 422 1 330 4 427 2 414 1 397 2 396 1 373 1 467 1 392 4 486 1 388 1 383 1 366 2 355 1 308 1 114 1 402 2 499 2 6 1 297 1 491 7 108 1 484 4 290 1 88 1 282 4 329 1 135 2 266 3 460 2 318 2 221 4 216 1 186 5 175 3 267 1 173 1 113 2 160 7 83 1 151 1 48 2 242 5 339 1 342 3 51 1 148 5 444 8 56 16 331 1 40 2 428 2 46 1 240 1 481 1 190 7 49 1 223 9 458 1 167 4 120 4 43 4 375 1 278 1 253 2 18 1 142 4 50 3 24 1 165 14 162 1 453 1 265 2 241 1
! rectal 2015 1
! redder 2210 1 1972 1 502 1
! refuge 3450 1 2865 1 2881 1 2644 1 4668 1 708 1 572 1
! regula 4798 2 583 1
! relbas 4715 6
! renden 2631 1
! rerend 935 1
! retina 4584 2 3620 1 4582 2 2382 1 2327 3 2074 3 1931 1 1158 5
! rieman 4697 1
! ritchi 46 1
! rjhall 3065 4
! rnchen 2919 1
! robber 242 1
! rpcgen 4884 4
! remind 476 1 160 1 113 1 222 1 52 1
! rectif 1104 1 1094 1
! rolnic 1273 2
! recepi 1463 1
! resend 4550 2 4394 1 4116 1 3872 3
! radiat 251 1 142 2 123 1
! raider 3759 1 2871 1 703 2
! redhat 4748 1 4000 1 3936 1 3541 3 3457 1 3437 1
! reedyc 3449 1
! refram 4760 1
! rehash 398 1
! releas 491 1 123 1 169 1 349 1 177 2 417 2 464 1 329 2 375 3 336 2 359 3 453 3 212 1 204 1 251 1 389 1 342 4 249 1 202 2 180 1 139 2 472 6 49 1 10 1 355 3 91 1 150 7 149 2 431 1 398 1 351 1 6 1
! retard 211 1 142 1
! reuben 1648 3 1595 2
! richse 2227 1 1777 2 963 5
! rideau 1047 2
! rkisch 3004 1
! roberg 3061 1
! robinh 56 12 416 2 163 7 491 4 40 2 165 2 135 2
! reheat 2652 1 2197 1 2464 1 2224 1 2360 1 2171 1 1723 1
! remain 392 1 495 1 329 1 56 2 244 1 150 2 428 1 359 1 366 1 297 1 410 1 249 2 226 1 270 1 458 1 266 2 220 1 253 1 248 4 389 1 216 1 200 1 417 1 229 1 183 2 221 1 127 1 58 2 494 1 165 1 27 1 51 2 427 2 123 1 358 1 26 1 210 1 445 1 398 7 7 2 57 1 149 3 83 1 6 1 281 1 46 2
! robili 1278 2
! retali 248 1
! rodili 1366 2
! redigo 4355 1
! rubber 438 1 251 1 242 1 152 1
! revera 502 1
! rabbit 4898 1 2443 7 3928 5 3059 1 2471 2 3923 2 3578 1 4454 3 3042 1 3320 1 2952 2 2440 2 1929 5 2159 1 2194 6 4768 2 1962 1 799 1 2156 2 1199 1 1979 1 1154 1
! rbteen 3250 1
! readon 4688 6 3913 1 2732 1 4279 1 1574 1
! record 427 1 307 1 491 4 265 1 253 3 116 2 304 2 398 3 191 1 282 1 329 1 223 5 176 1 177 1 83 4 244 2 193 1 428 1 157 1 111 1 484 2 249 2 415 1 277 2 190 4 160 2
! reffer 113 1
! retail 298 1 222 1 150 1
! rhotic 193 1
! ribbon 229 1
! richer 249 1 223 1 6 1
! rushdi 2881 1
! reward 398 1
! recipi 358 6 142 3 56 5
! reverb 4113 1
! runoff 3096 1
! rennam 4046 1
! rahmen 1514 1
! refair 1047 3
! rhymic 2726 1
! rapese 200 1
! romani 1059 1
! rabbul 4958 1
! radeon 4694 2
! ratico 3192 1
! rayhel 4696 1
! recogn 499 1 224 1 271 1 383 1 284 3 251 1 460 2 253 1 230 2 148 1 298 1 229 1 36 1 427 2 277 2 47 1 51 1 373 1 249 3 359 1 221 1
! reilli 4500 1 1635 1 3266 4 2881 1 2313 1 1738 1 1628 1
! render 216 3 167 2
! reshap 2319 1
! reveng 4072 1 3544 1 3719 1 4063 1 3716 1 3025 3 2871 1 3723 2 1561 1 720 1 828 1 739 1 569 1
! rococo 4761 1
! rogram 2312 1
! romain 427 1
! rudder 4648 1 2882 2 2327 1 1144 1
! rymden 4690 1
! rewind 52 2 48 9
! reunif 3673 1
! reject 415 1 165 9 398 1 248 1 153 3 152 1 416 6 271 2 56 1
! redund 458 2 282 1 177 1 190 2 267 1 167 3 142 1 108 1
! reclin 2879 1 2877 2
! retain 284 3 229 1 207 1 163 2 266 3 177 1 131 1 47 1 162 2 226 1 149 1 121 2 40 1 7 1 398 1 375 1
! rapido 4252 1 4237 1 4175 4
! rudolf 249 1
! remuna 3574 1
! recoil 2660 1 4668 1 2698 1 2323 3 1884 2
! radiko 4831 1
! riendo 198 1
! ragnar 1311 5 1310 4 1309 8 1308 2 1307 5
! ribbit 4432 1
! rodzaj 307 2
! radish 462 1
! rabaul 251 1
! racket 2874 1 1310 1
! ragusa 2522 1
! reddit 562 1
! redhet 3936 1
! refuel 2954 1 2717 1
! refund 3920 1 2415 2 2414 2 771 2
! remark 253 2 447 1 249 1 244 1 57 1 398 1 248 1 133 1
! rental 141 1
! renumb 4109 1 2609 1 1828 1 677 1
! repeat 447 2 467 1 445 1 398 1 260 1 183 1 418 2 397 2 331 1 427 1 358 1 243 2 175 1 222 1 106 2 12 1 198 1 205 1 46 1 207 2 160 4 204 1 48 1 131 4 47 1
! repudi 3840 2 3280 1 1627 3 4508 1 703 1
! reusch 9 2
! rijmen 3602 6
! rtiond 4690 1
! russia 251 1 246 1 248 17 249 1 244 1 406 1 142 2
! ripien 2159 2
! resold 572 1
! ranger 3059 1 2471 2 703 2
! rutigi 2634 1
! reamer 2676 2
! rappel 142 1
! rommel 739 1
! recycl 464 1 359 1
! random 358 1 427 1 266 1 398 2 56 3 493 1 342 8 422 1 223 1 177 2 216 1 498 1 115 1 162 2 253 1 113 1 160 2 157 5 120 1 496 1 52 1 50 1 142 1 49 1 472 1 417 1 94 1 40 1
! rasuna 2560 1
! regnat 502 1
! reicht 3775 1 1513 1
! relink 3522 1 4076 1 2956 1 2549 1 1698 1
! remask 1259 2
! repect 3758 1
! resili 3726 1 1161 1 2652 1 722 1
! revoke 232 1
! rmiger 2387 1 1285 1
! ruhlen 4650 1
! ritman 3024 1
! rocker 3595 1 3377 1 2881 1
! repair 251 1 142 2
! ruyard 3017 1
! rainer 3701 1
! rankin 4859 2 2464 8
! rappen 3004 1
! rdonli 48 1
! realon 408 1
! realti 396 1
! receiv 417 1 418 1 171 1 406 1 359 2 447 1 494 1 189 1 142 1 330 1 46 1 375 1 270 1 252 1 249 3 226 1 496 2 26 1 56 2 150 2 499 1 311 1 358 2 177 1 200 1 37 2 21 1 373 2 253 1
! recion 4239 1
! regsub 4655 1
! renova 3499 1
! republ 496 1 251 1 253 2 249 8 164 3 142 18
! respel 2330 3
! ricket 3620 2 3621 1 736 1 504 1
! ringer 4748 1 2561 1
! romesh 3023 2
! rommen 2631 1
! rotman 3889 1
! rubeno 431 1
! rustic 3231 4 2897 1 1930 1 1338 1
! rweasl 4120 1
! rolnik 1273 12
! reopen 3274 1 4619 2 1858 1 3638 1 3407 1 1842 1 726 1
! rasher 3387 2
! reisen 985 3
! resign 2787 3 2783 2 2323 1 2785 9 2900 2 1879 2 3167 1 1764 1 831 1 2901 1 2784 2 829 3 4582 1 728 1 709 1 702 7 796 2 649 4 2952 1 652 1 1802 4 593 6 1306 1 708 2 2875 1 572 1 1309 2 573 1 703 1
! reciev 444 3 205 1
! rflink 4873 1
! resect 3789 1
! roseat 2897 1
! regiti 951 1
! rdinat 2364 1
! relish 4648 1 3057 3
! racter 2372 1
! radars 2830 1
! ragtim 736 1
! raquel 1666 1
! rattan 830 1
! reckon 3025 1 504 1 3760 1 2956 1 954 1 2609 1
! rediit 3376 1
! reguar 398 1
! reguli 1044 1
! reiner 3701 1
! rejoin 3789 1 1156 1 708 2
! rifght 1899 1
! rincon 4239 45 4216 50 4195 26
! rotari 4309 1 3945 1 3595 1 3213 1 3207 1 2464 1
! rtjcom 4873 1
! ritual 2877 2 4648 2 4771 1 3511 1 1982 1 3638 2 2327 10 3530 1 3025 2 2875 1 2323 8 2872 1 1308 1 2804 8 4958 1 2865 1 4647 2 1059 1 569 1 2340 1 4180 1
! retval 4694 4
! romano 4846 1 3499 2 1462 4
! roanok 569 7
! realis 499 1 428 1 473 1 253 1 190 1 167 1 56 1
! rendon 3965 1
! racism 460 1 249 1
! rocket 46 2
! region 249 2 284 1 229 2 482 1 251 4 297 4 495 1 244 1 56 2 102 1 217 1 358 3 105 3 434 1 158 3 480 3 248 1 342 2 359 8 218 5 207 40 253 2 99 4 363 1 175 1 336 2 142 1 40 1
! resipi 4917 1 2560 1
! raisin 200 2
! rattsa 4391 2
! raucht 1500 2 1490 1 995 1
! rawshi 3026 2
! redpol 2897 6
! refuat 4138 1
! renner 1870 1
! repose 4668 1
! revamp 4748 1 4607 1 1560 1 3295 1 3589 1 844 1
! reveri 4671 1 2977 1
! rimski 4696 1
! robbot 2047 1 2516 1 2461 1 2026 1
! rollin 2878 1
! roughn 2403 3
! rzeren 1066 1
! rodion 1864 1
! reship 3350 1
! radium 4053 2 2585 1
! roller 4113 1 3945 1 2897 2 2421 6 2014 2 2684 6
! redmon 4279 1
! recent 418 1 484 1 359 1 428 1 427 6 419 2 231 2 373 3 302 1 396 1 417 5 410 1 398 5 491 2 397 2 167 2 391 1 253 1 389 1 248 1 285 1 216 1 169 2 165 2 56 5 244 1 83 1 152 1 180 1 226 1 157 4 413 1 366 1 160 2 113 1 252 1 149 1 235 3 166 1 12 1 7 1
! remote 3171 4
! rendit 2883 1
! rapper 1199 1
! ravish 4038 1
! rawkin 1199 1
! recept 4916 1 4697 1 3025 1 2288 2 4204 2 4917 2 2698 1 2371 1 2327 1 3920 1 3759 2 1493 1 1608 1 2323 4 4347 1 1740 2 890 1
! redraw 40 1
! reduct 296 1 142 1 292 6 28 1 6 13 475 1 200 1 123 18 211 1 41 2
! regent 142 1
! reliev 244 1 142 1
! reword 414 2 399 1 380 1 297 1 330 1 186 1 162 1
! rhodop 2865 1
! rindex 3275 5 3221 1 3041 7
! romnat 3883 1
! rshift 3334 1
! resouc 3436 1
! recast 383 1 447 1 67 1
! relepp 3525 2
! radios 2295 7
! residu 240 1
! reizen 1986 4
! reytan 142 19
! relook 417 1
! rariti 4668 1 4649 1 2897 1
! rabert 193 2
! rconhr 4784 1
! regret 398 1 204 1
! reiter 4159 1 4761 1 2616 1 2455 1 4688 1 2246 1 2161 1 3541 1 593 1
! rendez 3920 1
! rennet 2226 1
! renomm 142 1
! replet 3145 1
! rubrip 2897 1
! rueful 4066 1
! rutger 2369 1 703 1
! reborn 2323 1 4582 1 1882 1
! reptil 226 11 166 1
! reason 416 2 266 3 418 1 183 1 486 1 135 1 417 3 223 2 411 2 176 7 384 1 373 1 396 2 398 6 375 1 472 1 330 1 427 5 285 2 216 2 282 3 248 1 154 2 445 1 253 2 271 1 318 1 221 8 175 2 173 1 270 1 265 1 168 1 260 1 163 1 246 1 149 3 414 1 26 1 123 1 158 1 131 1 422 2 108 1 6 2 491 3 200 1 444 4 56 4 153 1 397 1 106 2 177 2 83 1 199 1 443 1 152 1 58 1 150 4 385 1 94 1 47 4 25 1 342 3 148 3 48 1 242 1 7 3 208 3 499 2 111 2 402 1 167 2 67 1 358 1 162 2 453 1 24 1 218 1 46 1 21 1 160 11 113 2 438 1 50 2 142 1955 165 11 428 7 40 2 194 1
! referr 3241 1 1493 1 584 1
! robart 3149 1 3061 1 3012 2
! reflex 318 21 286 3
! restar 1431 1
! recess 3773 3 649 2 2164 6 2875 1 1915 2 1268 1 1130 3 799 1 1802 1 2059 1 702 2 728 1 651 2 4756 5 593 1
! rodent 4771 1 4498 1 4770 1 1140 1 4616 1 3923 1 3663 1 2443 5 3125 1
! russel 297 2
! redupl 4608 1 4007 1 3350 1 1414 1
! reform 252 2 473 1 165 1 167 1 123 1 248 1 218 2
! remork 4831 1
! renter 3101 2 3011 2
! replay 4707 2 3059 1 1633 1
! rialto 754 1
! ribert 2523 1
! ridley 1153 2
! rieron 1517 1
! ripper 431 2
! rommet 2631 1
! romper 3059 1 1520 1 1526 2 991 1
! rzburg 2698 1 2015 1
! ration 303 4 458 6 359 1 221 2 142 4 384 1 208 1 148 9 207 5
! romero 142 2
! runner 3023 1 2753 26 1929 2 3574 1 571 1 1902 2 1964 2 1425 1 843 1 654 1
! romant 4671 1 3026 1 4648 2 3759 1 2522 1 2134 1 1938 1 3123 1 736 1 951 1
! relent 4748 1 3638 1 2781 1
! rehydr 358 1
! retino 3620 1
! rement 1044 2
! revilo 2865 1
! rjesti 4831 2
! reduir 726 1
! rainey 2883 1 2522 2 709 1
! raison 462 1
! rasool 4958 3
! refnum 3479 3
! reluct 398 2 282 1 204 1
! repent 204 1
! repres 266 4 473 1 402 1 447 4 25 6 260 2 495 1 398 3 186 1 158 9 181 1 278 2 295 4 57 3 154 1 342 2 281 1 373 2 383 2 480 4 406 1 453 1 265 1 83 12 277 3 318 3 27 10 221 1 145 1 142 1 129 2 105 3 58 16 150 1 9 1 56 1 7 1 298 1 492 1 49 3 47 2 404 1 113 1 207 19 110 2 41 4 37 2 267 1 408 1 20 1 6 2 358 1 123 13 29 2 54 1 99 1 263 1 28 1 36 1 21 1
! resnet 4693 1
! rocess 1264 1
! ropero 280 1
! recett 4916 1 2560 1 3158 1 3928 1 4917 1 2226 1 1930 1 1616 1 4997 1 2159 1 3765 1 3282 1 1419 1 1441 1 3231 1 2098 2 1614 1
! raster 4737 8 4279 8 4198 1 3203 6
! rioter 709 1 708 1
! realiz 398 4 165 1 207 1 284 1 491 2 499 1 223 3 108 1 160 1 83 1 244 1 56 1 411 1 135 1 190 1 208 1 47 1 458 1 113 1 40 1
! rotten 4790 2 4125 1 3685 2 2783 3 1199 1 2092 2 2052 2 1306 1 1096 2 975 1
! repars 4715 1
! retook 739 1
! robert 499 8 202 1 491 1 458 1 359 1 428 1 406 4 237 1 398 10 375 2 12 1 56 3 160 3 358 1 201 1 25 1 165 3
! repute 4668 1
! restat 3495 1 1200 1 2311 2 4173 1 3480 1 2323 2 787 1 4604 1 1436 1 3780 1 997 1
! racist 251 1
! radius 156 6 46 10
! ragett 2605 1
! ransom 3003 1 2865 3 2730 1
! regnum 582 1
! rellor 83 1
! remast 1504 2
! renorm 4697 1
! repass 702 1 649 1 4066 1 641 3
! resent 249 1
! resser 3965 1
! reuser 149 1
! rhythm 4493 1 3283 2 3957 2 2624 1 3455 1 1199 1 4583 1 2327 8 1087 1 3456 3 2927 5 3187 1 3751 2 3238 2 3123 1 2935 1 4476 2 3110 3 572 1 3024 1 3477 3 3759 1 2960 2 3574 5 2352 2 4171 7 740 3 3453 6 4628 1 3269 21 3082 1 2323 4 736 1 2998 2
! rimush 2340 2
! rivero 4831 1
! rmiron 4697 1
! rumpet 1777 1
! resurg 4180 1 2930 1 2327 1 722 1
! regexp 431 2 142 1
! runtim 277 1 121 2 49 1
! rodney 593 1
! rester 142 1
! requer 2266 2
! ricett 4933 1 4916 1 4935 1 4913 1 4577 1 2490 1 1929 1 4943 1 4917 1 4059 1 1595 1
! retitl 241 1 150 1
! rambus 4498 3
! reboot 3722 2 4693 23 4000 2 2905 1 1574 1 2379 2
! review 4 1
! rector 224 1
! rectum 2015 1 3789 1 1154 1
! respir 359 5 355 1 211 1 354 1 352 1 358 3 226 1 351 2
! reuter 3010 2 2865 2
! revoir 404 2
! rimasu 379 2
! royaum 1758 1 765 1
! rrynpi 1267 1
! rutuli 2865 1
! ritter 4648 1
! recorr 4252 1
! respon 3499 1
! rocoto 3521 1 2096 1
! resaur 992 1
! retent 226 1 186 1
! rocoor 369 1
! randus 3025 1
! rawkey 4694 1
! regist 418 1 176 1 186 1 181 2 427 1 266 8 375 1 398 3 444 1 389 2 169 1 160 1 177 1 157 2 47 7
! repris 702 3 2871 1 651 3 649 2
! retaur 3815 1
! reunit 3108 1 2106 1 740 1
! rework 223 2
! rfloor 3898 5 1136 2 851 1 1562 1 792 3
! ripley 3145 2 3022 1
! rombus 3304 1
! roster 163 2
! router 4884 7 4648 4 4563 2 4693 39 3945 1 4557 1 3677 1 3171 1
! routin 265 1 52 2 281 1 50 2 160 1 326 1 51 1 249 1 277 1 46 9
! russer 2666 2
! ripaus 1267 1
! runkey 2753 2
! reclus 2327 3 2323 38 1740 6 2441 1 1306 1
! revenu 4470 1 4748 1 4790 1 702 3 2018 1 4860 1 3920 1 3266 2 703 1 4416 1 1309 1 593 1 1306 1 809 1 3010 1 4775 1 733 1 735 2 641 2 649 2 2529 1 3863 2 2129 1 3026 1 726 1 1504 1 653 1
! rissol 1595 2
! rictum 584 1
! raygun 458 1
! ramsey 3012 1
! ranzom 4169 1
! rarest 2222 1
! raseru 379 1
! rateur 4489 1 3998 1 2573 1 1047 1
! redunt 970 1
! requir 498 1 419 1 281 1 193 1 431 2 398 20 494 2 447 1 427 8 496 1 355 2 418 1 390 1 202 1 392 1 298 1 391 1 389 2 366 4 413 4 54 2 248 1 383 1 480 1 284 3 381 1 271 1 267 1 173 6 410 2 216 3 363 1 266 1 417 3 223 1 416 1 222 1 415 1 221 12 218 6 211 1 491 1 6 7 200 1 186 1 123 1 220 1 458 1 167 2 263 1 166 1 359 3 165 2 158 2 444 7 56 5 150 11 149 3 131 7 91 1 374 1 83 2 177 1 160 3 113 1 358 2 67 1 342 3 51 3 148 2 217 1 278 1 472 1 181 4 428 7 331 1 40 1 49 5 265 1 168 1 162 2 356 1 115 2 406 1 46 4 256 1 50 3 48 6 142 2 94 2 47 1 41 1
! revers 453 4 398 1 123 1 359 1 480 1 342 6 224 1 295 1 174 1 165 1 49 1 331 1 56 1 419 1 51 1 271 2 6 3
! rhizom 4225 2 3739 1 1902 1 1468 2 1146 1 519 1 510 1
! romnum 1257 1
! rstrip 4119 1 3719 1 3275 5
! rareru 379 4
! repons 4138 1
! rhetor 380 1 285 2 276 1 434 7 204 1
! rsaquo 3443 1 3442 1 1000 2
! reflow 4279 1 2605 1 2403 1
! rollup 232 2
! recurr 41 2
! regunt 951 2
! resnum 4748 1
! resolt 142 1
! resons 2607 1 2593 1
! rezept 4917 1 4916 1
! russet 4198 2 2150 3
! reasur 4391 1
! rulest 951 1
! revert 180 1 285 1 428 1 417 1 494 2 186 1 421 1 398 3 444 3 173 1 176 1 165 1 160 1 120 2 108 1 499 1 282 1 167 1 123 1 491 5 161 1 56 4
! ruckus 1899 1
! raptor 1870 1
! recurs 472 3 392 5 184 1 397 1 232 2 265 2 90 5 46 1 181 1
! remors 4958 1 4063 1 4072 1 3112 1
! rewrit 208 1 484 1 392 1 458 1 331 2 216 1 400 1 114 1 57 1 287 1 402 2 56 1 375 1 167 1 186 1
! rivest 4765 3 4365 1 3777 1 2967 1
! ritett 4831 1
! ruyter 570 1
! rupert 1623 1 2881 1 571 1
! reserv 50 1 457 1 342 1 267 1 359 1 428 2 47 5 277 1 431 2 266 5 282 1 491 1 192 1
! rigour 4626 1 792 1 4673 1 668 1
! renown 4063 1 3538 1 3025 4 4760 1 4958 1 2340 1 593 3 1066 2 4072 1 2323 1 1983 1
! revolt 251 1
! rollov 216 3
! rallus 2897 1
! repuls 467 1 453 1 251 1 204 1
! resist 437 1 251 5 358 1 248 1 204 1 359 1 249 2 142 3
! resolv 417 1 142 1 186 1 135 1 58 2 113 1 251 1 174 1 383 1 169 1 491 1 221 3 56 1
! return 266 5 431 4 293 1 417 1 371 1 397 2 491 1 52 4 297 1 278 2 267 4 359 1 157 2 251 1 204 1 181 6 40 1 57 3 198 1 108 4 249 1 133 1 56 4 48 32 142 1 50 9 379 1 472 6 49 22 232 2 47 9 120 1 51 18 101 1 46 35
! rosett 3751 4 2930 1 1935 1 3054 1 1554 1
! runway 2882 1
! reznor 1864 1
! restiv 722 1
! rakott 2564 1 1609 2 1595 2
! roseus 2897 1
! rectus 2932 1
! report 397 1 491 1 249 1 444 1 422 4 389 3 169 7 329 3 142 2 217 1 6 1
! restor 422 1 417 1 428 1 251 1 249 1 247 1 398 5 145 1 444 1 177 1 96 2 107 1 176 3
! revolv 4783 1 4688 1 4394 1 3482 1 4648 1 3350 1 981 1 3671 1 3004 1 1883 1 2872 1 708 1 2341 1 3885 1 1010 1 2323 3 3082 1 3348 3
! rhesus 4038 1 4014 1 2015 1
! rubyvm 431 2
! rufous 2897 3
! ryston 2828 1
! rebutt 1308 1
! result 260 4 398 7 266 2 475 3 369 1 292 1 246 2 483 1 253 1 391 2 330 2 427 2 282 1 423 1 329 4 265 2 359 2 453 3 356 1 249 3 226 1 271 1 221 1 318 1 467 1 176 2 158 4 157 13 251 2 154 2 57 2 7 5 201 2 104 1 139 1 418 1 127 1 277 1 83 4 230 1 133 2 36 1 211 3 117 1 207 3 113 1 358 5 67 3 151 1 102 4 150 1 106 4 9 1 56 1 50 1 46 20 458 1 167 1 120 1 123 3 26 1 25 2 24 2 218 1 47 1 105 1 299 1 99 5 487 1 331 3 40 1 428 1 472 2 181 1 58 2 29 2 223 2 12 4 200 1 6 10 49 6 28 1 216 1 212 1 148 5 342 2
! ragyou 473 1
! reflux 4784 4 4537 1
! rasmus 4500 1 959 2
! reissu 2930 1
! repost 282 1 176 2
! retutn 4279 1
! ripost 4582 1
! robust 427 2
! rossum 3721 1 3683 1 3684 1 3334 1 3222 1
! rostro 3024 1
! rursum 4012 1
! retort 4063 1
! resort 271 1 216 1 158 1 428 1 54 1 142 1 162 1 135 1
! rusyaz 2328 1
! retour 142 22
! rewrot 330 1
! raptur 4648 1 3023 1 740 1
! ramuut 3026 1
! rhywun 3053 1
! rattus 3968 3
! ruptur 226 1
! rursus 4012 1 583 1
! rebecca 4878 1 708 1
! redhead 2897 2
! rosacea 974 3
! radicai 3499 1
! renegad 2871 1
! readabl 423 1 267 1 266 1 398 1 265 1 150 2 298 1 162 1 158 1 20 1 330 1 165 1
! richmac 390 2
! rideabl 1446 1
! rallida 2897 1
! replace 48 6
! resbala 4236 1
! reseach 4520 1
! regalia 504 1
! radianc 2327 1 2323 2 2950 1 2865 1 1740 2
! regicid 3350 1
! replica 293 1
! ramadan 2929 1 2865 1
! recheck 4715 1
! rigveda 3149 1
! rabbani 4958 1 1906 1
! readelf 4694 1
! ringana 2560 1
! reddidi 1972 1
! robaina 3776 1
! radiata 1591 1
! reliabl 389 2 398 1 266 1 186 2 121 1 6 3
! romance 1059 1
! readref 4715 1
! relianc 398 1 115 1
! risalah 3541 1
! rockdal 1306 1
! rhombic 1752 1
! remplac 4162 1
! redland 4737 1
! racecar 142 3
! romania 252 1 251 1 248 1
! reducci 3024 1
! related 4668 4 1114 1
! richard 449 1 462 1 142 1 13 1
! roughag 2443 1
! raphael 3228 1 4790 2 4775 6 3145 1
! raleigh 3350 1 1872 1 569 4
! rainfal 2340 2
! rebrand 4860 1
! remaind 251 1 226 1 318 4 54 1 187 1 47 1
! rendang 4637 2
! rhubarb 4123 6 2443 1 1595 6 2057 2 2254 1 1902 2 1438 6 974 2
! rodilla 4720 1
! roviana 2158 6
! rascado 242 1
! rellena 433 2 429 2 290 2
! riparia 2897 2 1752 1
! ransack 574 1
! recharg 2954 1 3595 2 4377 6 2657 1 4635 3 2963 3 4565 1 2403 2 3668 1 3206 1 3344 1 2717 9 1867 1
! release 4668 1
! relicta 952 1
! roadsid 2952 1 2473 1
! reichen 2782 1
! reencod 223 1
! reallif 3112 1
! rebaixa 142 1
! readili 294 1 123 1 7 1 216 1 221 2 56 1 26 2
! receita 4917 1 1727 1
! reclaim 441 1
! relaeas 2933 1
! rbeteig 4869 1
! redefin 12 1
! reinado 3024 1
! rematch 3350 1
! rermemb 3359 1
! robocod 4378 1
! ruffian 1307 2 703 1
! rustica 2897 2
! refrenc 4518 1
! runnabl 4533 1 1573 1
! rompela 3592 1
! rolnika 1275 1
! rearrag 1324 1
! readdir 3041 3
! realloc 472 9 191 3 49 3
! rebelli 1764 1
! reconna 806 1
! reinvad 1159 1
! rescind 593 1
! revenge 4668 1
! reweigh 778 1
! roadmap 131 1
! rcsdate 3266 1
! rearden 1310 4 1308 120 1307 159 1311 2 1306 47
! regalar 1526 2
! rantaan 4831 1
! roeding 4648 1
! ralloid 2897 1
! rangkap 2726 1
! rauchen 1500 1
! ravenna 3638 3
! redifin 4648 1
! reitcel 205 1
! relatif 1044 1
! ridolfi 2780 1
! roadkil 4856 1
! robberi 736 1
! rsiferd 458 3
! rstlich 1178 2 967 2
! rubberi 4758 1 3932 1 3016 1 1161 1
! reusabl 177 1
! rebuild 252 1 396 1 251 1
! rydberg 3445 1 2698 1
! riccota 4518 1
! rectifi 392 1 176 1 160 1
! resembl 465 1 359 1 266 1 231 1 226 1 207 1 208 1 48 1
! roemeen 1286 1
! remodel 211 1
! raftaar 477 2
! rowland 4673 1
! readlin 4372 1 3719 6 3363 1 2341 8
! rechnen 4696 1 1192 2
! recibir 1526 2
! recitfi 2750 1
! regreen 1681 1
! reguali 1426 1
! rejoind 1059 1
! resnick 3366 1
! ricardo 398 2 224 2 142 1
! riviera 1925 1
! rochell 2781 1
! roohani 4958 2
! realign 3663 1 2789 1
! religar 2327 1
! rocrail 3369 1
! rotatef 4215 1
! raderen 1772 1
! rancher 2878 2 2875 2
! raytrac 4828 1 935 5
! recvtag 4550 2
! redmond 2180 3
! reelect 702 1 735 1 2881 2 703 1 2784 1 574 1
! reellen 4696 1
! refdemo 50 1
! refdesk 4759 1
! reflect 460 2 223 1 102 11 286 1 309 1 470 1 167 2 127 2 123 1 358 1 142 2 284 1 398 3 445 1 342 1 107 4 112 1 67 17 113 1 101 2 7 4 86 2 40 1 106 3 57 2
! regimen 4038 3 2015 1 4014 1 504 1
! reunifi 3673 2 3638 1
! rolando 12 1
! rosebud 709 1
! roseman 3889 1
! rstchen 4869 1 2561 2 1200 2
! rubydoc 431 1
! rythmic 36 1
! rondell 724 1
! runexec 4279 2
! rouhani 4647 1
! reorgan 477 1 397 2 152 1 251 1 223 1 208 2 392 1
! refrain 180 1 175 1
! reddish 4999 1 3394 1 4368 1 1478 1 2930 2 2875 1 2917 1 2197 1 1681 1
! richtig 142 2
! ramekin 1439 15
! raspian 4693 1
! realtek 4694 1 4693 5
! reengin 121 1
! remembr 4583 1 3638 1 2875 1 2327 3 1591 1
! removed 4693 3
! reveder 3646 1 1256 1
! rodzina 889 1
! rubbish 113 1
! rubetra 2897 1
! rychlik 93 1
! realiza 4257 1
! roundel 2340 1
! riemann 4697 1 2888 4 1894 2 1725 2 1070 2 3077 1 668 1 639 1 604 1
! recreat 328 2 153 2 402 1 142 2 111 1
! rheomod 4648 2
! referta 583 1
! rambler 2328 2
! rapiuma 3025 1
! refract 112 4 107 2 106 2 98 2 142 2 102 5 67 12
! rasulid 2865 3
! reagant 745 1
! rehnuma 4958 1
! relapse 4668 1
! rembmer 3776 1
! rubicon 4094 1
! rudyard 3266 1 3018 1
! redlink 157 2
! rfornal 1819 1
! realvnc 4791 4
! recreer 1286 1
! randmat 3557 2
! reifler 2772 1
! relearn 222 2 131 1
! renunci 2323 146 1883 1 1881 5 1740 4
! regener 453 1
! relexif 4618 3 4616 3
! recomen 142 1
! robertb 3427 1
! roughen 2834 1 2403 3 1445 1
! radiant 27 1
! radrigo 205 1
! ratchet 4673 2 4565 1 4504 1 1162 1
! rectora 224 1
! refsect 3266 2
! reiserf 1576 1 1574 7
! rendaku 284 1
! reuelva 4239 5
! ricinin 589 3
! ritalin 7 1
! roumani 765 1
! rpcinfo 4884 1
! ryanair 3979 2
! rorippa 1974 1
! roumain 1286 1
! rodovid 2984 4 1813 2
! recvbuf 4550 3
! rarebit 2057 2
! raccoon 2443 1 4251 1 4768 2 2194 1 1979 1 736 1
! ramalay 1040 2
! readmit 796 1 709 3
! reailti 1963 1
! realiti 460 2 427 1 253 1 453 1 244 2 202 1 25 1 221 1 6 2
! reappli 3289 1 1585 1
! refresh 444 1 258 1 148 1 276 1 26 1
! refusal 4668 1
! reliqua 583 1
! relogin 3742 1
! remorej 142 1
! reveill 3110 2
! rhizoid 2542 1 1887 1 510 1
! rodolfo 2985 3
! rtusend 4690 1
! romesco 3282 2
! remissa 582 2
! rossami 1509 2
! ridicul 249 1 47 1 223 1 221 1 56 1 242 1
! retouch 4775 1 3635 1 2882 1 1782 1
! reardon 1311 9 4860 1 1310 15 1309 12 1308 1
! ripiano 492 1
! rebound 2327 3 2723 2 2323 1 1156 1
! rubygem 431 1
! robotoc 4378 1
! radhuni 4174 1
! rapidit 724 1
! ravycta 257 1
! raymond 80 1 81 1 93 2 70 1 79 1 78 1 77 1 76 1 75 1 74 1 73 1 72 1 71 1 69 1 68 1 65 1 64 1 40 3 63 1 61 1 66 1 44 1 82 1 59 1 60 1 62 1
! reagent 263 1 123 1 24 1 6 4
! redhook 4066 1
! refiero 3084 1
! regular 460 1 253 1 373 2 406 1 494 1 398 2 336 1 430 2 499 2 338 1 381 1 428 1 288 1 429 1 286 4 427 1 145 1 255 4 202 3 249 1 379 4 285 2 473 1 431 2 243 1 222 1 199 5 160 2 183 1 284 5 169 1 339 1 198 3 267 1 223 1 154 2 280 4 142 3 402 2 167 1 282 1
! rehears 249 1
! reigion 934 1
! relaxng 2632 1
! renondo 2871 1
! reorder 257 1 202 2 258 1 133 1 40 1
! replier 3721 1
! rethink 398 2 135 1
! retreat 251 1 248 1
! rhcloud 2404 1
! ritteen 4831 2
! rodrigo 205 1
! rougher 4746 1
! russian 405 1 402 2 277 1 253 1 249 3 158 1 307 3 142 5 36 1 243 3 12 1 6 1 248 12
! rodolph 1492 2
! redwood 1173 1
! reynold 2571 2
! rightli 2327 1
! retract 358 1 149 1 120 1
! reparte 4072 1 4063 1
! rumford 3056 1
! rookeri 660 1
! redwolf 1699 1
! responc 1730 1
! ravioli 4157 2 2490 3 1595 2
! realtim 398 1 223 1 121 1 47 1
! relgion 4122 1
! reliant 226 1
! relleno 3024 1 1604 1
! respond 491 1 356 1 444 2 427 1 358 1 248 2 355 1 56 3 177 1 221 2 152 2 251 1 205 2 282 1 167 1
! rivalri 4673 2 3509 1 1284 1 2340 1 3638 1 2784 2 722 1 502 1
! riveren 1713 1
! rossman 2934 1
! rounder 4771 1 4113 1
! rudolph 3790 1 3701 1 2334 1 829 2
! regeret 3529 1
! renounc 251 1
! ricotta 4518 5 3284 8 2159 2 2562 2 2226 2 2490 3 1595 4 1441 4
! robinet 724 1
! respect 373 1 498 2 265 1 349 1 58 2 358 1 67 2 496 2 330 3 427 2 40 1 331 3 284 1 379 1 282 1 37 1 231 1 248 1 389 1 148 2 342 1 7 3 104 1 298 1 204 2 318 3 177 1 176 1 175 1 174 1 160 1 354 1 307 1 260 6 166 3 158 1 133 1 491 1 6 1 162 1 56 9 444 1 50 1 244 1 291 2 150 3 173 2 383 1 101 1 285 2 499 3 208 1 165 1 84 1 152 2 26 1
! remarri 4775 1 3228 1
! reminer 3620 1
! riskier 3010 1 2942 1
! raibert 3213 1
! rapidez 4254 3 4245 1 4256 1 4236 2
! regnant 4038 1
! remains 2327 2
! rendent 1044 1
! reoccup 3450 1
! rephras 162 1
! revista 337 1
! rialism 724 1
! richter 3701 1 1423 1 1163 1
! rosetta 4608 2 3149 1 3056 3 3751 1 3399 1 1045 1 2772 6 3054 12 1739 2 3055 6
! rowboat 3858 1
! ruggero 4697 3
! rittein 4831 1
! robcowi 3436 4
! rebirth 3864 1 3772 1 4122 1 3462 2 2327 3 2323 1 4790 1 2865 1 4775 1 1310 2
! realism 4877 2 4707 1 4582 3 4790 4 4761 4 3663 1 4180 1 4116 2 4528 1 1492 1 3642 1
! rderung 2782 1
! renderr 4381 1
! repatri 2872 1
! reticul 2114 1
! riament 142 1
! robbyjo 491 2 273 2
! roommat 3920 1
! rumahku 842 1 830 1
! russkij 1366 1
! rynkova 2666 1
! reproof 4697 1
! robkohr 3260 2 1621 2
! romanis 473 2 282 1
! rentier 4869 1
! richwin 3053 2
! receipt 150 2
! readbyt 3978 2
! recuper 2403 1 593 1
! redrawn 1093 1
! reevalu 4748 1 2883 1 4584 1 2890 1 4180 1 1106 1
! repaint 3913 1
! requeri 142 1
! resound 3663 1 740 1 574 1
! resumen 4175 1
! rhodium 2585 1
! rossini 3056 1
! rosenth 3483 1
! remnant 231 1
! reoccur 1307 1
! rescuer 4958 1
! randint 3715 2
! raiment 4066 1
! rampant 3495 2 4038 1 703 1 1307 1 572 1
! ressait 3965 1
! rowspan 406 2 405 4 404 10 369 4 254 10 199 1 379 15 280 1 165 4 410 1 157 5
! refreez 2360 1 2171 2 2166 1
! rubycon 2403 2
! royalti 150 1
! raggett 2732 1
! rakuten 4206 1
! rattrap 4184 1
! rcoocor 916 1
! reactiv 294 2 475 5 35 1 123 6 117 1 29 1 369 3 6 9
! reactor 3513 2 2954 2 2952 2 2902 1 2717 2
! recover 3733 1
! regibus 4355 1
! remarks 4697 6
! renovar 3499 1
! resourc 484 3 396 1 374 2 418 1 413 1 391 1 218 1 265 1 447 1 165 2 214 1 9 3 397 2 494 1 56 2 153 1 444 1 477 1 380 1 284 4 246 5 243 1 337 4 358 1 499 1 402 2 221 1 415 1 285 1 191 1 173 2 301 3 398 6 116 1 163 5 142 6 141 2 282 2 329 5 38 1 132 1 328 2 93 1 403 1 112 1 113 3 16 1 154 2 251 2 389 6 338 1 176 1 317 1 223 2 417 2 41 3 276 1 222 4
! retinol 3620 1 2725 1
! revenir 1431 1 809 1
! rigavit 582 1
! rresten 4689 1
! rumahmu 840 1
! robocup 4377 1
! roadway 2875 1
! richest 604 1 2881 2 2865 1 3663 1 572 1 1047 1
! rhenium 2585 1
! rodrigu 2644 1
! raclett 1930 2
! rainbow 165 1
! rdarwin 3900 1
! redempt 2323 1
! remuner 4673 3
! repetir 198 2
! respekt 402 1
! ribault 3450 2
! ridgway 3673 2
! romanum 560 1
! rostier 3054 1
! rochest 3296 3 733 1
! remment 3965 1
! rentner 2246 3
! ruleset 3602 1
! rejuven 2327 5 2323 1
! repriev 702 1 649 1
! reunion 3596 1 1200 1 985 1
! rastreo 4175 1
! refigur 4648 1
! redness 4668 1
! renaiss 243 2 218 2 217 3
! rosewat 2560 2 1681 2
! rampart 3054 2 3026 2
! rathaus 967 7
! regions 4668 2
! relativ 4749 1 4648 2 4582 1 2207 1 970 1
! retriev 278 1 149 3 281 1 266 1 131 1
! ribosom 466 1 359 36 349 8 358 1 353 1 352 4 142 1
! rismarr 2865 1
! roaster 3339 1 2360 2 1671 1
! raphson 4798 6 682 1
! rayborn 3179 2 2521 1 1906 1
! rebuilt 3026 2 3145 1 2340 1 4694 1 2865 1 4715 2 843 1
! refocus 285 1
! rustier 1038 1
! raagulu 2560 1
! rangpor 3023 1
! realist 4648 1 4707 1 3343 1 4877 1 2977 3 3635 1 4892 1 4610 1 3441 1 4673 2 3780 4 4697 1 3663 2 4790 1 3254 1 1585 1 3042 1 2838 1 3026 1 3684 1 3815 1 2875 1 2947 1 2717 1 2954 1 2609 1 2327 1 4066 1 2295 1 2364 1 2210 1 942 1 3010 1 4608 2 4582 2 3125 2 3078 2 4760 1 1376 1 3372 1 1492 2 3011 1 4609 1 4632 1 1624 2
! rejoint 1044 1
! repetit 398 1 223 1 242 1 484 2 284 2 427 1 207 1 142 1 131 5
! retreiv 444 1
! roberto 429 2 406 1 166 8 136 2 113 2
! rollmop 2561 2
! rosshir 4066 1
! roxburi 572 1
! rufusat 2896 1
! renault 4084 1 1008 1
! resciss 4508 1
! respawn 2260 1
! rentrer 1047 2 813 1 809 1 726 1
! ritteit 4831 1
! redress 702 1 650 1 649 1 648 1 571 1
! renderx 3266 3
! rington 2321 1
! runaway 4648 1 2403 1 708 1 574 1
! ressant 3965 1 3712 1
! raisins 1724 1
! railway 251 2 248 1
! ramirez 2930 1
! readstr 4279 3
! reflist 418 1 373 1 281 1 472 1 232 1
! repasto 1431 1
! rhombus 3304 1 2389 4 928 9
! romanov 248 2
! rwinkey 4693 2
! reativo 3499 1
! regress 4648 6 3849 1 4671 13 2757 1 3780 1 2890 1 1739 2 4138 1 651 1
! rhodius 4038 1
! reqtool 4694 2
! recruit 398 1 358 1 56 2
! reftest 50 1
! resettl 4416 1
! ribulos 3615 1
! russisk 2666 2
! resisit 1034 1
! ryption 3913 1
! rcoomgx 4784 2
! regrett 2327 1 3024 1 1629 1 4697 4 1628 1 2323 1
! redston 1872 1
! ressent 3965 1
! rooftop 980 1
! rackott 1609 1
! regimus 951 1
! remarqu 4790 2
! reprint 1576 1 4766 1 1040 1 4582 14 4697 6 703 2 2865 1 2161 1 1795 2 4649 1 3714 1 733 1
! resuelv 4175 1
! revisit 416 1 266 1 177 1
! rimshot 1594 1
! romanus 3638 1 502 1
! rundown 4392 1 2644 1 1044 1
! rushmor 158 4
! rwatson 1906 2
! restart 56 1
! rooster 369 1
! ricinus 589 1
! repress 245 1
! rubinow 736 1
! restaur 223 2 192 1
! reconqu 4790 1 1764 1 722 2
! reknown 4958 1
! rskrivn 4689 1
! raylton 3731 3
! reposit 2952 1 4279 2 2014 1
! repopul 4729 1 3663 1
! rectrix 504 1
! registr 398 2 151 1
! regroup 251 1 248 2 142 1
! remettr 796 7
! rybczyk 2749 2
! rittaus 4693 1
! regrown 1628 1
! respons 428 2 472 1 329 1 398 5 491 2 397 2 389 6 356 1 371 1 368 1 24 1 494 1 353 1 165 2 349 3 202 1 252 1 229 2 160 1 286 1 427 4 358 1 151 1 177 1 246 2 152 1 359 4 265 3 56 2 150 2 25 1 167 1 231 1
! renatus 3631 1
! roulett 2092 1
! recount 4582 1 3026 1 3025 1 1848 1 2882 1 3002 1 1308 1 2323 4 1306 2
! rowtype 4653 1
! rhytium 2865 1
! ryhmitt 4831 1
! request 491 2 169 3 389 5 434 10 379 1 418 1 142 44 492 10 398 15 391 2 221 3 428 13 180 1 274 1 179 1 273 3 223 1 176 21 458 3 167 1 160 15 113 3 151 2 135 2 417 3 16 1 204 2 419 2 90 1 205 2 422 2 93 3 375 2 145 14 427 23 171 9 150 1 56 1 338 1 271 2 177 10 225 5 272 1 178 1 413 1 40 2 416 1
! repsons 3377 1
! regulus 3751 1 2897 3
! reistor 2537 1
! retourn 813 1 809 3 726 3
! rouvrir 726 2
! rozpocz 142 1
! rawkeyt 4694 1
! recours 221 4
! rivisto 4065 1
! rapport 3759 17 3441 1
! reinsur 728 1
! rethrow 2319 2
! rubyist 2313 2
! reassur 120 1
! roletyp 3345 18 2644 26
! roquett 1937 1
! russkiy 1366 1
! rdonlyr 2015 1
! resumpt 2015 1
! risotto 3550 2 2159 3 3549 4 2306 1 2226 2 1901 6 1595 6
! resolut 491 2 221 1 56 2 174 1 444 4 158 7 135 2 50 1 154 1 49 1
! returns 3010 1
! ruinous 398 1
! ribozym 2932 1 1125 1 1120 1
! revolut 253 3 218 3 251 1 246 20 249 4 245 7 248 1 298 1 243 10
! rostrum 504 1
! romulus 4416 3
! results 4668 4 2327 2
! restult 56 1
! reislyt 3574 1
! recvtyp 4550 2
! rubiacea 1789 1
! rwxrwxr 1574 1
! rycanada 1535 6
! rutabaga 1902 2 1407 4
! realidad 2765 1 3317 1 1827 1 3253 1 3083 1 3024 3 2936 1 3318 1 2260 1 1826 1 1969 1 1927 1
! rubenada 3592 1
! replaced 3019 3
! reachabl 4975 1 3870 1 2366 1
! radicand 1261 1
! reeeeeal 142 1
! repackag 3059 1 2360 2 2881 1 2171 1
! readdata 3182 2
! rollback 232 2 160 3 135 1
! retirada 3499 1
! reifiabl 2319 2
! redcedar 1752 1
! relicenc 187 1
! reactanc 4489 1 3711 18 2706 2 2595 1 2580 1 2403 10
! randseed 3557 2
! rijndael 1636 1 1628 1
! regulida 2897 1
! reaonabl 4729 1
! rasmalai 2560 1
! reeixida 142 1
! richardi 2897 1 571 1
! rockefel 829 1 728 1 2772 1 702 1
! recherch 4859 1 3025 2
! ratifici 702 1
! received 3029 2 3027 1
! refbegin 1666 1
! reproach 221 1
! research 434 1 253 1 167 1 397 3 491 1 202 4 356 2 359 1 218 1 221 1 142 2 211 2 223 1 177 1 154 2 116 1 398 16 7 1 237 1 277 1 56 1 217 1 38 1 485 2 186 1
! rhodesia 4790 1 3021 1
! ramayana 2340 1
! reattach 359 1
! recommed 216 1
! rothbard 1872 1 593 2
! referenc 278 1 223 1 50 2 6 1 496 1 166 1 151 1
! reinhard 3701 1
! resurfac 4790 1 2875 1 4756 1 2341 1
! rhundrad 4690 1
! roseland 317 1
! rubecula 2897 1
! rucksack 142 1
! ranskaan 4831 1
! rarefact 94 2
! railroad 249 1 246 1 142 1
! rgerlich 992 2 973 1
! rdlichen 1778 1 963 1
! remizida 2897 1
! recercar 1431 1
! refshelf 2493 1
! rotifera 231 1 229 2
! rpersieb 142 1
! rifleman 2896 1
! republic 2865 3
! recomend 1955 3 1678 1
! rainbird 1585 2
! rayleigh 132 1
! rocchini 3203 1
! rodentia 2359 1 2275 1 2133 1
! romanian 495 2 142 2
! runeberg 4297 2 4275 1 4225 1 4208 1 3739 2
! responda 4831 1
! reptilia 226 1
! reupload 1285 1
! ruhollah 4082 1
! runhandl 4694 1
! remarcar 1352 1
! rebjukma 590 1
! receptai 4917 1
! relaunch 398 2
! rosalind 1131 3 934 1
! routledg 307 1
! rubescen 2897 1
! radioact 495 1 294 1
! regionid 2753 7
! rodmodel 3615 1
! ramanuja 2323 1 1740 2
! reindeer 4869 1 4690 1 3790 1 3017 2 2194 1 2089 1
! reawaken 1591 1
! ramanath 3023 1
! reconcil 4756 1 4582 1 4138 1 1916 1 4062 1 4775 1 3884 1 3663 1 735 1 3242 1 3541 1 2323 3 3023 1 1802 1 2327 2
! reggiano 4846 1 1944 1 1617 2 1462 1
! repassag 1047 1
! rntecken 4690 1
! rterbuch 142 16
! rufescen 2897 1
! recombin 358 6 101 1
! redshank 2897 2
! rondelli 2403 1
! reistanc 2537 2
! ridicule 4668 1
! rfrankel 1038 1
! rearrang 480 1 458 1 398 1 417 1 340 1 263 2 399 1 331 3 28 3 51 1 5 2 29 1 6 5 83 1
! rectangl 216 2 207 8 158 5 133 1
! reappear 3349 1 3025 1 1141 1 2164 1 1503 1 1591 1 1461 1 1356 1
! reducinh 3615 1
! relacion 4175 1
! relflect 4032 1
! remoreig 142 1
! richmann 2890 2
! richmond 3016 1 708 18 703 1
! rosecran 708 5
! romantic 246 1
! rerecord 2609 1
! reverend 4066 1 3004 1
! reafferm 4975 1
! readlink 3041 2
! rubbishi 1004 1
! raamahit 2865 1
! reabsorb 4307 1 3789 24 1154 1
! rekondog 113 3
! required 1504 3
! rozenfel 3026 1
! rpgmaker 3495 1
! rsistanc 600 1
! rapidfir 4504 1 1444 2
! recalcul 4859 1 2403 1
! reenforc 810 1
! recordar 198 1
! radiolog 142 3
! rational 169 1 165 1 383 1 308 1 158 1
! redesign 411 1 305 1 167 1
! redirect 418 10 378 1 382 1 376 1 453 4 269 1 223 2 411 3 176 1 182 1 135 2 414 1 179 1 92 1 161 1 178 1 22 1 398 1 160 1 301 1 48 2 142 177 377 1 285 1 216 1 170 1 134 1 275 1 157 23 167 2 402 3 56 7
! reincarn 3538 1
! reinclud 56 1
! reinforc 160 1 359 4 284 2 154 1
! reminisc 397 1
! remplaza 4254 1
! reaffirm 3495 1 652 1 3673 1 2323 1 593 1
! rhythmic 3456 1 3453 1 4628 1 3110 1 2935 1 4189 1 1579 1 1356 1 1156 2
! reddevil 4800 1
! refequal 4119 2
! reconsid 428 1 499 1 414 1 371 1
! rapproch 142 1
! readfast 2822 1
! reciproc 4692 1 3602 3 3663 1 3023 1 3631 3 1783 1 4546 2 2775 1 1130 1 2464 2 3476 1 2327 1 4696 1 2506 1 1425 1 2403 3 1138 1 1129 1 1261 1 4701 1 1136 2 2505 2
! reemphas 2732 1
! refriger 280 1 200 1
! ridgenet 4610 1
! rodilnik 2134 1
! rosemari 200 4
! reverber 3017 1 2323 1 1879 2
! republik 2106 1 967 1
! rimental 142 1
! rnberger 1200 2
! ranchero 3623 2 1614 2 1595 2
! recorder 4668 1
! reexamin 702 1 4748 1 648 1
! relicens 208 1 187 2 45 1 177 1 149 1 150 2
! reportag 4184 1
! respondi 402 1
! rmhermen 3553 2 2431 4 2516 1 1724 1 2180 1 2026 3 2759 1 1483 1 2152 1 2097 7 1437 1
! roentgen 2698 2
! rperwahl 142 1
! rughetta 1937 1
! refresco 199 2
! rohingya 1059 3 621 1
! rekihaku 4318 1
! razorbil 2897 1
! recepten 142 1
! recuesta 3024 1
! religion 249 2 244 11 218 2 217 1 162 1 142 1 243 3 56 1 221 1 121 1 14 1
! replicon 1131 1
! reproduc 417 1 398 2 389 1 422 1 355 9 258 1 229 1 230 2 391 1 220 1 358 6 226 3 150 1 359 2
! riversid 4815 1 4499 1 1681 1
! roswitha 4869 4 3701 1
! realizan 4827 1
! randolph 736 1 663 1 593 5
! raftsman 3592 1
! rambutan 974 2
! reactant 342 20 263 1 296 2 211 8 6 5
! recompil 4971 1 4715 1 4693 2 4688 1 4714 2 3449 1 4884 1 4653 1 935 1 4694 1 1108 3 2293 1
! recondit 1980 1
! redshift 4697 6 2698 1
! regardez 796 1
! relative 4668 9
! reoccupi 572 1 570 1
! resoluci 4252 1
! retarget 4694 1 4693 1
! ribonucl 1119 1 934 1
! robuchon 4198 1
! russisch 142 15
! regendum 3376 1
! rutulian 2865 1
! rosepark 459 2 17 2
! regresar 2985 1 1526 2
! retroact 150 1
! resuelva 4281 1 4203 1
! rolewiki 3495 1
! reassign 417 1 252 1 160 1
! rechnung 3004 2 1192 3
! reinstal 1461 1 4408 1 1448 2 1447 2 935 1
! returnid 4813 12 4716 12
! rickshaw 1591 1
! rigatoni 2490 2 1595 2 2226 2 1441 2
! roundish 3739 1
! rubidium 4053 1 2585 1
! runlevel 3936 1 3045 1 2905 2 1575 1
! ruprecht 4869 2
! restrain 4564 1 4559 1 4063 1 3605 1 1162 1 3025 1 3185 1 2327 1 2014 2 1882 2 1307 1 2323 6 1883 1 739 1 651 1
! reaction 3 2
! rayninfo 4139 1
! realizar 4544 1
! recognis 284 2
! reichert 2865 1
! reintegr 3265 1 709 1
! rinehart 2125 1
! rootsweb 3676 2 1820 1 1813 1
! recoveri 359 1 163 1 142 1
! rapidito 3192 1
! rastilin 3625 2
! recognit 453 1 417 1 411 1 154 2 253 1 223 1 284 2
! reconven 3663 1
! reductio 761 1
! refereix 142 1
! reformat 402 1 221 1
! regiment 251 1
! reharmon 3123 1
! relizamo 4239 1
! respecto 4254 1 4237 2 4245 1 4175 4
! rjestelm 4831 3
! robotnik 1872 1
! rocketri 2882 1
! rossmann 2934 5
! rozumiem 888 4
! relation 4668 11
! refactor 163 1 167 1 162 3 152 11
! rarrigon 1573 2
! realplay 190 1
! requenct 2595 1
! respondo 4831 2
! rachgoun 3026 1
! rajeswar 3025 1 3023 2
! randomis 3041 1
! realvalu 4697 1
! reiserfs 2379 1 935 1
! religios 142 1
! respectp 4175 1
! restoran 4443 13 898 1
! restring 3241 1
! roleplay 3868 1 3495 2
! rosewood 2930 3 736 1
! refentri 3266 3
! richtung 142 1
! rudiment 3141 1 4697 1 2242 1 1364 1
! rejewski 1628 1 1627 1
! rubyforg 431 2
! readmiss 709 1
! relevant 151 1
! ressonar 142 2
! retornar 1431 1 1352 1
! ritzmann 3213 3
! reckless 221 1
! repetiti 3028 1 1653 1
! reclutar 3236 1
! recommit 1802 1
! rectitud 650 1
! raindrop 3017 1
! raistlin 1864 1
! rediscov 4756 2 4648 1 3772 1 3149 1 3144 1 3015 1 3026 1 3025 1 2882 2 3462 1 1130 1
! reorient 3759 2 4648 1 4618 1 2688 1 2382 1
! repquota 1576 1 1574 4
! response 4668 1
! rhoeteum 2865 1
! rotation 4668 1 3285 1
! rousseau 245 1
! radiowav 4052 1 2952 1
! resubmit 2999 1
! rusengul 1906 1
! rappelez 3920 1
! recevoir 4162 1 1044 1 814 1
! recvfrom 4394 1
! railleur 1445 1
! recepiss 3920 1
! register 3742 1
! regurgit 258 1
! respeito 3499 1
! reregist 4414 1
! repetori 1402 1
! reissner 1070 2
! restrict 267 1 366 1 458 1 419 1 396 1 265 1 495 1 358 1 473 1 207 1 318 2 249 2 180 4 158 1 153 1 160 1 397 1 6 1 149 4 398 2 145 1 375 1 7 2
! rashness 4668 1
! robinson 51 1 12 1
! rpattern 3913 1
! russlerm 4693 1
! reinstat 150 3
! rockshor 142 1
! rtpalett 4693 2
! roadrunn 398 2
! recogniz 470 1
! resultar 3236 1
! raphanus 3767 1
! refrozen 2360 1
! resuscit 4584 1
! rheostat 2404 1 576 2
! resuppli 708 1
! readwrit 1939 2
! referenz 1513 1
! relativo 4175 7
! relayxsd 2753 3
! relsimul 83 1
! rflticyo 3592 3
! rosyjski 4259 1 1368 1
! rotoscop 3751 2
! registri 431 3
! repartir 1526 2
! receptor 466 1 7 2
! repartit 2379 1 935 1
! ruthless 249 2
! reinvent 4435 1 4372 2 3684 1 3541 1 2956 1 4748 1 1492 2 2319 1 1324 1
! redstart 2897 3
! resultat 1736 1 1513 1
! reassert 4082 1 3638 1
! reassess 3544 1 828 1
! recompos 4606 1 4550 1
! reformul 4697 14 3296 8 4028 1 3599 3 2949 1 3954 1 852 1 787 1
! reinsert 2698 1 1486 1
! relayxml 2753 1
! residuum 504 1
! restrung 3945 1 3220 1
! royalist 398 1
! rubbertu 3213 1
! rupestri 2897 1
! retribut 3025 2 2939 1 572 1
! rossetti 4760 1
! rectress 504 1
! rasurars 1526 2
! readjust 4748 1 1192 1
! reimburs 2015 1
! rencontr 4140 1 3965 1
! restless 2327 3 1307 1 1866 1 1096 1
! rhvphyjo 4693 1
! rasputin 4790 2
! riroriro 2896 2
! recaptur 4648 1 3673 1 2323 1 1740 2 571 1
! resistir 1526 2 686 1 685 1 684 1
! runeston 2902 1
! requisit 428 2 183 1
! restroom 371 2
! rozkazuj 307 1
! reproton 3478 2
! reinvest 4673 1
! rollholz 4869 1
! roseroot 2471 2
! rubywikt 1372 2
! reanalyz 4615 1
! rightrot 2573 1
! relayxsl 2753 1
! respuest 4175 1
! rugivthv 4693 1
! reprompt 3257 1
! reimport 423 1
! resistor 142 1
! rapoport 4697 5
! rastport 4694 3
! refertxt 4696 1
! robustus 4780 2 4584 2 4582 2 2133 2
! rubiaceae 1752 1
! recargada 4245 1
! rjestyst 4831 1
! radiohead 3462 1
! roundhead 4790 4
! rattlecad 427 7
! richardia 1789 1 1752 1
! replaceal 2366 2
! remipedia 2261 2
! rorschach 2772 1
! rollandia 2158 3
! recpaella 1929 1
! rikaichan 3483 1
! reaserach 3311 1
! reference 4697 2 4696 2 4668 2 1504 2
! rangefind 4181 2 4180 7
! relaciona 4242 4
! rhineland 249 1
! reasearch 677 1
! rearranag 4098 1
! rangespac 41 2
! resonance 4668 1
! radicchio 1902 2 1488 1
! reccomend 3042 1 3016 1
! riceoflif 2226 1 1419 1
! roleidref 3345 22 2644 29
! rosenfeld 4616 2 3350 1
! receptacl 2014 1 3733 3 1973 1
! recommand 3921 3
! recorrida 4252 2
! ruticilla 2897 1
! rosefinch 2897 1
! remarriag 2784 1
! rasgueado 2935 2
! recipenam 3091 1
! respiraci 1826 1
! rejoicing 4668 1
! restricci 4239 1
! roberdeau 593 1
! resfriado 288 1
! reprimand 1802 1 1199 1
! randompag 157 1
! recommenc 281 1
! recommend 216 10 458 1 223 1 123 1 303 1 444 1 491 1 397 2 167 6 175 2 152 3 150 2 56 1 111 1 84 1 51 2 49 1 47 1 43 1 135 1 490 1 20 1 398 7 165 2 142 2
! repoublic 4697 1
! retrograd 3459 1
! ringspeci 3873 1
! riverbank 3027 1
! reconcili 4771 1 2323 1 2214 1 709 1
! raquetbal 2187 1
! raffaello 2865 1
! reichstag 4790 2
! remainder 4668 1
! rosenberg 573 1
! repairfaq 3205 1
! romanisch 2782 1
! reguardar 1431 1
! richtigen 2238 1 1514 1
! rusticola 2897 1
! reidentif 4649 2
! rationali 2334 1
! reassembl 359 2
! realaudio 2322 1
! religiosa 3024 1 1752 1 1578 1
! repentina 583 1
! roohaniat 4958 1
! rolnikiem 1273 1
! ruedawiki 3592 1
! rotterdam 1458 1
! rajasthan 3188 1 3023 1
! richiesta 142 1
! reptilian 4648 1 2804 11 2164 2
! recollect 2334 1 1306 1 990 1 1743 1 793 1
! regionnam 2753 10
! ruficolli 2897 5
! rhinoceri 504 1
! reemplaza 4245 2
! rundschau 171 1
! reschedul 3919 1
! rodchenko 4031 2
! rehabilit 4648 1 2327 7 2015 3
! radrennen 1066 1
! raphaelit 4761 1 4760 1
! ravenscar 3449 4
! reblochon 4079 7 1930 1
! receiving 4668 1
! regratiar 1431 1
! rembrandt 4790 2
! ricinulei 3153 2
! romanesco 2088 2 1902 3
! rewinddir 3041 1
! rigardant 402 1
! reconnect 4873 1 3320 1 2524 1 586 1
! repairmen 1311 1
! rhipidura 2896 1
! rosogulla 2560 2
! rueppelli 2897 1
! roundleav 2471 2
! rishikesh 2327 4 2323 1
! responden 582 1
! reasoning 4668 7 2323 1
! redefinit 4279 7
! reconsecr 843 1
! rebellion 249 1 247 1
! rotograph 3751 3
! rablement 3965 1
! reallemon 3932 1
! refashion 4584 1
! represita 402 1
! residenti 142 3
! responsib 3196 1
! resultado 4281 7 4252 1 4245 2 4203 7
! rightward 260 1
! routledtg 4651 1
! returncod 4655 2
! renderpng 3889 1 666 1
! reproject 4610 1
! recategor 1509 1
! remplazan 4254 1
! recorrido 4252 1
! redlentil 3605 2 3598 2 1527 2
! rejection 4668 1
! relfizeau 4859 1
! reorganis 165 2
! republish 150 2 149 1
! reykjavik 573 2
! rubyinsid 431 1
! rubylearn 431 1
! replenish 3901 1 3267 1 2717 1 2327 2 2954 1 4577 1 2212 1 2014 1 2566 1 1301 1
! rhinocero 4768 1 2275 2 504 1
! readyepsf 4279 2
! realizamo 4239 3
! reciproco 4281 2 4203 2
! recognize 3016 1
! reconfirm 934 2 639 1
! rhombozoa 229 1
! richiesti 142 2
! rodasmith 3589 13
! reprehens 2956 1 1628 1
! rozzychan 677 2
! referenti 4653 3 4583 1 2835 1 3257 1 1007 1
! rubytrend 431 1
! raspberri 462 1
! ravitseva 4831 1
! realworld 428 1
! recipient 4281 2 4254 2 4203 2
! reinspect 4697 1
! rhyndacus 2865 1
! recipetip 2490 1
! relatiivi 4831 1
! rantyblog 4969 1
! reabsorbt 3789 1
! realzioat 4697 1
! redevelop 4584 1 3096 1
! redirects 3778 1
! revitalis 2327 2
! rosenmund 4537 1
! recalcult 4653 1
! regelwerk 142 2
! relativli 2207 1
! rassolnik 1803 2
! reflector 4736 2 4300 1 2952 4 2068 1 4859 1 1449 1
! regularis 398 1
! rosenblum 2865 1
! rambuttan 462 1
! reanalysi 4615 1
! reception 4668 1
! resources 4715 1 2865 1
! respuesta 4281 14 4216 25 4243 4 4195 7 4239 11 4203 14 4252 2 4175 5
! rotunditi 4668 1
! rulership 2340 1
! reduction 4648 2 4582 1
! regrettar 1431 1
! ragzouken 4830 2
! rballhist 1186 1
! recompens 4063 1
! rectanulo 4239 1
! resultlen 4550 1
! redensart 1461 1
! rakennatt 4831 1
! recession 4668 1
! religioso 3024 4 1578 1
! radiometr 4744 1 3901 2
! rootclass 4813 3 4716 3
! raptatori 2263 4
! remington 397 1
! resurrect 175 2
! rootstock 974 2
! rotisseri 2360 2
! ruthenium 7 1
! reactions 4051 1
! rhodopsin 1158 1
! registrar 2161 3
! reproduct 359 1 229 4 355 5 230 2 358 4 226 3 356 1
! ratestogo 3979 1
! reemplazo 4245 1 4239 3
! reentrant 4694 1 3221 2
! represent 383 1 218 1 278 1 83 2 6 1 249 2 277 1 369 1 123 1 284 1 109 1 58 1 27 1 217 1 447 1 184 1 253 1 154 9 99 4 41 6
! restraint 359 1 204 1
! retention 4668 1
! retroflex 3794 3 1503 1 890 5
! roadstori 142 1
! rethought 1749 1
! recapitul 496 1
! relations 4668 6 2865 1
! respicius 3480 1
! roughness 4668 1
! reversion 4668 1
! rasprippl 3181 1
! republiqu 765 1
! reticulum 465 1 358 1 352 2 359 8 349 4
! rewritten 291 1 190 1 480 1 282 2 162 1 173 1 163 1 57 1 56 2
! roosevelt 251 1
! regentess 504 1
! rutishaus 397 1
! repertori 3145 1
! racecours 2173 1
! rawlinson 3145 1
! realizzar 4065 2
! reattempt 1447 1
! religious 4668 6 2865 1
! repertoir 3048 1 2881 3 4575 1 2935 1 2365 1
! repulsion 4668 1
! rodriguez 4109 3
! roundtrip 3919 1
! reflexivo 286 1 142 1
! rolltrepp 2246 3
! resultant 4239 1
! reportero 991 1
! ritualist 2877 1 2875 1 4673 1 2323 7
! recurrent 4668 2
! romanesqu 3647 9 3638 7 3635 1
! raimundus 4583 1
! ranfurlyi 2896 1
! revisions 150 1
! ridiculus 502 1
! robertson 4038 1 3026 1 1070 2
! roquefort 3612 1
! rpcrouter 3363 2
! reconvert 3901 1
! reservoir 157 2
! rectstrok 4279 1
! righteous 1308 1 733 1 1883 1 3544 2 2323 79 828 2 2214 10 3019 1 4038 1 2865 8 3025 1 1880 2 3246 1 1882 2 2327 9
! reabsorpt 3789 14
! recvcount 4550 4
! rackmount 4563 1
! repercuss 2327 3 1051 1 736 1
! roundworm 231 1 229 1
! ruwenzori 3026 1
! retropunk 473 6
! redissolv 4051 1
! recouvrir 726 2
! repressor 1137 4
! rhodophyt 1144 4
! rightmost 3117 1 4300 1 2455 1 1636 1
! requestor 3920 1
! ressortis 3920 1
! rosybrown 2114 8
! reapsorpt 3789 1
! rumoresqu 584 1
! robotstor 3139 1
! retposxti 402 1
! resolutum 2874 1
! rvqgaacaaj 379 1
! runnertyp 2753 2
! repubblica 3074 2
! residencia 3829 1
! regionhead 2753 15
! runidcheck 2753 1
! rhizamoeba 2407 2
! rubricauda 2896 1
! reeeeealli 2539 1
! rahmenfarb 1300 12
! receptacle 4668 1
! redundanci 4668 1
! rocketread 2822 2
! roddyflagg 3057 3
! republican 249 2 221 2
! rangeblock 1245 2
! rhodopechi 2897 1
! rakhigarhi 2340 1
! rgerlichem 992 1
! ropivacain 7 1
! reccommend 4672 1
! roledetail 3345 2 2644 2
! rwxrwxrwx 1574 2
! resistance 4668 1
! rippingham 4063 1
! rothschild 4760 1
! represaria 4239 1
! riemannian 4697 19 1070 2
! racquetbal 3757 1
! regelmatig 1816 1
! reidentifi 4649 5
! roncarelli 4509 2
! ruhrgebiet 918 3
! recordkeep 2890 1
! raestreado 4258 1
! recomiendo 4827 1 4772 2
! references 50 1
! reclassifi 1140 1 1053 1
! rbiskuchen 1435 1
! relacionat 142 1
! reptillian 4125 1
! romanovich 1864 1
! recipezaar 1619 1
! radionavig 2698 1
! rheumatoid 3620 1
! riggamarol 3143 1
! realizando 4544 1
! richardmay 4181 2
! requiescat 502 1
! repitiendo 198 1
! rattlesnak 2471 2
! respectiva 4281 1 4203 1
! revisionid 3690 1
! rijstebrij 1465 1
! rwehumbiza 3480 1
! reconsider 2890 1 702 1 649 1
! rusgrammar 3589 1 1811 1
! rakennetta 4831 1
! reemplazan 4245 1
! riboflavin 2725 1
! restigouch 571 1
! readership 3270 1 3495 1 3297 1 2616 1 2361 1 2211 1 1429 4
! reeplazamo 4252 1
! respondemo 4175 1
! retangular 3631 1
! rudolfensi 4780 1
! runstargen 4610 1
! regioninfo 2753 2
! rushalayim 3993 1
! rutherford 4697 4 1872 1 829 1 709 3
! retroengin 4616 1
! rearmament 251 1 249 2
! responsibl 4958 1 1311 1
! richtungen 2782 2
! referendum 2788 2 735 3
! rendiconti 4697 3
! rationalis 2210 1 1750 1 1560 3 4992 1 682 1
! refractori 4696 1 3620 1
! richardson 4791 1 2549 4
! regardless 499 1 418 1 318 1 402 1 491 1 284 2 166 1 266 1 398 1 260 1 58 1 150 1 94 1 411 1 158 2 388 1 148 1
! reintroduc 265 1 251 1
! revelation 4668 2
! regensburg 2609 1
! requiremet 4729 1
! restartmod 4533 1
! revelatori 4582 1
! reviendron 3965 1
! richwinusa 3053 1
! rosenzweig 2225 1 1702 1 2024 1 2108 1 3472 1 3522 2 2026 1 1696 1
! rpgnetwiki 3495 1
! rufzentral 142 1
! rectangulo 4252 1 4239 3 4238 1
! reconfigur 3390 1 3213 1 1782 12 1576 1
! redirector 4279 1
! robotsinfo 3428 1
! registrati 1820 1
! reconnaiss 4790 1 3965 1 3759 2 708 1
! regulatori 211 1
! retrospect 249 1
! riparazion 1446 1 1444 1
! robespierr 4790 2 3635 2 1864 1
! rudderless 573 1
! roundabout 2223 1
! ratatouill 2226 2 1922 7 1419 2 1958 2 1595 2 1925 1 1930 4
! readingmus 3110 1
! redistrict 653 2
! relativiti 4670 1
! rhinoceros 504 1
! rongorongo 4608 3
! relatitivi 1070 1
! removessem 142 1
! removethis 1424 1
! ridibundus 2897 1
! roboticist 3213 1
! repetition 4668 1
! regression 4668 1
! resentment 4668 1
! restaurant 142 1
! rondneuzen 3562 1
! ribbentrop 4790 1
! rtepresent 4697 1
! relinquish 251 1
! rexxsyslib 4694 2
! reacquisit 2865 1
! rifleshoot 1978 1
! rubythroat 2897 1
! rainforest 158 4
! randomlist 3041 6
! relentless 2181 1
! retroforth 3511 1
! retransmit 4873 1
! restaraunt 223 1
! runnerupnj 411 2
! recallplus 2821 3
! repositori 444 1 359 1 431 1 398 1 220 1 157 1 142 1
! randomhous 4505 1
! represesnt 129 1
! returnvalu 3041 1
! revolution 3023 1 2323 1 4668 1 3282 1 4756 1 1139 1 4736 1 3900 1 4755 1 1114 1
! rmergesort 1316 3
! runprglist 4693 1
! resolution 4668 1
! rozmawiasz 1277 2
! rusticolus 2897 1
! relativist 83 5
! rightarrow 447 2 478 2 148 1 58 1
! reconquest 722 1
! resolutori 4697 2
! rossmernyk 4477 1
! reprodutor 3499 1
! resturaunt 561 1
! rakastettu 4831 3
! rellorentz 83 1
! removentur 583 1
! rhinovirus 353 1
! restructur 499 4 290 1 285 2 208 1 253 1 366 1 223 1 397 3 111 1
! reinstitut 3544 1 828 1
! relacionada 142 1
! retrovirus 1141 4
! raphidoidea 2271 2
! regioncheck 2753 1
! relatividad 142 1
! ravichandar 4748 3
! recentchang 428 1 419 1 417 1 272 91
! relacionado 4253 1
! rechterhand 4754 4
! retbabilejo 4740 2
! rastafarian 2881 1 2865 2 2307 1
! resistencia 3024 1
! rickjpelleg 397 3
! rindfleisch 3004 1 2561 1
! regiospecif 6 2
! rakenteilla 4831 2
! rohindartha 2865 3
! replaceitem 3331 2
! radiocarbon 4744 4 4052 1 2875 1
! russianalli 2328 1
! rehmatullah 4958 4
! reestablish 3267 1 2781 1 570 1 3026 1 2323 1 708 1
! regioselect 916 1 745 1
! relicensing 150 1
! realgrouchi 398 2
! realisieren 1513 1
! richtlinien 1513 1
! raybradburi 3315 1
! rperbildung 142 1
! reichsmarin 4300 1
! rofessional 4155 1
! restriccion 4239 1
! realisminen 4831 1
! raghuvamsam 4868 1
! remineralis 3590 1
! rellightcon 83 1
! rakenteissa 4831 1
! rudimentari 4909 1 3959 1 4685 1 3840 1 3221 1 3265 1 3638 1 1977 1 2211 1 1106 1
! rectangular 281 1 30 1
! retaliation 4668 1
! romanceless 1306 1
! reemplazamo 4252 2 4242 1 4239 1
! redensarten 1027 1
! requiredfor 3149 1
! realisation 2327 4
! resignation 4668 1
! rubicundior 502 1
! rediscoveri 4756 1 3761 1 3462 1
! realpolitik 3635 1
! rheumatolog 2015 1
! recategoris 4619 2 1140 1
! rubberstamp 4673 1
! reisaquesta 142 1
! reimplement 4714 1
! refreshment 4668 1
! rollercoast 4690 1
! realisatlon 2327 1
! rakkauskirj 4831 2
! respectivli 604 1
! robertnegro 4716 1
! realization 1741 1 1739 2
! rosakiewicz 3751 1
! romanisaton 473 1
! readinglist 4651 1
! riferimento 4065 1
! recipesourc 2587 1
! radiocommun 2698 1
! requirement 4668 1
! rzeczowniki 307 4
! rationalist 4790 1 3881 2 3407 1
! resolveform 3534 1
! reconquista 4790 2 4775 2 722 2
! respiratori 226 1 209 1
! restoration 4668 1
! righttofork 419 1
! rhyniophyta 2169 1
! remorseless 4072 1 4063 1
! reinterpret 4528 2 4509 1
! raspberrypi 4694 1
! rageunivers 3602 1
! raskolnikov 1864 1
! reversedstr 3041 2
! realnetwork 2322 1
! redistribut 391 1 307 1 158 1 150 2 149 1
! reprocessor 959 1
! retransmiss 3872 1
! repositorio 1352 1
! radioisotop 4052 2 934 1
! resolutioon 444 1
! repertorium 3021 1
! rhabdovirus 353 1
! restitution 4668 1
! reconstruct 251 1 154 1 142 1
! reussissiez 802 1
! rechargeable 4377 1
! reconstitut 2150 1 1964 1 1681 1 1407 1
! rusesabagina 2644 1
! recyclopedia 1707 2
! ramachandran 2934 5
! rhynchocoela 231 1
! readerschoic 4873 1
! rechtschreib 1513 1
! relampaguean 3024 1
! realitycheck 2210 1 1591 1
! renewcommand 3722 2
! ranadeakshay 1324 1
! ruotsalainen 1267 1
! radiotherapi 4052 1
! rhodostethia 2897 1
! refrigerador 280 1
! recommonmend 4612 1
! reemplazando 4242 1 4239 1 4236 3 4216 1
! realpolitick 4790 2
! ruedafiguren 3592 1
! rectangulari 2874 1
! resistanceex 2404 2
! rhipodistian 226 1
! ricardohorta 3499 1
! rhododendron 3350 1 3069 1 2471 2
! rakastettava 4831 1
! reubenbarton 3598 2
! rangergordon 1192 3
! resposibilit 2164 1
! refrigerator 4668 1
! relationship 495 1 373 2 248 1 342 1 496 1 397 1 444 1 303 3 7 1 242 2 101 1 229 1 83 3 318 2 226 1 414 1 230 1 207 7 223 1 123 1 51 2 192 1 427 1 218 3 127 1 221 1 150 2 6 1 110 1 99 1 398 1
! reintroducir 3024 1
! reproduction 4668 1
! rangtelwoord 1713 1
! risorgimento 4790 3
! reversedlist 3041 2
! rupinsulensi 2874 1
! rightaroskey 4695 4
! restaurateur 1488 1
! reductionist 4648 2 1114 1
! resultsabout 720 1
! retroperiton 3789 1
! rastapopoulo 1876 1
! researchbuzz 4760 2
