! ta 477 1 204 2 149 1 379 3 398 3 444 1 221 2 272 1 481 1 205 4 373 1 142 1
! tb 4291 1 3982 3 2585 1 2188 1 4463 2 4078 4 2164 1 2214 1 2161 1
! tc 499 2
! te 379 8 371 1 272 1 404 2 473 1 242 7 193 1 190 3 142 11 191 1 224 1 254 4 166 2 56 4
! td 495 1 235 4 279 2 199 130 216 1 142 1 83 16
! tg 272 1
! tf 4251 1 2559 1
! th 444 1 422 1 284 1 331 4 373 1 494 2 353 1 149 1 356 1 499 4 358 2 427 2 496 7 276 1 272 1 249 3 183 4 359 2 218 3 278 6 163 1 186 1 142 8 434 1 246 2 223 3 47 1 221 1 244 1 495 2 166 2 12 1
! ti 473 1 276 1 204 1 358 1 257 1 142 1 256 1 36 2
! tj 142 1
! tk 431 2 142 1
! tl 499 1 158 9 491 2 414 2 416 1 410 3 272 1 167 1 176 1 383 2 153 1 175 1 165 12 132 1 40 3 139 2 381 5
! tm 51 2 50 7
! tn 4660 1
! tp 4523 1 2239 1 3592 1 3345 2 4119 3 2644 2
! tr 495 1 235 2 302 1 272 1 404 4 216 4 209 1 232 1 276 1 498 2 199 36 156 2 142 5 83 8
! ts 405 1 379 1 142 1 51 2
! tt 418 6 444 6 169 4 402 104 281 8 265 22 181 118 278 16 267 86 272 1 157 2 266 138 404 1 167 2 453 16
! tu 435 2 290 7 224 2 404 4 398 2 258 1 190 3 142 1 166 1 56 1
! tw 4437 2 3592 2 4604 1 1322 3 1075 1 890 1
! tv 373 1 369 1
! tx 3265 1 3053 1 4835 4 4697 8 2841 3 3945 8 3057 1 3944 2 2767 1 3181 4 3016 2 2523 2 654 2
! ty 4707 1 1484 1 1047 1 1986 3 798 1 890 4 4693 1 4831 2 4350 1 1270 2 1272 1 2317 1 799 3 1152 1 888 1 796 1 726 1
! tz 51 4
! tab 423 1 397 1 389 2 336 1 165 1 163 2 48 3 162 1 47 1 173 1 169 1 491 1 128 1 111 1 56 1
! tca 209 1
! tba 3061 2 4007 1 3012 1
! tad 491 1
! tcb 4694 1
! tga 2291 2
! tac 3919 1 3751 1 1576 1 1573 4
! tea 397 2 258 3
! tbd 4493 2
! tcc 3274 1
! tha 236 1 56 1
! tia 3945 2 3944 1
! tja 4546 1 1816 1
! tcd 1186 1
! teb 2330 1
! tbe 397 1
! ted 4688 1 2878 1 2879 2 1479 3 2875 3 1310 1 1308 2 1307 1
! thc 2323 2
! tma 1877 2
! tjb 2210 4
! tag 499 3 131 1 241 1 398 1 383 2 337 1 436 1 216 9 285 1 473 1 427 2 266 1 173 3 491 2 444 4 397 4 213 1 135 1 158 5 175 1 359 1 418 9 142 1 10 1 56 9 46 1 157 1
! tka 4608 1
! thb 4183 1
! tee 405 1 194 1 7 1
! tid 4690 1 3260 3
! tic 4748 1 4671 2 3751 1 1409 1
! tah 405 2 404 1
! tcg 3410 1
! thd 2452 1
! tdg 3266 2
! toa 3203 1 2453 2 4690 1 1350 2
! tbh 427 1
! tsa 4391 2
! tch 2609 1 943 1 890 2 765 1
! thf 6 3
! tra 4831 3 3790 1
! tie 488 1 298 3 398 2 167 1 119 1 108 1 113 1 40 1
! tje 4493 2
! tbi 2326 1
! taj 477 2
! tai 4831 8 1626 1 1714 1 1579 1 1199 2 1176 2 807 3 818 1 3604 1 832 1
! tlc 1871 1 4607 1 507 1
! tei 3266 2
! tif 4279 1
! tua 4831 1 1366 1 695 1 582 2
! tak 4270 1 2635 1 1276 2 4608 1 4958 1 888 5
! teh 1258 3 1257 2 4391 1 1256 3
! tle 4869 1
! tme 1461 1
! tig 2865 1 1986 2 1514 1 1513 2
! tod 4997 2 4616 2 1806 2
! tta 379 4
! toc 434 1 225 1 491 1 54 1 148 1 260 1 331 1 492 1 285 3 379 1 167 4 282 3 157 1 151 1 57 1 114 1 208 2 396 1 277 1 139 2 38 4 132 1 113 5 160 1 56 8 283 1 142 12 165 1 14 1 135 2 158 1 268 1 169 1
! tal 166 1
! tam 2451 2 1877 2 1282 2 4012 2 3110 2 888 3 2323 1
! tej 1272 1
! tlg 205 1 204 3 203 1 192 1
! toe 56 1
! tsc 1801 1
! tya 4431 1
! twa 2830 1 1047 2 799 1 798 2
! txa 4697 1
! tbl 4246 1 2770 3
! tub 4690 1 2605 1 2180 1
! tdk 2403 1
! tan 331 4 260 1 257 1 224 2 158 12 58 1 52 1 49 1
! tcl 142 5
! tek 890 2
! tel 166 1
! tfk 1199 1
! tog 4690 1 1503 1
! tud 3965 1
! tvd 2522 1
! tre 142 2
! tlh 3110 1
! tse 4831 1 2881 1 1872 1 943 1
! txb 4697 1
! tap 405 1
! tmj 1591 1
! trg 4731 4
! tte 379 4
! txd 3945 1 3944 2
! toh 404 1
! tem 340 1
! tli 2210 2
! ttf 4693 2
! tik 2321 1 1458 1 810 1 799 1
! tao 2825 1 3449 1 2879 1 2804 3
! tue 398 1 49 1
! thl 2210 1
! taq 1142 1
! tcp 3944 1 4394 2 4693 2 4116 4 3541 1 1149 6 4694 1 3222 1 3864 3 3171 4 4873 3 1573 2 3363 1 1185 2 2905 1 719 1
! til 4392 2 3003 1 2560 6 1591 1 4831 2 3192 1 1058 1 2609 1 929 1
! toi 404 3
! tpi 4693 1
! tqi 2403 1
! tsh 4066 1
! tuf 460 2 142 8 56 10
! tye 2330 2
! ttg 3620 2
! tug 1445 1 1591 1 1356 1 1026 1 722 1
! tvf 1554 1
! tim 493 3 56 2
! tas 398 2
! tho 444 3 427 2 285 1 235 1 56 4
! tok 142 2
! tsi 4831 1
! tti 4056 1 3041 1 4350 11 2634 1 2862 2 1573 2
! tri 3 2
! tin 251 1 242 1
! tll 3110 1
! tar 4693 2 4694 4 4533 1 2862 4 1574 2 4495 1 3936 1 3683 2 4147 4 3020 3 2875 1 3524 13 2403 1 1576 1 935 1
! tuh 2726 5 1258 1 1047 2
! tze 4869 1 4480 1 2782 2 1513 1 3141 1 2561 1 2106 1
! tbs 4995 3 4882 1 4653 1 4694 1 1669 2 3110 1 3105 1 1336 7
! tol 3408 3
! tom 224 4
! tio 4350 12 2634 1 964 1
! ter 498 4 496 1 142 4
! tui 2896 2 504 3
! tip 402 1 83 1 251 1 366 1 389 1 56 3 397 1 282 1 216 1 200 2 222 2 427 1 20 3
! tat 4790 3 765 1 2767 1 1902 2 2323 1 827 1 1285 1 4671 1 733 1
! tpm 4748 2
! tuj 4740 1
! tko 892 1
! tau 4166 1 2841 44 3348 2 2408 1 3145 1 3107 4 2711 3 2139 1 2599 2 2076 4 2559 3 2403 5 2079 6 981 2 965 4 3955 1 1007 3 3724 1 1010 3
! tes 4184 1 1044 1 824 1 2254 1 1058 1 1047 1 4696 1 809 2 798 1 951 1 808 6 797 2 1441 1 726 1
! thr 4183 2 1075 1
! ttl 4748 2 4183 1 2853 5 2479 1 4835 15 3449 4 2452 1 2428 5 2288 1
! tav 4583 1 2865 1 1954 1
! ton 398 2 223 1 208 1 142 1
! tmp 214 2 47 4
! tuk 3247 1
! taw 404 1 307 1
! tis 23 1
! ttm 2210 1
! tgt 2343 1
! tet 4831 1 4690 1 3145 1 1199 1
! tum 1972 1 1557 2 1190 2 584 2 1431 1 951 2
! ths 3482 1 3485 4 1615 1 2913 1 3454 4 1694 1
! tax 141 1
! tit 2460 1 1923 1 2897 10 797 1
! tlr 4180 5
! tms 431 2
! tro 402 2
! tsp 239 1 238 1
! tto 4391 1
! tun 971 1 995 1 1677 1 3775 1 1575 1 985 2 810 2
! tay 404 2
! tgv 3979 6 3919 1 3917 1
! tks 2881 5
! tso 1282 1 889 1 888 1
! tlt 3483 1
! tns 3363 13
! tos 288 1
! tuo 4831 2
! tvo 2634 1 2441 3
! tiu 402 1
! tex 418 2 398 1 167 2 142 12 56 2 40 3
! tvp 1407 4
! tor 2164 1 1557 1 4010 1 1245 1 810 1
! taz 280 1
! thx 4587 1 1899 1
! tnt 2321 1
! tot 3562 1 4343 7 1714 8 1595 2 4697 4 1366 2 1509 1 1459 11 4012 1 1713 7 4496 3 2537 3
! tsr 1028 1
! trs 1032 1
! tey 1864 1
! tmv 1398 4
! ttr 1880 1
! tbz 3966 1
! tgz 4533 1
! tov 243 1
! tst 1574 13
! tts 3483 1 3257 2 1329 1
! tur 3529 1 3351 2 2806 4 4690 1 2560 1
! tvs 2952 5
! tou 379 1
! tus 450 2 288 1 224 1 496 1 56 1
! tlx 499 2 427 2 417 2 142 151 285 1 208 2 473 1 418 2 176 4 149 1 167 1
! tow 4748 1 3638 1 2772 1 1356 1
! tru 142 1
! tsu 379 6
! ttt 4903 1
! tut 3722 1 3683 2 3684 2 3004 1 4571 1 3372 4 1807 1
! trv 3945 1
! txs 396 1
! tuv 2522 1 1517 1
! twt 2830 1
! toy 444 1 107 1
! tyt 4831 1
! txt 462 1 374 2 389 3 48 4 312 1 392 4 216 1 51 2
! tzu 1773 1 1256 1
! tuy 2451 2 907 1
! tux 3045 2 2944 7
! taba 4958 3
! teba 379 1
! tebb 2970 1
! tabc 3275 3
! tada 4175 1
! tiab 4437 4
! tiba 4445 1
! tica 450 1 176 1 168 3
! teda 402 1
! tabe 473 4 379 6
! taed 398 1
! thea 4715 1
! teeb 2441 1
! tiac 2865 1
! tida 1371 4
! tiga 4446 1 838 10
! toca 142 1
! toda 291 1
! tage 1044 1 1047 5 997 2
! tama 193 1
! toad 242 1
! trac 4694 3
! tuba 3110 1 2440 1
! thaf 2323 3
! tsca 721 1
! taff 2390 1 1199 2
! trea 1267 1 890 2
! teja 2323 2
! tgia 1740 1
! tafe 1064 1
! tach 3965 1 1274 1
! tehd 4831 5
! teid 4831 6
! tide 251 2
! trad 3247 1 3053 1 1535 1
! toga 612 4
! tech 422 1 434 2 389 1 169 3
! teff 2675 2 2027 2
! todd 4805 2 3023 1 4647 1 702 1
! talc 4066 1
! tana 3023 2
! tela 142 1
! thee 359 1
! tema 286 1 142 1
! tamb 3499 5
! taal 3562 2
! tadi 944 4
! tapa 4257 1 3592 3 3282 2 2323 1 1604 4
! teeh 1267 1
! tima 3361 1
! tria 4831 2 3751 1 562 3
! thai 462 1
! tila 405 1
! tiff 4279 5
! tack 49 1
! tasa 4175 10
! teal 2785 1 3181 1 2788 1 2787 1 2855 1 2786 1 2784 1 870 1 2779 1 2158 8 2783 1 2780 1 2778 1 1763 1 2896 6 2781 1 1802 1 1758 1 1764 1 2897 3 827 1
! tejf 2564 1
! tenc 2441 3
! tibi 695 1 584 2 582 1
! tina 307 1
! toah 1258 1
! tube 485 2 359 3 229 4 231 1 226 1 211 1
! tarb 20 2
! tame 142 1
! tred 2634 1
! tabl 3 2
! tree 496 3 482 1 447 8 56 2 258 2 398 2 467 1 132 1 431 2 477 1 244 1 149 1 142 1 472 1 242 1 231 4
! tale 434 1 482 1 242 2
! tara 473 1
! tijd 4496 2 3562 1 1713 1 1459 1
! tael 733 1
! tcpd 2905 2
! team 359 1 224 1 174 1 329 4 142 2 485 1 56 2 121 1
! teme 1386 4
! tend 410 1 379 1 369 1 358 1 427 1 352 2 398 2 329 1 47 1 260 3 467 1 342 2 186 1 16 1 298 2 113 1 160 1 259 1 165 1 142 2 7 1 263 1 122 1 21 3 56 2 453 2 265 5 58 1 46 1 37 1 460 1 129 1 167 1 6 2
! tera 307 1
! timc 4809 1 4589 1
! tinc 142 1
! toma 4281 1 4245 1 4203 1
! trai 806 1
! tsah 4391 1
! tude 3965 3 3272 1
! tsee 405 1
! tnie 890 2
! tidi 491 1 165 1 398 1 253 1 163 1
! toch 1497 1
! tele 3979 2 3920 2 2952 1 1578 1
! tobi 1 1
! tild 157 1 152 2
! tata 1137 1 1132 1 892 1 2726 1 889 1 830 1
! tomb 3024 1 2882 5 726 2 3026 2 2883 1 939 2 3055 5 502 1 4180 2 2340 1 3014 1 3025 2 809 2
! tahk 2625 1
! tava 3289 2 2918 2 3105 6 2915 1
! trie 470 1
! teel 404 1
! tene 2631 1 2560 1
! tham 1282 1
! thek 1500 1
! time 487 1 416 2 369 2 421 1 472 5 375 1 181 1 428 13 475 4 278 3 281 1 460 5 353 1 427 15 133 1 330 5 389 1 342 6 402 1 431 3 430 2 289 1 336 1 453 2 417 4 135 10 329 1 467 3 176 4 373 3 273 1 470 1 396 2 392 4 358 5 67 4 264 2 458 3 167 5 318 1 83 98 280 3 495 1 298 2 398 29 491 10 294 1 391 1 385 1 482 4 285 6 473 4 276 1 462 1 265 5 154 1 57 19 254 1 447 5 253 5 56 17 449 2 252 1 26 4 223 5 419 1 222 7 418 2 221 8 21 2 218 1 216 2 211 2 208 1 11 2 405 1 190 1 282 4 185 2 177 3 271 1 174 1 173 4 266 5 463 1 366 1 169 1 166 2 260 10 163 2 165 11 359 2 162 2 160 13 355 4 158 1 54 5 251 3 131 3 310 1 113 2 207 3 404 14 16 1 108 1 496 3 102 2 277 1 180 1 150 5 104 1 498 3 151 2 248 2 51 16 148 9 7 2 95 7 292 1 98 1 444 8 50 11 47 4 244 4 142 9 48 2 94 1 191 3 241 1 141 2 46 4 12 3 406 5 35 3 229 2 90 1 284 7 49 20 152 5 52 8 249 1 202 6 105 5 499 14 217 3 414 3 123 1 120 4 129 1 226 4 100 4 494 1 297 1 6 4 200 1 397 3 106 2 40 9 43 1
! tira 2226 2 1595 2 1438 1
! told 491 2 444 1 497 1 57 2 398 2 165 1 56 1
! traj 1517 1
! troa 4038 1
! tsai 888 1
! tsch 3887 2 2609 15 3729 1 2233 5 995 2 2227 2 1769 4 943 1 810 3
! tuff 4780 1
! twee 4754 1 1986 3 1713 11 1457 1
! tape 173 1
! tick 229 3 83 2
! tawa 1177 1
! tard 404 1 280 1 223 1 166 2
! tang 4254 15 2443 1 2631 1 2451 2 1371 1
! trna 349 4
! tjej 4573 1
! tile 208 6 120 3
! teta 4720 1
! twah 1256 1
! tyka 890 2
! taco 223 1
! tail 447 2 363 6 349 2 229 2 226 7 142 1 58 2
! tami 1274 1
! tanh 96 6 52 1 49 1
! tase 1064 1
! taxa 2164 2 2047 1 2470 1 1140 3 508 1
! teem 3441 1
! thao 1414 1
! tine 3701 1 3282 1 2988 1 2279 3
! tita 3192 1
! treh 1258 1
! trei 1257 3
! tuna 4768 1 3583 5 1604 1 3582 18 4088 1 3260 3 3579 6 2149 2 1441 2 1648 2 1595 4 1991 4
! tiek 2896 2
! tych 1272 1
! tseh 405 1
! tonc 4239 1
! tali 4012 1
! tahm 888 1
! targ 3998 5 1820 1
! tate 1619 3 1257 1
! taza 280 1
! teen 242 1 142 1
! temi 1386 4
! tere 2164 1
! texa 142 1
! tiap 944 1
! tiki 203 1
! ting 2090 1 1928 1 4066 3 2451 1 1371 1
! tisc 657 1
! tome 221 2
! tone 380 1 50 2 204 1 40 1 150 1 100 1
! tral 4766 1
! trig 331 1 330 1 148 1 49 1 208 3 108 1
! tvei 2634 1
! txie 4098 1
! takk 2666 7 2635 3 2625 7
! tunc 4012 1 1431 2
! tani 4236 3 2726 1
! teli 4831 1 799 2 583 1
! talk 460 9 422 1 389 8 499 14 458 19 167 71 162 4 453 2 303 4 280 14 142 237 236 2 417 3 223 23 473 21 379 3 182 1 476 1 282 4 416 12 40 18 428 40 409 4 221 18 415 1 298 1 201 2 398 64 388 1 186 2 383 1 242 1 45 1 427 78 330 10 133 2 199 2 396 17 299 1 493 4 397 20 494 2 297 17 491 17 271 5 224 1 421 2 338 1 241 2 56 50 253 8 243 1 413 1 216 12 410 1 308 1 14 8 211 1 402 25 205 1 177 25 273 4 373 1 176 3 175 3 173 7 169 1 366 12 172 2 171 8 165 23 260 1 163 16 57 1 251 1 154 1 95 1 214 2 411 9 120 15 414 18 20 8 135 3 132 2 329 1 41 1 235 4 91 1 482 2 285 31 88 1 180 1 484 1 90 5 381 7 160 19 113 3 207 3 196 1 393 6 390 1 149 1 234 2 431 2 190 1 87 1 481 4 384 2 152 30 84 1 375 10 153 11 444 40 305 1 208 77 157 9 392 4 198 7 179 1 380 2
! thre 2609 1
! teil 142 2
! tese 3320 1
! tudi 3965 3 799 6
! tram 4874 4 4690 1 1710 1
! tall 482 1 467 1 249 1 158 11
! tapi 4445 1 4351 2 3861 2 1047 3 898 3
! tehm 405 1
! theo 4697 1 4122 1 2214 1 1740 2
! tise 142 1
! ttek 4831 1
! tuam 582 1
! tuck 3059 1 1445 1
! tule 2874 1 4831 1 2471 1
! tvam 2323 1
! twig 2831 2 2902 1 1807 1 1058 1
! tsan 1059 1
! tire 406 3 242 1
! tico 4240 1 1548 1 4216 1 4788 1 4252 12 4175 1 3024 1 1758 1 4203 1 4281 1 3499 5 991 1 3192 1
! teni 199 1
! tran 359 6 349 1 129 5 200 2 127 10 6 19
! tthi 1741 1
! tear 392 1
! tabs 4694 1
! tank 251 1 142 1 122 1
! trek 4616 3 3462 1 4999 1 1864 1 3125 1 4482 1 4496 1 3369 1 2291 1 1872 2 1870 3 3813 7 2878 1 843 1 703 2
! tien 402 1 224 2 56 1
! tahp 4603 1
! teat 226 1
! tell 482 1 406 3 494 1 263 1 444 2 398 6 392 1 389 1 223 2 458 1 499 5 221 2 318 1 177 1 173 2 472 1 331 2 49 1 190 3 167 1 496 2 261 1 120 1 160 1 7 1 430 2 148 1 260 1 495 2 166 1 133 2 349 1 67 1 379 1 285 3 50 1 142 3 139 1 280 2 57 4 480 1 158 1 135 1 47 3 282 2 46 1 145 2
! thar 2210 1
! tite 1533 2
! tiza 168 2
! tjue 2634 2
! toen 1986 3 1710 2
! toki 4152 1 4616 5 621 1
! tsel 2880 1 2865 2
! teuf 1199 1
! tari 473 1
! tzle 4869 1 2908 1 2561 2
! tune 356 1 231 4
! tong 3292 2 3230 1 3025 1 3053 3 2631 1 892 1 504 1
! teas 3599 1 1526 1
! tact 3600 2 3441 2 2956 1
! taln 1190 1
! tini 428 1 359 1 251 1 226 1 402 1 158 5 330 5 25 1
! tujh 1190 1
! tcsh 4884 1 1499 1
! talo 4831 1
! tati 797 1
! teau 1503 1 798 1 796 2
! teri 4958 1 4637 2 3345 1 2644 1
! thml 1983 1
! thnk 142 1
! thug 1311 2 740 1
! thwe 3359 1 3196 1 2695 1
! till 414 1 491 1 416 1 266 1
! tipi 3967 1 968 1
! tldp 4873 1 3524 1 2944 2 2379 2 1491 2
! todo 398 2 379 1 280 1 330 1 473 1 337 1 216 1 285 2 274 2 208 1 173 1 273 1 163 3 133 1 56 1
! tohm 1258 1
! tooh 4391 2
! truc 3372 1 1199 3
! tsen 4252 1 3889 3
! tubo 4245 1 4237 1
! tumh 1190 1
! tyhj 4831 1
! tann 2631 1
! toni 221 5 93 1
! tote 1431 1 1352 1
! tbol 4545 1 3024 1 1532 2 991 2
! tdes 1628 1
! tren 3192 1
! tesi 4495 1 4891 1 4281 6 4216 1 4203 6
! tung 2726 1 1872 1
! tabu 154 2
! toil 4066 2 3025 1 4038 1 2323 1 1879 2
! trap 464 1 363 1 358 1 298 1 148 1 49 1 229 1
! tair 142 1
! tamo 2323 4
! task 374 1 310 1 336 1 221 1 359 2 265 2 258 1 281 1 46 1 396 1 272 1 387 1 249 1 484 3 56 2 244 1 201 1 176 1 43 1 419 2 278 1 398 2 163 1 160 2 491 1 115 2 394 1 253 1 18 1 49 1 355 2 449 1 427 6 145 1
! tith 3638 1
! togo 765 2
! toll 248 1
! troh 939 1
! troi 404 3 142 1
! tten 4689 2 2782 1
! ttya 4350 2
! tuco 1870 1
! ture 184 1 154 1
! turf 221 1
! tuya 4827 1 3592 1
! twen 1986 1
! telo 4648 1 4584 1 4582 10 3650 3
! tier 475 1
! timm 4690 1
! tenn 4690 1 3026 1
! taft 3108 1 829 1 736 1 735 17
! tove 46 2
! tano 280 1 254 1
! true 473 1 330 1 120 1 499 1 447 2 480 2 221 2 318 9 265 1 359 1 58 1 481 1 277 1 231 4 278 1 181 1 414 1 123 1 132 1 229 5 108 1 496 1 202 1 249 1 193 4 240 1 46 1 398 5 204 2 458 2 129 1 226 1 162 1 109 1 303 2 56 2 444 3 284 1 49 1 403 4 121 1 47 3 282 1 25 5 263 1 166 1 242 1 148 1 207 2 498 3 404 1 163 1
! tryb 307 2
! type 216 6 292 1 338 1 481 1 484 2 199 1 437 1 211 1 258 3 493 1 296 2 202 2 123 3 358 5 495 1 398 4 107 6 237 1 40 1 369 1 366 1 181 39 472 2 375 1 475 3 278 16 281 4 255 1 158 32 352 2 397 2 491 1 359 7 265 8 453 3 356 4 282 2 379 2 473 10 276 1 229 1 271 3 465 2 267 38 266 42 463 3 223 1 26 4 12 1 209 2 208 1 499 2 402 2 207 1 498 1 198 2 176 2 173 2 167 3 166 1 363 1 260 1 163 1 57 2 254 1 157 8 353 4 156 1 56 7 253 2 349 1 152 3 336 24 139 1 142 22 226 2 129 1 160 1 113 3 54 1 251 1 150 2 345 1 148 1 51 11 342 2 145 1 242 1 48 7 243 1 46 8 232 2 38 6 235 1 41 7 477 2 83 2 277 29 180 2 186 1 7 4 230 2 427 1 241 3 438 3 444 5 50 12 36 3 127 2 27 1 224 2 221 1 24 3 418 2 121 4 318 2 96 2 231 1 428 3 331 1 49 14 431 1 37 2 288 1 94 2 47 25 6 4 20 3 52 3 303 1 106 1 153 1 21 2 115 4 28 3
! trim 402 1 397 1 282 1
! tawi 4603 2
! tomk 1169 1
! tuli 4831 1 1557 1 1134 1
! ther 405 1 193 1
! tsar 249 1 248 1
! taht 1018 1
! tait 404 1
! taxi 402 1 242 1 358 1 223 1
! temo 402 1
! thaw 3230 1 4555 1 4368 1 2179 1 1420 1 2171 3 2166 3 2360 2 1370 2 2052 1 3284 1 1659 1
! tiet 4831 3
! titi 2896 2
! tlds 1185 2
! tocs 56 1
! tonk 3046 1
! took 120 1 55 1 330 1 282 1 201 1 56 8 499 1 246 1 338 1 57 1 402 1 398 3 444 1 7 1 249 3 158 1 26 1 90 1
! tori 95 1
! tras 359 1
! tweo 3412 1
! tyre 4038 1 3026 22 3021 16 3019 1 1445 2 3018 6 3003 4 2882 1 3025 7 3145 1 1451 1
! toth 2214 2
! tute 142 1
! tzen 2106 1 1513 1
! tsin 1459 2
! temp 47 1 465 1 472 7 142 2 404 2 163 1
! tigr 630 1
! tuni 3026 5 2865 1
! tosh 3865 1 1864 1
! tvar 47 1
! tahu 4440 11 1371 2
! taro 258 1
! term 330 4 265 1 453 1 480 1 393 1 160 2 391 2 369 2 358 1 266 1 355 1 447 3 331 8 284 1 163 1 260 4 495 1 398 7 301 10 293 1 389 2 292 2 282 2 379 4 285 2 473 3 281 1 375 1 181 2 249 2 244 2 186 1 327 2 230 1 135 1 329 3 417 4 223 2 177 3 318 4 27 1 221 1 211 1 208 1 402 1 499 2 138 1 37 1 131 3 128 1 251 2 57 1 248 1 151 1 150 6 444 3 56 6 142 1 242 1 48 1 95 1 237 2 49 1 141 1 94 2 404 1 210 1 307 1 25 2 12 1 494 3 106 1 491 2 297 1 200 1 6 3 93 1 46 1 123 4 414 2 21 2 24 1 165 8 396 1 8 1 149 10 342 2 148 2 201 1 298 3 7 2 157 7 58 6
! this 4 1 3 7
! tion 402 1
! tkuj 1316 1
! tmpl 4715 5
! tojo 2441 1 1749 3
! tomm 1930 2
! trio 2443 1
! tsug 3342 1
! tull 4096 1
! tzar 728 1 504 1
! tapp 4748 5
! teit 1713 1
! tigt 4159 1 1513 1
! twas 46 2
! timo 2098 1 3361 2 1956 1
! tiuj 402 1
! toko 2872 2
! tern 4649 11 2897 19 2896 2
! tool 419 1 484 6 407 1 217 1 150 1 338 1 477 1 494 1 306 1 444 3 56 2 458 1 223 3 366 1 427 4 402 2 499 1 496 1 449 1 398 6 107 2 304 1 40 1 428 2 334 1 431 1 337 1 265 4 28 2 222 1 216 2 83 1 180 1 7 1 298 3 157 2 142 1 185 1 282 1 141 1 173 2 220 1 221 1 127 1 41 1 202 1 396 3 114 2 93 1 121 1 491 1 6 1 54 1 25 1 260 1
! tsat 1626 2
! twin 83 1
! teht 4831 1
! tuve 280 1
! thir 1484 1
! taku 4748 1 4523 1 2609 2
! tamt 888 2
! taso 4831 1
! tbns 4696 2
! thew 186 1
! tipo 4914 1 4281 1 4241 1 4203 1 3499 1 4239 1 3024 1
! tism 3272 1
! tonn 4999 1 1780 1 1071 1
! toon 166 1
! trip 154 1 54 1 444 1 422 1 47 2 223 2 371 1 56 1 67 1
! trom 2625 5
! truh 1199 1
! tter 2631 1 806 1 805 1
! turi 1286 1
! tvau 2634 2
! typi 1003 1
! tyve 2634 3
! tarp 4736 1
! titl 418 5 396 3 155 1 390 1 423 1 416 1 383 1 135 1 232 1 434 1 389 1 223 9 411 1 285 3 476 1 379 31 150 34 338 1 241 1 18 1 309 1 212 1 444 1 56 8 491 2 297 1 221 4 216 7 205 1 108 1 111 1 208 3 402 3 499 2 167 13 180 1 218 1 171 7 398 3 301 1 160 5 192 1 145 2 427 2 330 1 142 78 25 1 413 2 366 1 131 1 93 1 187 1 381 1 41 1 43 1 431 1 397 2 300 1 112 1 253 1 158 10 89 1 57 7 307 1 260 2 163 1 148 4 157 20
! tolo 1371 1
! tomo 481 2 460 2 368 4 304 5 282 10
! trav 3024 1
! tres 280 1 242 1 168 1
! toet 1457 10
! tero 1809 2 1636 2
! tant 4573 1 4184 1 797 11 3272 1 3921 1 1431 1
! tawn 404 1
! tbsp 238 1
! tens 477 2 154 1 499 5 338 1 223 7 199 1 481 4 340 1 202 10 285 1 473 3 191 1 379 5 494 8 402 4 328 1 373 12 307 3 495 2 166 1 142 1 280 2 286 2 198 1 406 5 498 4 226 1
! teor 3123 1
! tipp 1752 1
! tofu 4251 3 2226 9 3579 1 3005 2 3120 1 1419 11 3006 2 3379 2 2620 7 2551 2 2928 2 2052 2 1595 6
! tooo 1585 1
! treu 142 7
! tset 1267 3 992 1 943 1
! tulo 4831 1
! tupl 318 1
! tron 1199 1
! tiro 242 1
! thbz 4641 1 1095 1
! tamu 3739 1 2944 1 705 2
! tyth 4066 1
! turk 248 1 218 1
! thro 4066 1 4063 1 3055 1
! tent 3600 2 4790 2 2865 1 2443 2 2179 1 4496 1 1669 1 4736 2 798 3 4688 1 651 1
! terr 796 4 571 1
! thun 3350 1
! thor 3638 1 3598 1 2609 1 1619 1 890 1
! thos 1807 2
! tilt 83 4
! tior 4012 1
! tiun 402 2
! toay 3026 1
! torn 4877 1 2323 2 3509 2 2129 1 2327 1 2016 2 1307 2 571 1 1445 1 573 1 4720 1 1615 1 1406 1 1306 1
! tray 30 4
! troo 1257 2
! tuft 499 1
! tuhs 3436 1
! they 3 1
! tusk 229 1
! topo 242 1
! tito 252 1
! toit 4904 1 1047 2
! tris 7 1
! tass 796 1
! tast 242 2 229 1 56 1 200 8 40 1 7 3
! tiez 807 1
! timu 1557 1
! tint 3600 2 2490 1 3579 1 3574 1 3394 1 1069 1
! toor 2560 1
! toso 4615 2 4603 2
! trew 1199 1
! tsay 943 1
! turn 398 4 281 1 427 1 496 1 402 1 428 1 475 2 499 1 358 2 246 2 152 1 453 4 265 2 406 1 495 3 260 1 263 1 253 3 342 1 248 1 113 2 160 2 207 2 318 3 177 1 176 2 211 2 165 1 491 2 162 2 229 1 417 1 37 1 413 2 114 1 67 1 251 5 56 7 432 1 102 1 12 1 111 1 226 2 249 6 7 1
! ttyi 4831 2
! tivo 2161 1
! tysk 2666 3
! tenu 814 1
! tart 318 10
! trop 1199 2 1044 1 939 1
! ters 398 1 52 1
! tanx 4258 2
! taru 3620 2
! taut 3220 2 1024 2
! tert 369 3 123 4
! titr 4051 1 1044 1
! toto 1574 8 1573 5 1431 2 502 1
! town 406 5 393 1 160 1
! tupp 4690 1
! tuum 695 1
! typo 481 1 459 1 499 1 444 1 165 1 142 2 458 1 108 1
! test 3 2
! thou 406 2
! terv 4831 1
! torr 4396 1 4252 4 3434 5
! tums 3264 4
! turp 3789 3
! tiqu 142 1
! toot 3600 2
! tolv 2634 1
! thus 417 1 418 1 183 1 410 1 447 1 494 1 473 1 379 1 364 1 167 2 458 1 496 1 402 1 355 1 391 1 373 6 359 1 453 4 265 4 278 1 354 2 160 1 163 1 260 4 495 1 398 2 423 1 229 1 277 1 83 3 318 6 27 1 221 6 352 1 211 5 105 2 202 1 148 8 342 7 7 4 201 1 298 1 157 1 498 1 207 3 123 1 95 1 152 2 58 4 444 1 56 1 150 5 67 1 102 1 57 8 97 1 212 1 24 2 428 1 331 1 96 1 284 2 6 7 491 2 101 1 37 2 99 3 98 1 94 1
! teru 379 1
! tlrs 4180 2
! topu 3145 1
! toss 499 1 462 1
! tour 397 1 56 1
! tptr 1107 1
! tuvo 280 1
! twos 3453 1 3017 1
! tyto 2897 1
! tort 4570 2 3004 1 2786 1 3600 2 1438 2 4507 2 1047 1 4572 4 502 1
! tavu 4831 2
! tqwo 2756 1
! tulu 4608 1
! tsps 1921 1
! tous 797 1 796 1 3743 1 623 1
! twps 570 1
! taux 3965 1
! toqu 242 1
! text 0 2
! tomz 1673 1
! tout 404 1 379 1 142 3
! tsts 2865 1
! twwp 1359 1
! tlxs 1359 1
! troy 4063 1 3638 4 3439 2
! turv 504 1
! tuus 695 1
! tsuu 1416 2
! tvoy 2441 1
! texx 4567 1
! tytt 4831 1 1267 1
! ttys 4350 2
! truy 1414 1
! tabac 3920 2
! tabea 3701 1
! taeda 583 1
! theba 3020 1
! takab 4251 1
! tchad 765 1
! thead 3266 2
! tibia 3213 5 3153 1 2558 1 2174 1
! tamca 258 1
! taiga 2874 1
! tweab 1630 1
! thebe 3145 1 3014 1
! tabla 4241 1 4239 1
! teach 244 1 216 2 186 3 494 2 121 1 282 7 141 1 417 1 166 1 265 4 173 1 214 1 167 1 120 3 402 6 444 2 115 1 397 5 191 1 473 2 398 24 208 2 93 1 176 1 223 3 499 19 85 1 113 1 297 3 142 3 330 2 43 1
! tenac 4673 1 1632 1
! trace 462 1 447 1 375 1 266 1 246 1
! tread 174 1
! trica 142 1
! tadka 2913 6 2915 1 2560 3 1595 2 1419 2
! tsaga 4697 25
! todfa 2366 1
! tilda 2161 1
! trabe 583 2
! theag 3228 1
! takia 4831 1
! tanga 2631 1
! tarda 2897 1
! tchah 4391 1
! tecla 3024 1
! triac 3595 4
! tomba 242 1
! tobia 3701 1 2521 1 1704 1
! trade 253 2 246 1 141 1 218 1 375 1 12 1 217 1 252 3 142 2
! takah 2896 4 2158 5
! tarea 288 2 224 2
! tenga 288 1
! tfrac 3304 1 1253 4
! thana 1814 1 1812 1
! trece 168 1
! triad 3485 16 3466 1 3082 13 3459 2 2535 2 3465 2 3025 1 3183 2 2188 2
! tumba 3024 1
! taara 2882 1
! talic 2732 1
! tania 4647 1
! teddi 736 1
! tenia 4175 1
! tidak 4443 8 835 2 4439 12 1371 7 898 3 4440 2 836 1 4442 4 834 8 4441 3 833 1 838 1
! treib 2800 1
! tribe 221 5
! telah 3619 1 944 7 898 1 836 2
! thema 1085 1 1027 2
! tanag 2897 3
! targa 4407 1
! todai 221 1
! table 232 1 142 1 83 2
! tweed 4754 2 1816 1 1713 2
! taffi 3017 94 4877 1 2226 2 1643 3 1810 7 1595 4
! tarde 142 1
! tekla 3024 5
! thale 4038 1 3849 1 3021 3 3625 2 2455 3 1350 2 913 1
! tiara 1403 1
! tidal 3026 2 2952 10 2327 2 2323 2 1144 1 1120 1
! tjena 4546 1
! tkake 1438 2
! toadi 2320 1
! toffe 4361 2 2057 2 1438 2
! torda 2897 1
! traci 1870 1
! triag 2014 2
! tanai 379 2
! tigna 583 2
! thief 398 20 242 3
! tachi 373 2
! tonga 3163 2 765 2
! thame 4066 1 4647 1 3027 1
! tandf 4647 1
! tikka 3598 2 2057 2 2560 4 1605 4
! tambi 4216 1 4772 2 3592 1 3180 1 3024 5
! tamma 4831 1
! tapai 4637 2
! tarka 2323 1
! techi 160 1
! thaii 3462 1
! theke 3265 2
! thina 2667 3
! thode 142 5
! toddi 2440 1
! togid 462 1
! treff 2666 4
! twice 467 1 181 2 418 1 298 1 263 1 102 1 106 1 428 1 123 1 330 1 284 1 207 1 427 1 105 2 67 2 331 2 101 1 57 1
! tadel 1285 1
! thata 1807 9
! track 499 1 389 1 359 1 232 8 375 2 398 1 329 1 260 1 253 1 176 1 173 1 491 1 169 2 158 1 157 1 167 1 156 2 57 1 142 1 417 4 141 1 56 2
! tranc 2882 1 2804 10 1591 3
! tucci 4648 1
! trema 226 1 157 2
! torea 2896 1
! tabli 3965 1 3272 1
! tacki 3441 1 1445 2
! tadji 1012 1
! taric 2865 1
! thigh 3339 3 2279 1 1669 5 2197 1 3025 5 2726 1 4066 1 1921 2 2179 6 2014 2
! tiend 4239 3 4175 1 1713 2
! timid 380 1 204 1
! tired 458 1
! thera 3538 2
! tanna 2631 1
! tamal 3637 2 2027 2 2990 2 1605 2 1595 2
! tafel 4754 3 1772 16
! theme 244 1 223 2 218 1 113 1 57 5
! talck 4066 1
! tampa 142 1
! tabil 4673 2
! tanpa 898 1
! tapif 3917 1
! tbodi 3266 2
! telei 3145 2
! tesla 2950 2 2949 1 2751 3 2698 7 2452 1 1406 1 2695 1 968 2 1254 1 1864 1 1029 1
! thoma 491 3 339 2 444 1 290 2 245 1 173 9 402 1 172 1 142 3 113 2 90 2 246 1 108 1 223 9 158 2 135 2 190 2 256 1 26 1 93 1
! tikal 3530 2
! tilak 3023 1
! tlike 4354 1
! togam 612 1
! trebl 3456 2 2960 3 2930 3
! trenc 142 1
! tiene 4256 2
! tildi 3063 1 2886 1
! trata 4827 1 3499 1 3024 1
! theta 260 1 58 29 67 36 57 2
! teepe 3125 1
! tepid 1727 1
! tukka 4831 1
! tweak 414 1 441 3 397 1 162 1 132 1 113 1
! tonic 4297 1 4113 1 3465 6 3455 1 3466 1 3082 5 3456 3 3525 2 3789 1 3283 19 3482 4 2327 1 3462 1 1306 1
! taiva 4831 1
! tardi 4279 1 708 1
! tavla 205 1
! tcita 191 1
! thaim 1814 1 1812 1 1807 2
! thine 3025 9 4016 1 736 1
! tisch 2232 2 1500 3 1490 2 995 2
! titla 258 1
! topic 4 1
! torah 3751 1 4856 3 2865 4 3145 1 3021 2 4583 1 722 1 1872 1
! trick 418 1 398 1 475 1 375 1 397 1 221 1 142 17 148 2 113 1 51 1 20 1
! tryad 3123 1
! tumla 193 1
! tangi 4846 1 4995 1 2200 1 4839 1 1974 1
! tackl 402 1 253 1 93 1
! taekk 282 6
! trial 249 2 142 2 88 1 56 1
! trend 3 1
! txina 2667 1
! tunic 229 3 226 8
! tsegi 2875 1
! tarif 3921 1
! tacho 242 1
! tajik 4152 1 2865 1 621 1
! taken 499 1 462 1 427 2 473 2 493 1 56 2 491 3 397 1 83 2 271 1 221 1 409 1 495 1 25 2 260 1 398 8 342 1 201 1 160 1 113 2 67 1 176 2 458 1 58 1 152 1 428 1 165 1 330 4 142 3 43 1 157 1
! tamta 888 3
! tayla 1310 5
! tchen 2561 1 1500 2 1490 1 995 1
! tekij 4831 1
! thula 2897 1
! tline 3557 2
! tonal 3454 2 3465 1 3455 11 4628 2 3759 1 3283 9 4180 2 3220 1 2864 1 3462 1 1626 2 3466 5 3123 1 3057 1 2957 1 2930 11
! toona 1752 1
! trang 1044 1 906 1
! traub 3004 1
! treta 2323 2
! tricl 498 6
! ttene 2631 1
! tweek 491 1
! tacer 1431 1
! tirna 204 1
! tingi 3003 1
! tanta 224 2 56 1
! troff 3913 11 3266 1 4279 2 3134 1
! torch 3025 8 3125 1 2311 2 1312 2 1439 2 1307 1 2323 1 739 1
! tegen 1713 4 1497 2 1714 2 1459 11
! teman 2865 1 1386 2
! trene 2631 1
! talki 192 2
! tagin 1613 1
! talen 142 1
! tamen 402 1
! tatra 3765 1
! teath 2667 1
! techo 280 2
! thank 285 1 473 1 216 2 404 3 151 1 398 10 10 1 366 11 441 4 253 3 298 1 177 5 371 7 465 1 368 3 491 13 297 1 273 3 414 1 282 2 88 3 329 1 135 12 265 2 459 1 241 2 138 1 235 1 221 3 402 1 111 1 14 2 499 7 208 1 205 3 108 2 249 1 186 7 173 7 160 4 427 10 330 1 142 2 393 1 493 3 299 1 397 1 444 22 56 49 291 1 120 2 308 2 458 3 167 3 481 3 190 1 223 6 166 2 428 5 40 4 87 1 90 3
! thing 3 3
! throb 4432 1 4171 1
! thumb 481 1 431 1 444 2 359 1 83 1 355 2 342 1 133 1 417 1 229 3 207 12 358 1 123 6 260 1 307 2 25 1 94 3 57 5 447 2 494 1 24 2 349 2 67 2 20 1 158 50 211 1 27 2 7 6 148 5 56 1 12 1 51 1 281 1 6 13
! tickl 56 1
! tocar 1526 2
! toggl 427 1 157 2
! twang 2930 1
! typic 3 2
! treap 3778 1
! tjall 1535 2
! tchas 1651 2
! touch 475 1 440 1 169 1 284 1 438 2 392 3 282 1 260 3 453 1 223 2 499 2 220 1 242 2 57 2 342 1 56 1
! thuna 3582 1
! trail 460 1 160 1 447 2 113 2 266 1 56 1
! tangl 4688 1 2443 1
! talli 4859 1 2875 2 4671 1 1406 1 643 1
! terra 499 1 173 1 56 1
! torna 142 1
! tromb 2952 1
! tvdsb 349 1
! telco 2854 1
! triod 2751 1 2452 4
! tabet 379 1
! taejo 920 3 687 2
! tassa 1431 1
! telli 2952 1
! temen 1386 1
! terek 2897 1
! thini 2560 1
! tider 441 1
! tinao 1630 1
! tiram 4637 2
! tripe 3387 2 2551 3 2023 3 1930 5 1609 1
! tumbl 4770 1 4038 1 3716 1 2197 2 3638 1 3685 2 1300 1
! tween 2579 3
! tcati 258 2
! tobin 4348 1 4337 1 4346 1 4335 1 4345 1 4334 1 4342 1 4331 1 4336 1 4340 1 4329 1 4333 1 4344 1 4339 1 4328 1 4338 1 4327 1
! train 398 1 282 1 249 1 482 1 185 1 251 1 298 1 12 1
! tetra 4648 1
! trilh 3361 1
! tablo 4831 6
! toroa 2896 1
! toxic 465 2 358 1 258 1 7 1
! trifl 491 1
! tejas 2323 1
! taill 4790 2 3965 1 1576 1
! tamil 142 6
! toman 199 1
! tenki 1372 1
! tarap 974 2
! tomek 1279 2 1276 4
! tinta 4239 1
! twine 4066 1 3650 1 1947 1
! tamas 193 1
! teeth 226 8 223 2
! thees 3545 1
! tingl 4454 1 2210 1 1591 1
! tinki 1311 3 1308 1
! titan 3303 1 2403 2 3541 2 736 1
! title 4126 1 2644 2 4668 1 2523 2
! toimi 4831 1
! token 297 1 266 1
! towhe 2897 2
! traer 198 1
! trico 4253 1
! trien 25 3
! tsapi 258 1
! tutci 1012 1
! twain 113 1
! txrdi 4183 1
! total 422 1 373 1 160 2 252 1 369 1 402 2 496 1 473 1 453 1 359 1 221 2 282 2 263 1 216 1 310 1 331 1 237 1 249 1 202 1 484 1 253 3 112 1 176 1 107 2 99 1 475 2 428 2 86 2 54 1 148 1 7 1 491 1 21 1 444 1 56 2 338 1 142 2 27 4 208 2 349 1 67 1 307 1 25 1 123 3 311 1 24 1 57 1
! trash 445 1 253 1 166 1 242 2 142 1
! tibet 462 1 244 1
! tract 229 2 200 1
! tombo 242 1
! thong 4997 2
! tulsa 2865 1 736 1
! tzsch 943 1
! tiann 2864 1
! tanya 2441 1 842 1 830 1
! testa 1431 1
! tacit 4038 1 3458 1 3454 1 4697 2 3027 1 2881 1
! taiko 2896 2
! taker 4641 1 3865 3 585 1
! taung 4780 1
! teagu 2865 1
! temat 142 1
! tengo 224 1 173 1 168 1 56 1
! tenni 4586 5 3887 4 4790 2 3729 4 2800 5 2317 4 754 5 3757 1 1532 1 504 1 2330 1 657 2 4427 5 1864 3
! thoil 4964 1
! timmi 3701 1 504 1
! titel 2403 2
! trein 4754 3 1772 4 1713 1
! trell 4697 15
! trunc 4765 1 3334 2
! tuber 258 3
! twiki 3511 1
! think 3 1
! texan 703 5
! tetap 898 1
! tiger 142 1
! tesco 4909 1 2865 1
! treat 3 1
! todav 56 1
! tonem 2636 2
! thier 444 1
! tihnk 1726 1
! taboo 237 1
! tough 499 1 398 2 358 1 248 2 226 3 142 1 40 1
! timbr 4628 3 3477 2
! tigri 2340 4
! tango 121 4
! truck 4634 1 3596 1 4495 1 3318 2 2043 2 1978 3 2875 3 1310 1
! thesi 1762 4 4582 1 3320 1 4495 1 4173 25 1115 2 504 1 4170 1 4584 18 3541 1 3453 2 3760 1 3055 1 4765 1 2327 3 4696 2 4790 1 3061 2 2403 2 3544 1 3213 4 1741 4 828 1 1772 1
! tabul 2890 1 1636 1
! taksi 1371 1
! tapin 4766 1
! tcidu 1012 1
! tehti 4831 1
! tellm 3257 2
! temer 289 1 286 1
! theft 444 1 142 2
! thisi 3203 1
! tienn 1628 1
! titem 3698 2
! tmesi 4066 2
! tommi 3701 1 2365 1
! torta 949 1 948 1 946 1
! tramo 142 1
! trigo 187 1
! tycho 3754 2
! thyme 428 1 200 2 165 1
! texel 2293 1
! tanjo 204 1
! trong 2326 3 1880 4 1414 1
! temoj 402 1
! tomar 379 1 254 3 199 1
! tulen 4831 1
! thiol 369 5 123 1 7 1
! trite 4466 1 2787 1 3319 1 1429 1
! taste 4668 4
! tunji 142 1
! tendr 4239 1 3024 1 3236 1 796 1
! theon 2977 4 1585 4
! tabey 379 1
! tabor 3145 1 2323 1 1879 2
! tagit 4690 1
! tansi 2471 2
! taper 4230 1 3739 1 2114 3
! tavar 3372 1
! tener 288 1 280 1 142 1 286 2 56 1
! thilo 3025 1
! thize 1814 1 1812 1 1807 1
! tigir 2634 4
! tirar 1526 2 1431 1
! togyd 462 1
! toren 1713 1
! totem 2804 3
! tramp 2881 1
! travi 3057 2 2935 3
! tueri 583 1
! tuoli 4831 2
! turbo 4687 1 3864 1 2571 1
! tuvan 4628 2
! trill 166 3
! tsher 4603 1
! tyran 504 1
! timer 145 1
! tuhat 4831 1
! trohm 2625 1
! tummi 3017 1
! tleft 4463 1
! treet 2631 1
! towel 4699 1 1949 2 4219 4 1929 3 4690 1 4667 1 3006 1 4041 1 2224 1 4198 2 3623 1 3289 1 1958 1 1727 2 2014 1 1439 4 1669 3 3231 1 1598 1 2443 4 1662 1
! tanko 258 1
! tomat 254 1
! tmehs 4693 1
! twite 2897 1
! tahzh 1047 1
! talon 4831 2
! tarri 4063 1
! tater 4343 7 1595 2 1509 1
! tawni 2897 2
! templ 498 6 217 1
! tenth 3023 4 3462 2 3482 1 655 1 1713 1 4653 1 2698 1 1962 2 739 1 2865 2 1117 4 736 1 648 2 646 1 825 1 572 1 1166 1 4775 1 612 1 997 1
! thiev 4038 1 3920 2 4765 1 2323 1 2340 1 3979 1 1309 1 736 1
! thyng 462 3
! tight 491 1 242 1 167 1 398 1 230 1 131 1 221 1 56 1
! titud 1267 1
! toler 413 1 359 2 204 1 417 1 152 1
! topoi 184 1
! tozhi 2394 1
! trnas 1132 1
! tteti 2634 1
! tweet 402 1
! tyger 3450 1
! typen 3363 5
! tecum 502 1
! toung 499 1
! today 404 5 427 2 460 1 421 1 444 2 278 1 298 1 282 1 47 2 248 1 226 3 273 1 223 2 56 1 244 1 221 1 50 6 379 1 165 1 494 2 142 2 355 1 26 1 120 1 496 2 12 1 482 1 138 1 253 1 495 2 166 1 398 2 210 1 168 1 158 1
! tonat 3241 1
! tewar 3017 1
! triol 745 1
! taser 2403 1
! tenet 4688 1 4584 1 4890 1 990 2
! trait 405 1 230 1 491 1 221 1
! treze 3361 1
! tsish 888 1
! tredv 2634 1
! takaz 4831 1
! tarsi 3153 1 2114 1
! tatri 3765 1
! terri 3363 1 3203 1 1650 1 929 1 2632 1 1906 3 581 1 4649 1 502 1
! teuer 2106 2
! tgrav 4697 9
! tjugo 2634 2
! toner 445 10
! troll 221 1 160 1
! trung 3663 1
! tsuki 284 1
! tsvik 4696 1
! tumer 1668 2
! tusen 2666 1 2635 1 2634 5
! tveir 2634 1
! txgxe 4697 1
! tripl 447 1 369 1 6 1 444 1 123 3 57 2
! truli 484 1 285 1 235 1 392 1 249 1 221 1 460 1 152 1 398 2 24 2 204 1
! talit 4012 1
! tapir 2210 6
! taxat 4416 1 1919 2 3638 1 2340 1 2015 1 2059 1 1914 1 2788 2 1915 2 1838 2 2781 2 1802 1 1918 6 653 1 571 1 593 2 646 1 2900 1 2780 1 641 1
! texas 2865 1
! tenir 814 1
! thoth 3145 3 3025 1 2902 1 2461 4
! titin 2932 1
! timet 398 1 113 1
! tentj 4496 1
! tahun 944 7 1371 2 836 2 833 4 830 1
! tempo 131 1
! testi 142 3
! tetri 4748 1 2341 7
! trawl 366 1
! tryng 3936 1
! tscpp 52 1 47 1 51 1 50 1 49 1 46 1 48 1 43 1
! tulsi 2914 1
! tuner 4279 1 3316 2 3241 1 3046 1 4113 2 2952 5 2930 2 3375 4 3265 2
! tyler 194 1
! tmpfs 2905 1
! tubul 359 1
! thrip 2811 1 2114 2
! theor 4697 4
! ttimo 2291 1
! tieto 4831 1
! tanit 3026 1 3025 6
! tulip 3979 2
! tasti 200 3 142 1
! tujuh 4446 1 838 8
! tooth 358 1 354 1
! taint 2323 1 1723 1 1884 2 1324 1
! taney 574 6
! taxes 1914 1
! telex 4183 1 3945 1
! tient 796 1
! toppl 3059 1 2952 1
! tripo 4694 1
! trolo 242 1
! turin 3145 2
! turkm 765 1
! tuvar 2560 2
! tyeby 2441 1
! tylko 142 1
! tmipp 1630 1
! trixi 2471 2
! timwi 4142 1 3768 2 3548 1
! todos 4372 2
! typat 4748 1 4372 1
! twirl 4044 1
! tamto 888 2
! tanto 224 6 56 2
! tarul 2865 1
! tattl 242 1
! tblsp 1604 4
! telor 4637 2
! tergu 257 1
! tordu 204 1
! tower 4860 1 2767 1 4648 1 4599 3 3266 1 3059 1 2875 2 2804 1 3462 1 4489 1 4583 2 3267 2 2881 1 809 1 2952 6 2865 1 825 1 2780 1 2340 1 1713 2 3054 2 1063 1 593 1 4697 1 843 1 2779 1
! toxin 258 1 229 1
! trunk 242 1 431 3 231 1 229 1
! tudor 4775 2 2855 2 2780 2 1758 2 2781 3 2779 7
! tunlo 258 1 193 1
! types 4377 1
! tongu 405 1 229 1 223 3 142 1
! thnks 142 1
! tangx 4239 1
! thorn 4608 1 1935 4 1000 4 3125 1 2902 1 4673 1 2327 1 502 1 1445 4 4429 1 2323 1 1707 1 3938 1 3025 1 1070 1
! tjogu 2634 1
! teton 2194 2 2089 1
! truer 4173 2 3980 1 1086 1
! thanx 142 1
! turri 583 4
! taiyo 4693 1
! taxon 231 1 230 3 202 1
! thump 3017 2
! tidur 1177 2 1134 1
! timor 4021 1 3351 3 2229 5 899 2
! toast 4530 1 2704 1 3069 1 4023 2 2551 2 2226 2 3282 3 2664 2 3395 2 2904 1 3583 1 2434 1 4800 2 1366 1 1463 3 1600 1 4219 4 3387 4 4454 1 4357 2 1648 2 1930 1 2635 1 1929 3 1638 15 1721 1 1671 4 4185 1 4767 2 1806 2 3357 2 888 1 4865 2 2052 2 3932 1 1338 1 1661 8 1462 2 4857 2 1595 10 3299 24 2911 1 1419 2 3393 5 1716 2 1409 1 1596 1 1371 1
! torno 3499 1
! trent 404 5
! trovi 4831 1
! tsent 4831 1
! tutsi 2644 1
! typet 4748 2 4372 4
! thess 4066 1
! tyrol 2233 1 917 1
! threw 249 1
! truth 3 1
! tarro 3592 6
! tenor 4072 1 4063 1 3123 1
! tgpcz 2864 1
! trium 4010 1 562 3
! tempt 266 1 56 1
! thorp 4649 1
! tinto 242 1
! tittl 4066 1
! tldts 1630 1
! toyko 251 1
! tprev 3698 3
! tukey 4026 2
! tutti 4065 2
! tzent 3004 1
! tmbox 366 1
! treiz 404 1
! troop 248 2 251 2 56 1
! trios 3615 3
! terms 1186 1
! tatum 1131 1
! triun 4648 1
! tools 4715 1
! tanqu 4258 1 4256 1 4175 4
! testo 150 1
! tetum 4152 1 899 1 621 1
! thizo 1807 2
! toknu 258 1
! tonto 224 1
! topnr 4712 1
! tillw 3616 2
! tarvo 4081 1
! tumor 356 2
! tarot 2804 1
! trump 3720 1 3091 1
! tanru 204 4 202 1 191 1
! tenur 113 1
! tippt 1513 3
! tohru 4431 2
! torso 3759 1 2804 1
! tylor 493 3
! tunku 2364 3
! typex 4300 1 1632 1 1628 1
! tasnu 1811 3
! turtl 226 3
! taosu 1300 1
! texto 224 1 142 2 56 2
! trovo 4831 3 4097 1
! tosto 1431 2 1352 1
! torun 1189 1
! trist 435 2 290 1
! tokyo 482 1 473 1 251 4
! tatru 258 1
! tentu 833 2
! tmptr 1107 1
! tolow 52 1 49 1 48 2
! tosyl 916 1
! tutor 453 2 398 1 282 1 56 1
! twist 221 1 359 1 7 2 127 1 94 1 129 1
! thisx 3203 1
! tplus 3636 2
! troup 571 3
! tests 4715 2 4159 1
! tatsu 4768 1 1300 1
! terus 1371 1
! thout 4066 1
! tutto 4065 1
! tutun 4831 1
! twarz 892 1
! throw 499 1 398 1 258 1 390 1 462 1 165 1 253 2 242 1 282 4 216 1
! tissu 230 2 240 1 229 2 359 2 227 12 231 11 226 4
! titus 3025 1 593 1
! toolz 2291 1
! tostr 3978 1 2366 4
! trozo 4175 1
! torqu 142 1
! torus 4550 1 2695 1 935 2 3196 1 987 7 884 2
! trout 3904 1 2119 10 3543 1 3393 2 2118 14 1991 2 2561 3 1595 2 504 1 3017 1 1609 1 1509 2
! turqu 3024 2
! twixt 3025 4
! tretz 4102 1
! tonyr 3598 2
! truss 4563 2 4112 1 4594 2 3241 2 2930 8 2710 6 1669 1
! taoyu 116 1
! tourt 1930 2
! tortu 142 1
! trouv 3712 1
! trust 249 1 165 1 160 1 158 2 398 3 145 1 494 1 428 1 120 1 441 1 56 2
! tutus 583 1
! tyrus 3025 1
! tutoy 798 2
! tryst 4648 1
! tuttu 1267 1
! tataaa 1132 1
! thecha 2915 2
! tabela 2139 2
! thread 359 1 431 3 266 1 427 1 284 1 229 1 152 9 121 1 88 1 113 1
! tienda 4175 1
! tricha 2897 1
! tranca 3592 1
! tehama 3019 1
! tanaka 1384 4
! tabena 379 1
! tanach 3021 2
! tbacig 736 1
! tinaja 4279 2
! tulkaa 4831 2
! taanah 3145 1
! thrace 4697 2
! tenaci 3726 1 2698 1
! tragic 4500 1 3638 1 2323 1 1740 2 2881 1 2327 2 1492 1
! tsadeh 2880 1 2865 3
! taibei 3053 1
! tunica 2882 1
! tablic 281 1
! tamabl 3458 1
! tocara 4239 1
! ttrade 3502 1
! teenag 444 1
! tadkal 2913 2
! tahina 2667 3
! tamara 3701 1
! tanrad 4175 1
! thamma 1814 1 1812 1 1807 1
! timbal 142 3
! timema 2811 1 2114 1
! treacl 4028 2 3573 3 2672 4 1619 3
! tudiai 3743 1
! twaalf 1713 6
! tenabl 3023 1
! tribal 4752 16 3477 1 3017 1 3638 4 2879 2 4648 6 2877 1 2875 2 2865 3 2881 1 2804 1 1494 1 843 4
! tecnic 2403 1
! tabeta 379 1
! tahoka 2471 2
! tcllib 4655 1
! texmac 398 1
! theria 226 1
! thorac 1157 1 1156 1 1155 1
! thrice 3647 1 2279 2 1165 2
! trilia 123 1
! tectia 4748 1
! tringa 2897 9
! toimia 4831 1
! topeka 740 3
! tassab 1064 1
! tactic 249 1 142 1
! tahoma 3906 1
! terrac 4760 1 3102 1 4744 1 3024 1 2879 1
! tograf 890 1
! trunca 3592 1
! tariff 252 1
! tabnam 3181 1
! tejado 280 1
! thebar 4694 2
! tabula 499 1
! tamben 3439 1
! tanera 4618 1
! tavara 4831 1
! taxabl 4775 1 3216 1
! terima 4443 2 4441 6 1371 3 927 3
! tihkal 1186 1
! tipasa 3026 1
! toccar 1431 1
! tonnag 4558 1 702 1 649 1
! topeak 1556 1
! toyama 657 2
! trajan 3026 1 1492 2
! trench 253 1 248 3
! triode 2830 1
! tweedl 49 1
! tobago 3164 2 3450 1 1595 2 765 2
! tunabl 2404 1 3213 1 2403 1
! troika 2006 1
! tocind 4463 1
! tannic 3230 1 3021 1
! thaman 2609 2
! tenera 2008 1
! thrale 3616 1
! takani 4831 1
! taqlid 990 1
! teoria 4788 1 3123 1 1070 1
! tinend 4239 1
! tomata 402 1
! traine 799 1
! tugend 1513 1
! twiddl 3025 1 3017 1 2291 1 1509 1
! taxila 2340 1
! tagnam 3181 1 1550 1
! triang 4616 1
! threej 3372 1
! terenc 499 1
! tewara 3017 14
! tzlich 3265 1 2782 1 1513 2
! tapado 1595 2
! tandem 4012 1 3016 1 3980 1 1329 1 1138 1 1027 3 507 1
! tricta 123 1
! traduc 1431 1
! theloc 4689 1
! typabl 2772 1
! tacamo 2698 1
! tackar 4748 1
! tariqa 4958 1
! tedder 733 1
! teresa 444 1
! tidili 3003 1
! tilden 709 2
! toltec 3530 3
! trembl 4066 1 2865 11 1308 1 504 1
! tricki 427 1 383 1 120 1 56 1 51 1 148 1 49 1 47 1
! tuareg 3145 3 3143 1
! ttydef 4350 3
! turban 2865 1
! thimbl 4230 1
! trolla 4690 1
! tamago 4251 1 3579 1
! taipei 2363 1 3016 2 1766 1
! traber 3620 1
! tomado 4281 5 4240 1 4195 2 4239 1 4236 1 4203 5 4238 1
! tragar 1526 2
! taking 4668 1
! tancat 142 1
! tangen 260 1
! tempeh 4637 2 1964 2
! thalli 1388 1
! thingi 1977 2 1059 1
! timegm 1107 1
! timeli 4870 1 2327 1
! tongan 1059 1
! tracer 431 4
! tregar 703 1
! tardar 4772 1
! theora 158 2
! trauma 142 1
! tronch 1199 1
! tibbet 739 1
! tawaki 2896 1
! touchi 3759 1
! tuscan 3663 1
! tkline 2865 1
! tundra 158 4
! titmic 2897 1
! twangi 2930 1
! trivia 266 1 222 1
! turkic 373 1
! trader 242 1
! tahini 2980 2 2703 1 3932 3 2667 9 3800 3 2704 6 2297 4 2665 9 2105 2 1595 2
! tannek 142 1
! teasel 2471 2
! temido 1386 1
! terraj 4610 2
! tiffin 1190 1
! tirami 238 2
! togari 2560 1
! toledo 4790 3
! tossag 1661 1
! tricas 4240 1
! tropic 158 4
! ttytab 4350 4
! tzchen 4869 2
! thesam 2505 2
! toumai 4780 1
! tdkeho 4587 1
! tagger 154 1
! trickl 3980 1 3343 1
! tehran 739 2
! themen 2782 2
! tricep 2014 1 1162 1
! torben 4610 1
! tanoan 2879 1
! tengen 2631 1
! tetani 3620 1
! tansal 2560 1
! tantal 4835 1 3003 1
! tellen 1713 4
! tender 187 1
! thamud 2883 19 2875 12
! thenub 427 2 458 3 208 6 330 3 120 6
! thizai 1807 1
! thrall 4066 1
! tidier 441 1 46 1
! tieger 2281 2 1846 4
! tierra 4175 2
! timber 4672 1 3450 1 3663 1 3018 1
! toroid 3666 2 3196 1 2695 12 2595 2
! totali 995 1
! trojan 3025 1 3023 1
! tteell 4831 2
! turkei 2715 1 2180 1
! turnic 226 1
! tembok 1134 1
! taishi 4251 1
! trashi 2822 1
! traher 1431 1
! twitch 1162 1
! tomcat 3363 1
! tienen 3024 1 1436 1 617 1 607 1
! tausch 2403 1
! trenta 4102 3
! typifi 121 1
! tolman 3513 1
! tuleva 4831 2
! tabuki 2865 1
! takuan 2437 1
! tannen 3296 1 2631 1
! tarsal 2114 1
! tasgas 4697 1
! temamo 1386 2
! tribes 2865 1
! tercer 4242 1 4102 1
! tercio 4175 1
! terrif 249 1
! tetapi 4445 1 898 4
! tgmath 2381 2
! thieri 4766 1
! throgh 1158 1
! ticker 3326 1
! tijmen 929 2
! tjenar 4546 1
! tmpnam 1107 1
! treati 398 1 252 1 251 7 249 5
! trelli 504 1
! tschau 142 2
! tweenk 3936 2
! tosona 4615 1
! tanger 502 1
! tomber 4697 2 813 1 809 1 726 1
! taglin 2632 1 801 1
! topsid 3105 1
! themat 217 1
! tidbit 222 1
! torrid 3019 1
! tablet 3020 2 3638 2 3143 3 2443 1 4885 1 3149 4 2865 5 4038 1 3145 6 2340 3 2325 2 3751 1 3025 3 4693 1 3014 2 3146 1 1628 1 1492 1 502 1
! tabern 4010 1
! tactil 4770 1 3296 1 3759 1 1624 1
! taiwan 373 1 251 1
! talkat 1867 1 1848 1
! talkin 142 1
! talura 2865 2
! tantra 4958 1
! tarsig 2897 1
! techno 4828 1
! teolog 4121 1
! thenat 3149 1
! tianqi 3053 1
! tollen 3745 3 2984 1 4537 2 2287 2
! travel 402 3 404 1 220 1 429 1 222 1 199 2 105 5 223 2 359 1 453 1 282 3 47 2 94 2 328 2 447 1 259 1 202 1 132 1 142 6 96 1 83 21 102 1 290 1 435 1 106 3 56 1 244 1 113 2 67 5 54 1 7 1 148 1
! treibt 4586 1
! trilog 3758 1
! tripod 475 1 56 1
! truffl 2490 3 1810 1 1374 1
! tudier 3743 1 809 1 799 5
! tvasta 3023 1
! typeof 3998 1 2381 2
! tyrian 3025 4 3026 2 3021 1 3003 4
! threat 248 1 251 3 221 4 160 1
! truvia 2672 1
! tailer 194 1
! thrash 242 1
! tlearn 1829 1
! tenger 2631 1
! tampco 4788 1
! terbri 1007 1
! trinta 3361 1
! takker 2666 1
! tureen 3549 1 3471 1 1893 1
! ttwoch 3729 1
! tirzah 4038 1
! tennen 2631 1
! tublin 359 1
! tarota 2804 1
! tramin 2865 1
! talmud 4856 2
! tanker 1350 2
! tantsa 4391 1
! tartan 593 1
! teiler 194 1 142 1
! telawi 2523 1
! tememo 1386 1
! termen 1677 1
! thiker 2587 1
! thoeri 4392 1 2215 1
! throne 249 1
! timmar 4689 1
! tomamo 4239 1 4175 1
! tormod 3991 1
! tucker 3687 1
! tunnel 314 2 476 1 301 2
! turbin 3595 1 2954 1 2464 19 2717 1 2952 19 2702 1 1750 1
! tuatua 2857 1
! taller 202 1 57 1
! tullen 4831 1
! themes 4693 5
! temies 1386 3
! tabeso 379 1
! tympan 1158 1
! temlin 3980 1
! twinki 3757 1 3230 1
! tradit 491 1 397 2 375 1 398 9 486 1 248 2 231 2 277 1 242 1 218 1 265 1 123 3 217 2 193 1 240 1 404 1 427 1 50 1 285 3 473 1 373 1 166 1 244 3 152 2 142 6 402 1 223 2 113 5
! ttoken 3978 13
! talkml 3257 1
! transf 4162 1
! trophi 4668 1 2698 1
! temura 4583 5
! tagung 3026 1
! truman 4790 3 3377 1 3108 1 3673 6 3167 2 1847 1 739 7 827 1 740 1 829 2 573 11
! ticket 402 1 242 1 177 2
! tezuka 1492 2
! timeth 2214 2
! temier 1386 3
! tamten 888 2
! target 476 1 427 1 251 1 366 1 374 1 359 2 271 1 398 1 329 1 285 2 417 1 187 1 180 1 157 4 155 1 396 1 120 1 160 1 50 1 414 1 46 1 222 1 139 1
! teaser 3017 1 1509 1
! teensi 417 1 186 1
! thorem 941 1
! thresh 2295 3
! thrugh 485 1
! tophat 1180 1
! trifft 2227 1 993 1 970 1 825 1 810 2
! troubl 427 1 297 1 398 3 475 1 222 1 200 1 486 1 49 3 285 1 186 1 221 4 148 1 249 1 51 1 149 1 160 1 190 1 300 1 47 2
! trundl 4584 1
! themet 2522 1
! thrill 491 1 160 1
! tinsel 4869 2 4066 1
! trolli 4748 3
! trough 4859 1 4392 1 4066 1 1016 1 4382 1 2952 3 2875 1 3025 1 2814 2 2063 1
! telegu 3149 1
! totora 2882 1
! tannin 3757 2
! terpen 1119 1
! tether 4693 4
! thello 1504 1
! tratar 4175 1
! tetrao 2897 2
! tracey 1671 1
! tenemo 4281 13 1436 1 4252 1 4239 2 4203 13 4216 3
! tyciol 398 2
! trucho 242 1
! traino 1431 1
! tendon 2555 2 1161 3 2558 1 3213 2 2014 2 1162 1
! teller 36 1
! tuxedo 4541 2
! tadpol 349 1
! thomas 173 1
! tolong 4445 2 1371 3
! tahlay 939 1
! taisho 4317 2
! tamper 3144 1 3267 1 2967 1 736 1
! tandul 2560 1
! tanner 703 1
! tantil 2875 1
! tanuki 4251 1
! teeter 2210 1
! teippi 1267 1
! temimo 1386 1
! tempat 4442 6 1134 1 898 1
! tenner 2631 1
! thiaso 3025 1
! thiopi 765 1
! thrive 4748 1 4616 1 3901 1 3544 1 3530 1 2881 1 3025 1 3638 1 2879 1 3283 1 2340 1 3026 1 2865 1 1974 1 1377 1 828 1 2016 1 1096 12 1038 1 570 1
! trumbo 573 1
! teflon 4535 1 2403 3
! tvwiki 2378 2
! tirait 3965 1
! tessel 4697 1 3372 6 1350 2
! tinker 4616 2 3625 1 3280 1 733 1
! talcum 1445 2 736 1
! theori 3 1
! trimer 934 1
! tinhth 2326 2
! thoguh 3057 1
! trampl 2878 1
! teacup 4219 2 2914 1
! terdon 4378 2
! turini 156 1
! tiliti 2312 1
! tabbox 3181 10
! tabley 1718 1
! talbot 572 2
! tallay 3025 4
! telnet 233 1
! temper 242 1 121 1
! tentar 1526 2
! termin 267 1 496 7 437 2 484 7 47 1 417 1 191 1 379 1 181 1 205 1 475 2 498 1 176 1 25 2 48 6 142 1 280 1 396 1 349 1 281 3 51 1 123 1 150 5 472 1 6 10
! theatr 460 2
! theism 4138 3
! things 2452 1
! thomer 1829 1
! toilet 371 1
! tolmer 3513 1
! tornar 142 1
! tribul 4062 1
! tright 4463 1 1718 1
! trigon 4537 1 3626 10 4054 1 3789 3 504 1
! trying 1633 1
! tumblr 3794 1 1428 1
! tupelo 3151 1 3069 1
! turiya 2323 1
! tyskar 4689 1
! tensil 2930 1 1161 1
! thatth 4372 1
! titbit 3914 1
! tapper 2882 1
! trisil 3595 2
! tanque 4256 2
! twelth 3316 2
! triimo 4831 1
! takuya 2366 1
! tyhmin 4831 1
! tyrann 249 1
! tartar 7 2
! twinkl 4038 1 3462 2
! termio 4350 38
! taient 3965 1 807 1
! tagset 4655 1
! talent 398 1
! tanzen 3592 1
! tattva 2323 2
! taught 498 3 496 1 444 1 398 5 499 10 223 2 115 1 253 1 249 1 285 1 216 2 166 2 402 3 379 1 494 1 54 3 43 1
! tentat 379 1
! thorni 1995 1
! throat 4746 6 3437 1 4690 1 3794 2 2897 11 2360 1 2015 1 3025 1 1714 1 1497 1 4628 1 4720 1 1431 1 1199 2 825 1 1955 1 943 1
! tiempo 223 2 199 7
! toluen 369 2
! tribun 4528 1 1663 1 1308 1 4416 2 702 2 655 1 3014 1 649 1
! trippi 2293 1
! trowel 3025 1
! tunisi 765 1
! tyumen 2902 1
! totemo 1384 1
! troisi 1047 1 799 1
! traver 4383 1 3965 4 4162 1 1047 1
! toomer 736 1
! taberu 473 1 373 1 379 4 279 1
! takapu 2896 1
! tabeyo 379 1
! toyota 4634 2 4084 16 2954 1 2947 1 2717 1
! tenant 160 1
! talism 1930 1
! tarnjp 3589 2
! thusli 6 1
! thymin 2698 1 1138 1 1131 1 934 3
! tokens 3978 2 3149 1
! tomato 462 1 258 2 254 1 211 1 200 3
! tvorog 1803 2
! templo 3024 1 2949 2
! transl 3020 1
! tetzel 4790 2
! tintin 1876 1 1870 1
! titles 150 1
! tation 3844 2 3843 2 3841 2 3842 2 3837 2
! topnav 4890 1 2987 1 3035 1 2320 1 3748 1 2313 1
! tement 798 3
! throve 1096 3
! tecton 4877 2 4632 1
! tusund 2634 1
! texten 1513 1
! tavern 56 1
! taurat 2865 2
! tunggu 4445 2
! tardor 3976 1
! tavalu 2522 1
! torrar 242 1
! taoism 244 3
! tenent 244 1
! testat 504 1
! textil 4790 1 4690 1 3530 1 3538 1 3026 1 3108 1 2043 2 1978 4 570 1
! thirti 404 1 263 1 111 1
! throug 142 1
! titrat 4051 10
! trazer 2266 2
! tuplet 4628 1
! turmer 4471 2 2971 2 3186 3 3395 1 3087 3 2913 3 2923 3 2915 4 2340 1 1949 3 2560 2 2921 2 3105 3 4667 2 1953 3 1951 3 979 4 2244 3
! tussen 1816 1
! tysker 2666 2
! taster 1667 1
! turbul 2387 2 2323 4 2311 2 1880 2 1884 2 3282 1 1764 1 4673 1 4651 1 1571 1 1251 2
! tigray 2865 1
! tarism 1930 1
! tyrker 2666 2
! tition 4184 1
! tailor 398 1 40 1
! tycoon 3350 1 1310 1 733 1
! trovar 1431 1
! turner 740 1 2709 2 574 3
! takeov 4673 1 708 1
! tlexer 3978 6
! tahtoo 4831 1
! teapot 3372 2 736 8
! teatro 224 1
! ternay 571 1
! tilley 2875 5
! tremul 2291 1
! tretti 2634 3
! tucson 3320 1 3250 2
! turnip 242 1
! tuttua 4831 1
! tharro 3026 2
! tester 51 3
! tellez 4697 7
! turrim 583 3
! tertau 1007 2
! trinit 765 1
! tought 3911 1
! tectum 583 2
! termit 4771 1 2811 1 2114 2
! tholey 2210 1
! titolo 402 1
! tokasu 1300 1
! tourin 2226 2 1923 4 2105 2 1930 2 1595 2
! trecut 1258 1
! tungku 2726 1
! tungum 621 1
! tuvimo 280 1
! todoku 1300 1
! tuvalu 3509 2 765 2 3163 2 2778 1 2522 2 2016 1
! tropsi 4545 1
! theist 4138 2
! truant 242 1
! thorax 2558 1 2557 2 2164 1 2114 2
! tribus 4011 1 3024 2 584 1 562 6
! tyrant 2897 1 2327 1 739 1 650 2 4038 1 504 1 570 1 593 1 560 1 3025 5 572 2 502 1
! tetrax 2897 2
! thinsp 4847 20
! thrush 2897 22
! tribut 4958 1 4038 2 3026 1 3772 3 1308 1 3024 1 2865 1 3003 1 3025 2 4616 1 843 2
! trompo 3592 1
! truste 165 1
! ttatiu 2634 1
! telugu 4608 2 4152 1 3149 1 2560 7 621 1
! thistl 2471 8 1935 3
! televs 3342 1
! tilsit 4790 2
! taxpay 3100 1
! triton 3462 6 3454 8 3046 1 3485 4 2865 1
! trinkt 2232 1 1500 2 1490 1 995 1
! taifuu 4483 1
! tjueto 2634 1
! tutori 397 4 444 1 103 1 431 6 477 2 453 1 9 1 216 1 148 1 142 1 58 1 484 1 116 1 396 1 19 1
! tspoon 1619 1
! tooley 3026 1
! taseru 379 1
! tateru 1300 1
! tauhou 2896 2
! tempor 217 1 84 1 83 1
! tokeru 1300 1
! trotti 2279 1
! truism 4066 1 3010 1
! thropp 1864 1
! tschus 4586 1
! thwart 150 1
! taoriv 4873 1 4717 1 4610 1 3495 1 2804 1 4737 1 1646 2
! turgor 349 2
! turret 3059 1 3054 3 708 1
! tareru 379 1
! tautom 4537 2 3478 2 2933 2 934 2 916 1
! talkqu 428 2 366 1 56 1
! tonton 797 1
! tangut 4608 1
! tantum 4831 1 4012 1 584 1
! tattoo 2877 1 2210 2 1628 1
! taylor 142 1 194 1 54 1
! tentul 2560 1
! tersit 582 1
! tromso 2625 1
! troppo 1431 1
! ttymon 4350 2
! turqui 765 1
! typset 4372 1
! tomtit 2896 1
! taoist 4616 1
! totopo 1732 1
! tuotti 4831 1
! temist 1386 1
! tjuetr 2634 1
! turkey 462 1 248 1 200 1
! teuton 3023 1 2902 2
! tallow 3067 2
! tensor 142 7 132 1 398 1 278 1 83 2
! terror 249 6
! toisto 4831 1
! toniqu 1044 1
! trevor 4693 1 3273 8 3259 1 3254 2
! truley 4587 1
! typeov 4388 2
! tettex 2403 1
! trusti 1445 1 3858 1 1078 1
! tmpsum 4550 9
! tomasz 307 1
! towton 2779 1
! ttlnot 2428 1
! tungus 373 1
! truest 3541 1
! turdus 2897 10
! thrown 4531 1 3046 1 1307 3 4063 1 3978 1 1977 1 3954 2 2781 1 2865 1 3257 3 2881 2 2609 1 2327 3 1096 1 3023 1 853 1 2404 1 1820 1 1308 1 2530 1 1778 1 4062 1 2323 3 728 1 3280 1 3441 1 1506 2 593 1
! textrm 2092 3
! tfzkjw 4200 1
! tetrix 2897 1
! tetros 3615 1
! tgroup 3266 2
! thirst 4958 1 4063 2 3789 1 2745 1 2327 6 2323 4 2210 2 1591 1 1624 1 3004 4 1057 1
! tiaowu 3016 1
! takzhy 2441 1
! tempus 560 1
! typhus 728 1
! typist 733 2 725 1
! tuvist 280 1
! tullut 4831 1
! turnov 3541 1 2775 1 1119 1
! tantus 4012 1
! tumour 4052 2
! tarsus 4066 1 3213 1 3153 2 2558 1
! tutrix 504 1
! tunnus 4831 9
! thymus 2023 1 1156 1
! taurus 3755 1 3121 1 3026 1
! tortur 249 2
! textur 349 1 142 1
! thrust 2881 1 976 1 4749 1 2327 1 1002 1 4877 1 1511 1 2323 1 878 1 555 1
! turtur 2897 1
! tzyozt 3592 1
! trabaja 4281 3 4203 3
! trachea 1161 1 1160 1
! taxacea 1173 2
! tablica 171 1
! triadic 47 1
! typefac 4860 2 2902 1 1087 24 1086 1 1078 1
! traffic 398 1 169 2
! trajana 3026 1
! truffad 1930 2
! turdida 2897 1
! twaalfd 1713 1
! tbimage 4693 1
! turmada 3637 2
! tabenai 379 1
! takaaki 2403 1
! tangabl 1281 1
! thebean 2340 1
! tragedi 142 2
! teleboa 3020 1
! tapenad 4045 2 1806 2
! thebhgg 920 2
! tobacco 462 1 258 1
! tapioca 330 2 258 1
! theocid 3377 1
! tostada 3395 1
! toscana 1595 2
! techdoc 1447 8
! tangkai 839 1
! tecnich 1591 1
! tilalla 4831 1
! triloba 974 1
! typedef 278 1 472 1 47 2
! tenebra 2291 3
! tilapia 4301 1 3543 1
! tendenc 398 1 189 1 117 2 6 3
! tanagra 3020 1
! tangenc 260 5
! typeabl 2772 1
! technic 447 1 417 2 428 1 373 1 419 2 398 2 473 1 379 1 434 6 293 1 457 1 169 3 216 1 113 1 160 2 207 1 186 1 282 1 141 1 261 1 355 2 167 1 402 1 298 2 158 1 223 2 458 2 154 1 389 2 49 1 7 1 148 1 208 1 422 1 93 1 375 1 427 1 145 3 123 1 499 3 405 1 150 1
! techweb 4759 1
! tercera 142 3
! tiffani 4760 1
! tinggal 142 1
! tokoeka 2896 5
! toimija 4831 1
! tagchen 2609 4
! todavia 291 1 56 1
! tegendi 583 1
! tavalla 4831 1
! tablifi 1749 1
! talkpag 56 1
! temiera 1386 3
! tijuana 1488 1
! treiben 2800 7
! tullaan 4831 1
! tutelag 3673 1
! turkana 4780 1
! taberna 4010 1
! tumhara 3264 1 1190 1
! tangibl 4648 1 3748 3 4500 1 3010 1 1866 1
! trabajo 291 1 224 2
! techref 3872 2 2343 1
! tambien 56 1
! teacher 482 1 402 1 475 1 398 29 444 1 168 2 467 1 373 3 285 2 253 2 282 1 249 1 224 3 499 2 223 3 56 3
! tremend 398 1 251 1 211 1 6 1
! toaleta 1256 1
! tahukah 4440 2
! tagaini 3483 2
! treffen 2246 1 993 1 810 1
! teorema 4281 4 4819 1 4239 6 4203 4 4175 3
! tratara 3024 1
! tedydei 590 1
! theoria 4696 1
! thermic 2403 1
! tmpname 4715 1
! toenail 4720 1
! trodden 3053 1 2323 1
! taharqa 3538 1
! treofan 2403 1
! tagalog 373 2
! thicken 358 1
! tuatara 2255 1
! tariqah 4958 2
! tentacl 229 2
! tabasco 4458 3 4758 3 1612 1 2096 4 1701 1 3617 1 3357 2
! tangkap 2726 2
! taronja 3976 1
! taskbar 336 1
! teleogi 396 1
! tenfold 1166 1
! terchen 4869 1
! termina 288 1
! tzarina 728 1 504 1
! thispag 1467 1
! taniwha 3945 1 3944 2
! tecnico 56 1
! tjuefem 2634 2
! taashii 3026 1
! tigrina 2897 1
! traceri 3647 1 3638 1
! testabl 4582 1 2890 1 1120 1 1114 1 589 1
! tempera 4628 5 3022 1 2327 1 1844 1 2281 2 2218 2 2223 2 2220 1 3485 1 3375 3 1846 1 3525 7 1840 1
! termcap 2905 1 1830 1
! tielsch 3620 1
! tableau 142 2
! tuchman 1636 1
! tyebyah 2441 1
! tegumai 3017 72
! tendido 4175 1
! theresa 489 4 471 3 446 1 469 1 468 1 491 2 444 40 488 2 442 1 297 2 366 2 486 2 440 1 186 2 439 1 428 2 441 7 142 64 89 2 56 6 40 4
! tmpfile 4884 4 4715 1 1107 1
! tachtig 1986 1
! taygeta 3511 2
! terrenc 4647 1
! theatra 952 1
! theoric 223 1
! thereen 801 4
! thermal 453 1
! thiazid 3789 1
! tibetan 4608 2 2210 5 1585 2 1321 1 1591 10 1581 1 3149 2 1059 3
! toolbar 374 1 158 4 56 1
! torranc 3053 1
! treisma 1178 1 967 1
! triangl 142 1 67 2 58 2
! tuottaa 4831 4
! tuscani 4760 1
! tubercl 3153 2 2015 1
! technik 142 2
! truffel 1810 1
! tadorna 2897 3
! torrija 3395 1
! titchen 2334 2
! tuvarai 2560 1
! takakoj 142 1
! takzheh 2441 1
! telecom 3920 4 3059 1
! tensera 142 1
! tentang 833 1 830 1
! tequila 4433 1 2676 1
! toolmak 4771 2
! tetrode 2830 1
! textpad 4874 2 3181 1
! theanin 1591 2
! thereof 303 1 176 1
! thevoic 2865 1
! tingkap 2726 1
! tornado 4555 1
! totevia 1431 2
! ttatigi 2634 1
! tunisia 3026 1 3021 1 3019 1 4416 1 3003 1 765 1 739 2
! thogari 2560 2
! torvald 449 1
! tracker 113 1
! travail 3965 1 809 1 796 2 726 1
! telfair 593 1
! timelik 2078 1 2076 5
! telemar 285 2
! tausend 3004 1 2317 1
! terrifi 4648 1 4583 1 3638 1 863 1
! tessera 3025 1
! therapi 1139 1 4648 1 4606 2 3296 1 2698 1 3620 2 2327 1 4052 1 3271 1 2334 2 2015 1 4958 1 4383 1 4751 3 1186 1 2804 1
! thicker 359 1
! tillman 4043 1
! timpani 3110 1
! toddler 3271 1 1713 1
! tomkiem 1276 1
! trivial 427 1 331 1 458 1 183 2 249 1 411 1 202 1 478 1 148 1
! typenam 4215 5 3778 1
! typhoid 728 1
! thiamin 2725 1
! tstream 3978 4
! telling 458 1
! tirando 2935 3
! truedat 223 4
! twofold 4648 1 4038 1 3272 1 2574 1 1166 1 2323 2 1713 1 878 1
! talkign 221 1
! theoder 3638 1
! tomando 4175 2 1548 1
! terribl 398 1 282 1 221 1 165 1
! telltal 1445 1
! texrang 2293 1
! tianjin 1406 2
! topffer 1492 2
! traceop 4279 2
! trefoil 2471 2
! treinta 168 1
! ttingen 3021 1
! trabant 4650 1 4649 1
! trigger 359 2 248 1
! topfram 3600 1
! tranfer 4500 1
! typisch 3141 1 1513 2
! tangelo 974 2
! tuxaqfh 3045 1
! toughen 2089 1 3339 1 4285 1 3393 1 2194 1 4286 3 1921 1
! tolkien 4860 1 4600 2 4598 1 2009 1 4605 1 4616 5 3266 1 621 1
! testifi 4038 1 3003 1 678 1 2877 3 2865 1 648 1 736 1 571 1
! thereat 2749 1
! tapling 3145 1
! tractar 1431 1
! termita 3192 1
! taimiya 990 1
! talienn 1419 1
! telefon 4831 1 1049 1
! terrain 251 1
! testicl 2023 2 1199 1
! texcoco 843 1
! theraft 2783 1
! theyain 3625 6
! thisdud 1018 1
! thoseof 131 1
! tocleft 177 1
! torbenm 4610 1
! torpedo 4535 1 3901 1 708 2
! toucher 242 1
! trevlig 4689 1
! trinari 4642 2
! tsunami 4555 1 504 1
! ttengin 4694 1
! theolog 244 1 398 2 218 1 142 3 56 2
! tudiait 3965 1
! tickler 2599 2
! timelin 428 2 398 3
! tabular 216 1
! toscano 3026 1
! teorico 4891 1
! trailer 311 1
! terecht 3562 1
! tagitem 4715 1
! tradion 2871 1 1749 1
! tamarin 4770 1
! tanzani 765 1
! telldir 3041 1
! ternari 397 1
! terraza 3024 1
! theater 496 1 249 1 224 1
! thevari 3149 1
! thorogh 4220 1
! tighten 398 1 241 1 46 1
! tinfoil 3415 1
! tortola 3450 2
! trainer 3462 1 1027 2 3673 1 798 1
! trenger 2635 1
! tsshell 1491 1
! tsukiji 3582 1
! thyself 2323 1 1879 2 502 1
! tokelau 3163 2
! ttighet 4690 1
! trinken 3004 2 1500 1 1461 1
! testmal 142 1
! typelog 1875 2 1864 2 1874 2 1873 2 1872 2 1848 2 1871 2 1869 2 1868 2 1867 2 1866 2 1863 2 1865 2 1870 2
! trincol 3848 1
! tnumber 3719 1
! tarienn 2226 1
! tendril 4066 1
! tranlat 2609 1
! tardieu 3449 1
! technol 4696 1
! teonaht 4616 2
! thiolat 916 1
! thslone 1469 1
! thyroid 4052 3 3620 5 2023 1
! tiangui 223 1
! tiduran 1177 1
! toisell 4831 1
! truncat 4861 1 843 1 4500 1 4702 1 4863 13 3041 1 4697 4 1316 1 4502 2 3331 2 3998 1 2645 1 4399 1 2573 3
! tjuefir 2634 1
! twelfth 3375 1 2939 1 2578 1 2930 1 722 1 3220 2 2879 1 3462 2 702 3 652 3 1166 1 649 2 654 1
! tranpar 995 1
! tyranni 221 2
! testfil 3274 3 1504 1
! thunder 467 2
! tallrik 4690 1
! tougher 4301 1 4092 1 4673 1 4046 1 2194 4 1928 1 975 1
! theorem 187 1 260 1 370 2 148 7 447 3 67 2 458 1 41 1 133 8 83 4 58 1 208 2 142 6 330 2 261 2 54 2 184 2
! textbas 4356 1
! telamon 1372 1
! taaluni 1816 1
! tagfilt 427 2
! taggart 1311 27 1310 10 1309 1 1308 35 1307 93 1306 101
! takusan 379 2
! tamquam 4012 1
! tarvita 1267 1
! taupini 1047 1
! telenet 3602 4
! thanato 4648 1
! thrifti 1423 1
! throati 1503 1
! tlunnel 4180 1
! tooldir 4715 2
! traduct 142 1
! trecent 3361 1
! trioxid 4051 2 4053 1 1163 1 723 1
! tsukimi 4251 2
! tubular 226 1 352 1 142 1
! turkmen 621 1
! twintig 1986 1
! twofish 398 1
! thither 4066 1 1165 1
! trisect 4823 1
! thereon 651 1
! thuesen 1846 1
! tudiant 3965 1 3743 1 799 4
! tenedor 280 1
! tabouli 2296 2 2292 1 1595 2 1419 2
! testing 845 1
! thinker 4756 1 4790 1 3663 1 3407 2 4771 1 3021 1 1844 1 2327 20 3013 1 2323 2 4416 1 1885 1 2340 1 1857 2 3650 1 1856 1 4582 4 1845 2 3480 1 1847 1 2804 2 4648 1 1842 3
! tariqat 4958 3
! tastenk 1513 1
! tersect 207 1
! testmap 2291 2
! texinfo 150 1
! thinner 358 1
! thuring 2200 1
! tibniit 3026 1
! timothi 2865 1 2805 2 2804 1 2669 1 2443 2 1876 1
! tonight 404 1
! toplink 2723 3 2210 6 1585 8
! transmi 796 1
! trettan 2634 1
! trinomi 4462 1
! trombon 3110 1
! trovita 4831 2
! trident 4693 14
! taranui 2896 2
! totheir 3149 1
! topolog 458 1 54 1
! thairko 1807 1
! templat 418 6 445 1 398 1 444 3 491 4 397 4 329 1 427 5 380 1 173 1 265 5 428 2 381 1 285 10 473 4 276 1 241 2 176 2 223 1 177 3 113 1 160 4 157 6 156 2 165 3 142 13 40 20 132 6 167 7 402 2 56 17 284 2 49 1 121 5 20 16 396 2 208 4 139 12 383 2 7 1 158 11
! terbuat 840 2
! testmod 4715 1
! topleft 4674 2 3768 6 3735 4 3576 4 3571 2 3569 2
! tiferet 2804 1
! tinyfil 4279 1
! tripoli 3026 1 3021 2 3019 3
! textfil 4693 1 3041 3
! tencent 1322 1
! tempura 4251 3 3473 2 3230 4 1595 2
! tengwar 4152 1 621 1
! thekohs 4811 3
! tighter 4748 1 3078 1 2881 1 2371 2 2294 1 3757 1 1447 1
! titleno 1820 1
! tompkin 829 1
! trapper 4454 1 2471 2
! traumat 2327 1 2015 1 843 1
! trimmer 4859 1 2403 9
! tristan 4790 2 1069 1 4791 1 961 1
! tsibbur 3441 1
! tuesday 404 1 199 1 482 1 447 2 47 1
! tangent 330 2 96 2 142 1 103 5 83 1 282 1 52 3 458 1 67 1 260 24 58 1 148 1 49 3
! tsaphon 3025 1
! tarsier 4771 1 4770 4
! texbook 2125 1 992 1
! tetouan 1616 1
! timesav 135 1
! tachyer 2158 6
! tubulin 359 7 352 1
! testigo 3193 3 3024 1
! travisg 402 2
! thioket 123 1
! tripura 4158 1
! theodor 4072 1 4063 1 829 4 3025 1 1870 1 735 5 733 2
! tamplet 1423 1
! tantura 3026 1
! terbium 2585 1
! terpish 4603 1
! thriven 1096 3
! tiefert 142 1
! timacus 3025 1
! tisseri 798 3 796 3
! tmxxine 142 1
! treason 2781 2 1802 2 702 9 4063 1 653 1 722 1 4811 1 593 2 708 1 641 2 2780 2 574 1 651 2 703 2 649 7
! triniti 4584 1 4582 2 4138 1 3558 2 2323 2
! trinket 2882 1
! tryrubi 431 1
! turkiet 4546 1
! turkish 392 1 167 1
! typolog 202 1
! truediv 3334 1
! tenerlo 173 1
! trisomi 1130 2
! trawler 2529 1
! theonom 3650 1
! tokenis 3978 2
! towards 2323 1
! taggert 1310 37 1309 28 1308 8
! turista 3024 1
! transin 2322 1
! trellis 504 1
! treatis 208 1
! trilion 3361 1
! traduir 4162 1 726 3
! taggett 1307 1
! talkjiv 3790 4
! tareeqt 4958 1
! terreno 4238 1
! timaeus 4582 1 3228 1 3026 1
! titular 3026 1 991 1
! tobulax 1018 2
! topprof 2523 10
! tremolo 282 2
! triplet 359 1
! triumph 4072 1 4063 1 4038 1 4416 1 2865 2 1308 1 504 2 735 1 1307 1 1306 2
! turmoil 249 1 248 1
! turnpik 1802 1
! textual 484 1 417 1 150 1
! treibst 2800 2 2317 1
! therfor 3296 1 757 1
! termino 56 1
! tretten 2634 1
! tabliss 3920 1
! tattler 2897 1
! techiqu 2842 1 1059 2
! technot 2403 1 4279 1 2319 8
! theoret 223 1 265 1 221 1 154 1 207 1 142 2 93 4 359 1 40 1
! thereto 1685 1
! thermon 2830 1
! thorinn 1061 1
! tlinkit 1416 2
! tweezer 2014 1 504 1
! tension 94 1 248 3 453 1 123 1 96 2 359 2
! temptat 4038 1 4760 1 1845 1 3979 1 556 1 4582 1 2327 1 2323 2
! tablett 2635 1
! tigerop 431 1
! tulivat 4831 1
! tkinter 3722 2 1560 1
! traroth 444 1 428 2
! trostel 4697 2
! tartlet 1729 6
! tazilit 2865 1
! tcpdump 1782 2
! tenkasu 4251 1
! thought 373 1 463 1 441 2 397 3 330 3 142 2 484 2 216 2 285 1 460 1 368 2 271 1 174 1 465 2 221 1 415 1 241 3 223 1 14 2 208 4 499 4 123 1 265 1 218 1 154 1 251 3 57 2 398 15 204 1 200 2 384 1 190 1 380 1 186 2 175 1 464 1 173 3 120 1 167 3 113 1 160 2 201 6 7 1 148 1 48 1 242 1 165 2 249 3 202 1 11 1 108 3 94 1 282 1 235 1 25 1 149 1 444 3 56 5 291 1 162 1 115 1 389 1 40 1 428 1 132 1
! tiresom 4173 1 4062 1 3350 1
! toalett 4690 1
! toaster 192 2
! totient 669 14
! transom 2881 1
! trotski 249 7
! tornant 142 1
! textura 3499 1
! torient 4673 1
! toctitl 3768 1
! transir 1972 1
! tractor 3369 1 736 1 733 1
! tyrkisk 2666 2
! typeset 328 2 58 1
! tentuli 2560 1
! televis 485 1 221 1 144 1 222 3 142 1
! telophs 1356 1
! triptim 2323 1 1877 2
! toolkit 431 4 121 2
! tripsin 1154 1
! tallest 224 1
! taskbox 14 1
! theoris 4859 1
! thereov 3025 1
! thevent 719 1
! thoroug 3731 1
! typhoon 282 1
! torsten 4671 1 3701 1 1514 3 1422 2
! trollsl 4690 1
! tuition 3078 1 1402 1 1769 1 709 1
! tiniest 36 1
! toarray 2366 5
! torment 1872 1 2881 1 1306 1 709 1
! treetop 980 1
! tatsumi 3620 2
! thulium 2585 1
! tonnerr 939 2
! trolley 962 5
! tsumori 379 1
! toupper 52 1 49 1 48 2
! tooltip 158 4
! taxonom 3876 2 2516 1 4650 1 2164 3 1388 1 1173 2 4770 1 2130 2 1140 2 946 1
! tryngit 2897 1
! taglist 4813 3 4716 4 4694 1
! tigress 504 1
! toolset 4411 1 4407 1
! taoster 4902 2 1537 1 1535 5 1766 1 1649 1 1785 2
! tuhoatt 4831 1
! tarquin 3616 5 1936 1 2097 1 2431 1 1699 1 2435 1 1698 1 2026 2 1597 3 1472 1 4416 1 1266 1
! torsion 107 2 94 1
! transit 499 1 359 3 480 1 216 3 318 19 494 1 253 2 6 5 282 1 373 1 212 2 487 1 142 4 186 1 21 1 56 1 493 3 123 1 248 1
! teahous 167 3
! tempest 2291 1 1411 1 939 1
! terrass 1047 2
! texshop 142 2
! thirsti 4584 1 3025 1 1585 1 4038 1 1366 1 2323 1 2210 4 1591 1
! toilett 4690 2 1047 2
! traitor 4765 1 593 1 504 1
! travers 447 1 101 1
! trumpet 3485 1 3110 3 3462 1 2897 1 3822 1 2865 1 2194 1
! twister 2726 2 830 1
! templum 498 5
! thorium 2952 3 2585 1
! trenton 572 4
! tansley 1040 2
! tejolot 4045 1
! terroir 1930 2
! toolbox 431 2 391 1 300 1 158 1 157 1
! thomson 4072 1 4066 1 1846 1 4063 1 3119 1 4038 3 1750 1 4062 2 2698 1 593 1
! tyrosin 211 1
! thrower 2327 1 739 1 708 1
! timezon 51 18
! tabstop 3913 3
! tcsanow 4350 3
! taoreru 1300 1
! taxobox 2811 6 2516 1 2435 1 2163 2 2108 1
! thresor 4759 1
! thuranx 2984 4
! todonot 2905 1 831 1
! tourism 4047 2 3893 1 3433 1 3345 1 1414 1
! treasur 3638 1 1308 1 2566 1 2279 1 4648 2 3450 1 2323 1 3772 1 1820 1 1764 1 1307 1 3023 4 3054 1 3021 2 722 1
! tritium 4052 1 2952 1
! texture 4668 1
! temporo 1591 1
! tessior 1463 4
! transiv 142 2
! tsurumi 2403 1
! trouser 3757 1 4690 1 4105 1 3125 1 2106 1
! tendunt 583 1
! troveso 4831 2
! trypsin 2934 1
! tedious 472 1 260 1 336 1 221 1
! trotter 2049 1
! tarrito 3592 5
! tetanus 1162 1
! textkit 494 4
! thionyl 4377 1
! tiaowul 3016 1
! timeptr 52 2
! trowser 504 1
! tonjiru 4251 2
! turqois 2114 4
! tsarist 4790 1
! termiox 4350 2
! tortois 4768 1 2323 3 1884 2 2930 1 1425 8
! trouver 754 4
! tulkoot 4831 1
! tacitus 3145 2
! totanus 2897 1
! timeout 417 1
! townbox 4463 4
! taproot 510 1
! theoriz 4606 1 3626 1 4649 2 2952 1 2882 2 3025 1 2096 1 2932 1 2902 1 2323 1
! throttl 4634 1 2464 4 4411 1 4408 3 3055 1 3185 2 2350 1 1750 7
! toronto 4584 1 3062 5 3061 2 3149 3 4651 2 4582 3 3012 5 4967 1 3859 1 2865 2 2883 2 4528 2 2669 1
! tinyint 1680 1
! tusquet 4648 1
! travaux 3965 2 3025 1
! totipot 229 1
! textbox 4685 1 3475 1 4330 3 4847 3 4571 2 4259 1 3873 3 3656 1 3447 1 723 1 3138 1 3446 1 1163 2
! tarjous 1267 1
! teletyp 4350 2 4183 1 703 1
! tutress 504 1
! tiivist 4831 1
! trouton 4859 3
! thutmos 2340 1
! tourett 4671 1
! tinyurl 3201 1
! topmost 4712 1 3864 1
! tourist 242 1 248 1 223 1
! toujour 796 2
! twistor 4648 1
! tergezz 3025 1
! tyypiss 4831 1
! tomsawy 2605 2
! tuttugu 2634 3
! tesssiz 2293 1
! thatyou 1429 1
! toulous 3920 2 3919 2 3917 3
! truetyp 4693 2 4279 3 3020 3
! tenuous 4416 1
! termtyp 4350 1
! theoryt 142 1
! trouvez 1044 1
! tumultu 249 2
! tooltyp 4694 1 4693 1
! textsiz 4860 1
! tripoux 1930 2
! tzwurst 2561 1
! titicaca 3145 1 2158 3
! tabereba 379 1
! talkhead 330 1 133 1
! traceabl 4760 1 4560 1 4066 1 3023 1 2403 1
! talkback 4395 1
! threadid 2353 1
! tracheid 4093 1 2169 2 509 1
! trinidad 3164 2 2879 1 1595 2 765 1
! tlacameh 3694 1
! tracheal 1161 1
! thaliana 38 1
! tlaxcala 843 1
! tamachek 3145 1
! teenread 3315 2
! tridecan 122 1
! ticerama 4235 1
! taffimai 3017 5
! thailand 462 1
! tradeoff 4873 3 4748 1 3778 1 4644 1 3777 2 3416 1
! twinleaf 2471 2
! traffick 113 1
! theodici 4138 1
! thinkmac 3483 4
! titleabl 4356 2
! tapirida 2275 2
! thepckid 1749 4
! traducci 4772 5 3236 1
! trichina 2200 1 2197 3
! timepiec 825 1
! threepag 4279 2
! tblalpha 3020 1
! tasmania 2901 1 1064 1
! tailpiec 1669 1
! tachchen 2609 1
! tractabl 4648 1 4582 1 1307 1
! trabajar 190 1
! tablighi 990 1
! tareeqah 4958 1
! tendenci 4668 1
! tredecim 4011 1
! toothach 288 1
! teaching 4668 1
! terceira 3361 1
! thetechi 4218 1
! timescal 2952 1 2934 1
! traceaft 4279 1
! teleatla 4737 1
! teachign 1059 1
! teilhard 4648 1
! temierai 1386 1
! tritical 2675 2 2027 2
! treacher 4062 1 570 1
! tanzania 3538 1 3048 1 3551 2 2881 1 4780 2 765 1
! tashkeel 2082 2
! textarea 163 1
! titlebar 2732 4
! tytonida 2897 1
! tjeckien 4546 1
! tabpanel 3181 9
! teneriff 4072 1 4066 1 4063 1
! tartalma 142 1
! torelina 2403 1
! tracelog 375 1
! treadmil 3213 1
! turnagra 2896 1
! tabelapl 142 1
! takeuchi 4281 3 4203 3
! tabernam 4010 1
! teilnahm 4696 1
! temierei 1386 1
! terindel 3900 1
! timeline 3021 2
! trainear 3462 2
! tabellen 142 3
! terragen 4610 1 4116 2
! titlecas 3275 2
! telegram 248 3
! truespac 4116 1
! tyskland 4690 1 4689 1 4546 1
! timefram 4619 1 4454 1 3647 1 1426 2
! thucydid 3026 1
! tamarind 4637 1 2916 3 2560 3 979 2 974 2
! techtalk 282 1
! temminck 2897 1
! titiksha 2323 1
! transgam 3495 1
! treizeci 1257 1
! trillian 3742 2
! trotakam 2323 1 1877 2
! ttengine 4694 1
! theatric 504 1
! thalassa 2139 1
! teiotahi 4603 2
! transcod 3350 2 2772 9 1739 1
! triaxial 2767 1
! typeglob 3040 1
! techmisc 4873 1
! temiesei 1386 1
! tahitian 1059 1
! tarakiat 4958 1
! tareekat 4958 2
! tarighat 4958 1
! temiendo 1386 1
! temieran 1386 1
! tlatelco 843 1
! tokugawa 284 1
! trapezia 504 1
! tristanb 1699 2
! triviali 2897 1
! trudniej 1270 1
! tengmalm 2897 1
! tislaamo 4831 1
! terminal 142 1
! teepensa 4831 1
! teniendo 4242 1 4256 1 4236 1
! tyehbyeh 2441 1
! thatcher 2784 1 1876 1
! truncate 232 2
! travlang 4008 1
! tenaciti 4668 1
! techinfo 2403 3
! template 4694 1 4151 1
! teshumai 3017 14
! tocinsid 3768 1
! tortilla 3394 1 3301 6 2241 2 3230 1 2027 2 3637 1 2370 5 1614 6 4075 6 2005 1 1648 1 1670 3 1615 13 1702 4 1612 5
! triassic 3901 2
! tribunal 4668 1
! trigraph 4391 4 3221 2 2881 2
! tsushima 735 1
! triclini 4012 2
! tanmatra 2323 11
! tuavaram 2560 1
! termpera 3525 1
! turntabl 4859 2
! twiddler 1446 3
! tangente 4240 1 4175 1
! thematik 2865 1
! theologi 4668 1 1772 2
! thessali 3638 1
! thinking 2327 5
! thousand 398 2 356 1 251 1 113 1 482 2 427 1 404 1 266 2 249 1 142 1 221 1 359 1 244 1 284 2 123 1 330 2 495 1 242 1 449 1 499 1 223 3 56 1
! trickier 3716 1 3381 1 2742 1 2322 1
! triploid 3873 1
! trembler 3595 1
! threaten 251 3 249 1 248 1 165 1
! tareeqat 4958 4
! temiesen 1386 1
! teriyaki 200 2
! tetralog 3228 1
! theistic 4122 1
! timeshar 4748 1 3945 1 2952 1
! transgen 1139 1
! trasclud 396 1
! truthahn 4869 1 3004 1
! tweimann 398 1
! thorndik 4859 4 2334 1
! trayamar 3026 1
! teleolog 4582 4 4783 2 4648 3 4138 3
! temieren 1386 1
! tunisian 3026 1 3025 1
! toinclud 642 1
! transact 313 1 232 2
! testcmap 142 1
! triacent 4831 1
! trekboer 3450 1
! telecart 3920 1
! teschner 3296 1
! traducir 4772 2 1526 2
! trimethi 568 1
! tecumseh 708 1
! tricosan 122 1
! transloc 209 1
! takaisin 4831 2
! transduc 3213 2 4648 2 2932 1 3595 1 2750 1 1158 1
! thymidin 2698 2
! theocrat 2340 1 703 1
! tangerin 4975 1 1595 2 4841 1 1681 2 4869 1 974 2
! tarragon 4995 3 2340 1 1421 3 979 2
! tatanova 86 1
! tecnolog 3742 1
! termodin 4162 1
! tertiari 369 5 123 1 6 5
! thelight 3553 5
! thiocyan 369 4
! thirteen 129 1
! ticament 3024 1
! townsend 4673 2 3046 1 1040 1
! trayendo 198 1
! trialiti 4668 1
! terminen 288 1
! tranlong 94 1
! thrasher 2897 1
! telophas 1357 2 1356 3 1129 2 1358 3 1128 1
! transiki 398 1
! terminar 1578 1 1526 2
! transath 4121 1
! telecast 3046 1 2930 2
! turkoman 2865 4
! taiwanes 3057 1 3016 1 1320 1
! temeremo 1386 1
! teetotal 1724 1
! temistei 1386 1
! tetragon 504 1
! thevenin 4112 1 3706 1 3709 27 2404 1 2288 2
! tikiwiki 4849 1
! todolink 397 1 285 1 216 1 208 1
! toplevel 3696 1 3329 2 3063 1
! topnotch 2106 1
! topologi 4697 1 4523 1 3889 2
! traveler 4668 1
! trimleft 4655 1
! ttbullar 4778 1
! twothird 1374 1
! traditin 2050 1
! thurgood 740 1
! transfer 484 1 93 2 398 4 444 3 167 1 123 1 358 9 54 1 216 1 173 2 495 1 349 1 211 2 27 1 165 2 359 4 453 1 149 1 241 1 56 4 152 1 40 1 366 1 113 1 438 1 48 1
! tachomet 4634 1
! tinygram 4873 3
! tourguid 2680 7 2392 1 2128 3 2669 5 1504 25
! tangenti 3343 1 3314 1 1406 1 2387 1 502 1
! tyhmempi 4831 1
! tempesta 142 1
! terminfo 1830 1
! tarkista 3604 1
! teknolog 4581 1 1910 1
! tepenecz 4188 1 3736 1
! terceiro 3361 2
! terrapin 226 1
! thercfor 2327 1
! tinydict 4279 1
! tocright 93 1
! tsohanti 4697 1
! tuottava 4831 1
! thresher 733 1
! teititel 4831 1
! troelsen 3847 1
! trymango 1027 1
! thriller 3054 1
! tapsbugl 3110 1
! takeaway 3125 1
! tannersf 3598 2
! tarshish 3003 1
! tayberri 974 2
! telescop 142 4 112 1
! tennesse 2882 2 709 4 2897 1 2952 1 708 12 703 2 655 1
! testfunc 50 2 49 4 47 3 46 3
! thanhtho 1740 1
! thankful 1644 1
! threonin 1128 1
! thumbtim 1251 1 976 1 962 2
! tonewood 2930 2
! traction 4668 1 3213 2 2952 3
! triangul 2291 1 1400 1 1350 2
! trilobit 229 2
! twilight 3266 1
! typecast 4694 1
! tigrinya 4608 1
! theories 4697 1
! trampler 4072 1 4063 1
! toiseksi 4831 3
! trehalos 3615 1
! telephon 482 1 223 1
! tightvnc 4791 2
! thamudit 2865 2
! thebault 1350 2
! theorhet 3436 1
! tradtion 3437 1 1749 1
! transfom 2648 1
! transpar 473 1 418 3 272 1 145 1 216 1 285 1 423 1 98 2 150 11 106 1 40 1 51 3 67 1 102 3 47 1
! teigroll 4869 1
! titulair 4162 1
! translat 407 2 462 1 166 1 373 4 352 1 498 5 113 1 307 2 404 2 398 4 495 2 392 2 277 1 349 3 396 9 202 1 431 1 337 5 285 5 282 2 494 11 359 1 165 1 265 2 168 1 406 16 284 1 190 2 223 6 54 1 242 9 173 1 56 2 244 1 150 9 205 1 199 1 393 1 154 2 57 14 348 2 21 1 256 3 120 5 402 8 499 10 123 1 38 2 142 1 342 2 37 1 194 2
! tandoori 2226 2 1595 2 1419 2 979 2
! transluc 4076 1 4032 1 3127 1 4023 1 3423 1 2913 1 2548 1 2293 1 4075 1 2260 1 2915 1
! talossan 4616 2
! textedit 484 3
! tashkent 3026 1
! testudin 2206 2 2255 1 2130 2
! thesauri 3371 1 1151 2
! thistask 4694 1
! transnat 4648 1
! trayecto 3024 3
! trencito 3192 1
! thallium 2585 1
! theoreit 4648 1
! temieron 1386 1
! televisi 199 1
! tapahtui 4831 1
! threesom 142 2
! thermion 397 1
! trillion 249 1
! thickest 359 1
! thorough 3 1
! traditon 3053 1 3019 1
! tableaux 281 1 142 1
! taskwait 4694 1
! thevenis 3709 1
! timepart 3041 20
! tinsmith 570 1
! toimivat 4831 1
! trilingu 2772 1
! triticum 3873 1
! trojason 2609 1
! triliter 3055 2
! tipotday 4368 2
! theosoph 4583 1
! tarapiro 2896 2
! tuvistei 280 1
! topright 4674 2 3768 7 3735 4 3576 4 3571 2 3569 2
! thomason 4649 3
! toiletri 1369 2
! tranform 3042 1
! tautolog 4837 1 936 6 846 1
! teamaros 4693 1
! trujillo 3522 1
! taxonomi 4755 1 2170 1 1114 1 3876 1 4671 1 508 3 4648 1 2164 1 1979 2 1329 1 614 2 2130 1 1140 6 555 2 3883 1 1146 1
! treeless 722 1
! textbook 0 1
! toponomi 3026 1
! tubeless 1445 1
! telefoto 3592 1
! theassay 398 1 16 2
! timeless 202 1
! tongyong 1328 2
! tranquil 4066 1 3121 1 3098 1 3780 1 702 1 3117 1 2327 1 4673 1 2323 1 649 1 1376 1 641 1
! trigonom 4253 1 4239 1 4134 1 2454 1 4240 1 1350 1
! tungsten 2698 3 3267 6 2970 1 2585 1 2404 1 2287 1
! typeform 1087 1
! themsclv 2327 1
! trituran 3024 1
! titanium 2970 1 2585 1 2287 2 2403 1 1538 1
! testburg 4688 1
! teardrop 3810 1
! tantalum 3206 1 2585 1 3408 5 2828 3 2403 35
! theopoet 4583 1
! tassawuf 4958 1
! tireless 2883 1 1876 1 1632 1
! treasuri 4668 1 3028 1 722 1 3010 1 2780 1 702 8 2785 1 651 1 703 1 3026 1 2865 1 654 2 649 3 2783 1 593 1
! trialkyl 6 1
! tricolor 158 11
! tarleton 572 1
! trisquel 3541 2
! troponin 1162 2
! tailleur 798 2
! thursday 404 1 199 1 482 1 47 1
! techniqu 369 1 331 1 311 1 265 2 355 1 306 1 444 2 230 1 207 3 113 1 154 9 107 1 295 1 157 1 330 1 142 2 200 1 131 1 225 1 41 2 282 1 213 1 121 1 152 1 221 1 216 2 310 1 139 1 208 1 9 1 7 1
! textcomp 1513 1
! toeditor 4073 1
! torision 916 1
! township 3101 2 593 1 573 1
! trabesqu 583 1
! transwik 1696 1 1463 1 1925 1 1440 1 1437 1
! travesti 4648 2 1628 1 1585 1
! tuvieron 280 1
! tautomer 453 1 25 2
! tactless 2327 1
! toughest 1938 2
! teaspoon 3005 1 3607 1 4987 2 4246 1 4196 1 4357 1 4515 1 4699 3 3623 2 3526 2 2918 2 3717 1 3620 1 4014 1 2920 1 4472 5 1922 2 4089 1 4471 9 4865 1 3583 1 3728 1 4794 1 3415 3 3612 1 1642 1 4458 1 3543 3 3069 1 1612 5 3188 2 3186 2 4079 2 2915 7 2922 1 2916 5 4177 4 1338 10 1929 1 2914 2 4269 1 3284 4 3087 7 3105 1 1923 1 2911 1 1729 5 1723 2 3299 6 2105 1 4075 1 3552 1 2764 4 4219 1 2565 1 2762 4 2277 1 1695 1 1404 3 2665 5 3395 4 3298 1 1943 1 1746 2 2619 1 3617 2 2550 2 1675 2 2548 2 2292 1 2971 2 4767 5 1615 2 3652 2 2245 1 1989 4 1953 2 2921 4 1466 2 1951 7 1337 2 1928 1 2913 7 2460 2 2202 2 2005 1 1817 2 1604 3 1374 2 3738 2 1670 2 3471 1 3800 2 1666 4 1606 11 1924 3 3106 1 1439 1 2676 1 1964 1 1596 1 4248 2 1949 6 2298 2 4406 1 1593 1 2988 3 1921 1
! tatputra 2323 1 1877 2
! tympanum 3647 1 3638 1
! tablatur 3456 10 3187 1 3183 2 2968 2 3265 11 3283 2 2964 5 2959 1 2927 1 2960 9 2955 4
! testseit 3809 1
! testvill 4688 1
! todokeru 1300 1
! transpir 3102 1 3125 1 510 1
! typeless 265 2
! throught 4909 1 2865 1
! typesseq 3328 1
! tunnusta 4831 1
! teamwork 221 1
! tranclus 157 1
! tungstat 2698 1
! tapestri 3638 2 1025 2
! transmit 217 1 359 2 284 1 189 1
! thinnest 359 1
! tiberius 4416 1 2865 1
! tiramisu 237 2
! totalist 4582 2
! trespass 4771 1 4507 2 2875 1
! trompent 3743 1
! trueness 4066 1
! tightest 1423 1
! toiminto 4831 1
! tasukaru 1300 1
! tranmiss 2767 1 2598 1
! tscarnot 1888 1
! tastiest 1928 1 1612 1
! testvalu 3790 1
! teurgoul 1930 2
! tiaolewu 3016 1
! todolist 4378 1
! transorm 1056 1
! twistofr 216 4
! tymoczko 359 1 358 1
! tapeworm 231 1 229 2
! tombston 2902 1
! tasawwuf 4958 3
! trezento 3361 1
! turribus 583 1
! tinymenu 4279 1
! twinflow 2471 2 2450 1
! traditur 584 1
! tasukeru 1300 1
! teleport 3372 1 1624 1
! tenstrok 2772 16 2864 2 1739 2
! teststat 1835 2
! thetruth 160 1
! thompson 3149 1 2865 1 1750 1 1310 1 1872 1 1311 22 1309 1 708 1
! tartesso 3145 1
! trecutul 1286 1
! taskslot 4715 3
! televisu 2952 1
! testuser 4993 1
! textutil 4694 1 4279 2 1576 1 1573 1
! theretwo 397 1
! typesett 3913 3
! tangenty 4239 1
! theorist 4790 2 3900 1 4649 1 3296 1 3891 1 4749 3 3574 1 3454 1 2334 1 1872 3
! thornton 736 1
! tkorrovi 285 15
! terminus 2933 4 2932 8 611 1 2934 1 574 1
! territor 3026 1
! thyroxin 354 1
! tonkatsu 4251 3
! toolserv 3495 1
! transpos 4666 1 4550 1 4038 2 956 1 4697 8 4628 1 4606 1 1636 1 3462 1 3600 1 2390 1 3375 1
! tristess 807 1
! trottoir 2006 1
! tutorium 1514 1
! tigernut 1419 1
! timbuktu 3538 1
! thewinst 1509 5
! typewrit 3602 3 4350 2 1000 2 736 2 3057 1 4300 2 2772 1 2864 1 1306 1 3945 1 733 3
! taulukot 281 1
! turquois 257 1
! tutoress 504 1
! tempestu 593 1
! turnston 2897 2
! thankyou 444 1 132 1
! transitv 1022 1
! transmut 4755 1 4697 1
! tetonmus 3110 1
! transout 2322 1
! tinnitus 2210 8 1591 18
! tunnetut 4831 1
! tortious 4572 1
! tomorrow 404 8 371 1 199 1 221 1 166 2 253 2 84 1
! textstyl 41 1
! tortuous 3023 1
! traceback 3720 1 3334 2 3329 2 3696 1 3276 2 3715 1 3275 2
! telerabai 3920 2
! twoquizz 3149 1
! thanxxxx 3091 1
! tweedlede 49 3
! theravada 244 3
! tuckerbag 4125 1
! technical 4697 13 1186 1
! tomodachi 282 1
! tropicana 2677 2 2226 2
! tableland 3450 1
! theocraci 4632 1 911 2
! typecheck 4279 4
! taskreadi 4694 1
! threememb 6 1
! tomschema 2365 1
! tyrannida 2897 1
! talkspace 1241 1 1222 1
! tablegrid 2680 7
! takahashi 4692 1 3751 1
! testbench 4321 1 4320 1
! thraupida 2897 1
! trasladar 4548 1
! tunnelban 4690 1
! traldaran 2865 2
! trematoda 229 2
! thumbtack 171 1
! transcend 186 1 12 1
! treacheri 2323 3 1879 2 2341 1 2214 3 1492 4 572 1
! threepenc 1723 1
! toolchain 4694 2 4715 7 2505 1
! threadlik 3153 1
! throwback 1642 1
! tumoricid 3620 1
! turbinado 4808 2 2676 1 1440 1 1439 3
! threefold 4702 1 3663 1 1166 2
! teddybear 2471 2
! tarragona 3282 1
! tasmanian 2158 5 3069 1 1064 1 1032 1
! textfield 4330 10
! topologia 3889 1
! tuplespac 4694 1
! thumbnail 398 1 158 23 142 1 127 1 7 1
! technisch 4696 1
! tokenmang 3978 1
! transgend 4420 1
! travellal 3243 1
! treecreep 2897 3
! transcrib 352 1
! thylakoid 359 4
! thibaudin 4766 1
! theodosia 3021 1
! traducido 4772 2
! trademark 301 1 149 1
! techniken 4305 1
! telegraph 708 4 796 1 2751 1 4300 1 735 1 703 2 736 1 733 3 3945 1 2864 1 709 1 2403 1
! tickitali 4775 1
! tinbergen 142 1
! tippecano 703 3
! traduirai 1044 1
! trilobita 2205 1
! twigispec 1919 1
! tradesman 2015 1 709 1
! toevallig 1497 4
! tetrahedr 109 1 7 1
! tchadensi 4780 1
! throughal 2161 1
! tidentifi 3978 1
! totalfark 4870 2
! travaliar 1431 1
! tribesman 3145 1
! tradicion 3829 1 3024 1 1929 1
! tombrinck 831 1
! tareeqath 4958 3
! therapsid 226 3
! tourguide 1768 2 1504 3
! trackdisk 4694 2
! tricilini 4012 1
! tuckerman 3014 1
! typeparam 3412 1
! tanenbaum 4748 1
! tsimshian 1416 2
! targetnam 2371 2
! tradesmen 1459 1
! trinitali 4297 1
! typischen 1513 1
! teunspaan 1992 1
! tenebrosa 142 1
! trebuchet 4159 3 2858 1
! toiminnan 4831 1
! toothpick 2451 1 1666 1
! townshend 571 5
! trenchant 499 1
! turbiditi 4668 1
! ticysakta 258 1
! tuscarora 572 1
! threshold 4183 5 4648 1 2327 1 2685 1 2295 1 4693 1 1008 1 3343 1 2210 1
! temporali 4781 1
! thumbcapt 4463 1
! tworzenia 142 1
! teratogen 7 1
! torquilla 2897 1
! topograph 4047 1 2744 2 3813 1 2063 1
! tanztreff 3592 1
! tavaroita 4831 1
! transclud 388 2 180 1 165 1 157 2
! typograph 285 1 276 1 157 2 152 1
! trapezoid 3256 11 2875 1 3304 2 2389 3 643 3
! terminamo 1578 1
! technolog 479 1 322 1 316 1 398 5 492 5 320 1 319 1 315 1 246 3 394 1 300 1 233 3 298 9 252 1 299 1 483 2 248 1 317 1 223 1 243 2 169 3 216 1 310 1 241 4 171 1 218 5 12 1 311 1 217 7 121 2 88 1 249 1 142 2 232 1 326 1 301 1
! timberlin 1173 1
! tekemisen 4831 2
! thamnophi 2164 1
! taillight 4408 1
! targetdir 4715 7
! techniquc 2327 1
! tonyclark 1467 6
! toxicolog 3923 1 1641 1 1186 1 3620 1 1040 1
! trapeziod 3256 1
! tuulilasi 4831 1
! treemelon 974 1
! taraxacum 1928 1
! telephoni 3257 2
! tarkemmin 4831 1
! typetango 1875 2 1864 2 1874 2 1863 2 1873 2 1872 2 1867 2 1866 2 1865 2 1871 2 1848 2 1870 2 1847 2 1869 2 1846 1 1868 2
! talossani 4831 1
! telomeras 2540 1
! termitita 3192 1
! transceiv 4835 2
! transciev 4835 1
! transderm 4885 1
! transitif 1134 1
! trenecito 3592 1 3192 1
! tricuspid 1156 1
! triliobit 2205 1
! tarshiish 3026 1
! transsoci 4648 1
! teoftoken 3978 4
! tamarillo 2857 2 974 2
! technique 2327 1
! triangolo 4820 1 4818 1
! tributari 3102 1 2875 1
! trihedron 504 1
! trinitati 4297 1
! terveeksi 4831 1
! tanmatras 2323 1
! temporari 453 1 398 1 417 1 264 1 180 1 162 1 232 2 163 1 113 1 358 1 6 2 221 1 166 1
! tercakyjm 193 1
! theosophi 2865 1
! trueclass 431 2
! twentieth 12 1
! tradition 2865 1 1877 2
! therefrom 2323 1
! telemetri 2755 1
! tetramino 173 2
! typeclass 1738 1
! thirtieth 3054 1
! tremarcto 2274 1
! takeabout 3149 1
! thermidor 3469 2
! thysanura 2811 2 2263 1 2114 2
! trampolin 2817 1 1624 1
! trioxolan 4537 1
! tfnusjrnb 3592 1
! transfero 495 1
! terraform 2540 1
! tomatillo 4045 2 2046 2 1902 2
! tvartoken 3978 2
! tavuviiva 1267 1
! tcsaflush 4350 1
! teepurkki 4831 1
! transcept 2695 1
! transwiki 398 11 221 2 176 3 167 1 142 40
! trimright 4655 1
! truskawki 974 1
! trickiest 2379 1 1134 1 1074 1
! thecodont 226 1
! tautomeri 4537 1
! timestamp 4884 2 4653 1 4126 1 1585 1 4431 1 3041 2 1493 1
! telemusik 2698 1
! testimoni 3350 1 740 1 3296 3 3019 1 2323 2 3023 1 702 1 2804 1 3145 1 2805 1 649 1
! treatment 314 1 254 1 139 1 25 1 399 1 123 1 230 1
! triangulo 4252 1 4242 2 4238 2
! testament 398 1 56 2
! transduct 358 4 466 1 356 3
! tutorials 4139 1
! tinegrass 2471 1
! thanksgiv 2990 5 3350 2 2179 4 1642 1 1435 1 975 1 2180 1 1605 2 1308 1 1595 2 1716 2 1644 13 1669 1 1370 5 1645 2
! transient 123 1
! travelogu 3028 1
! toxostoma 2897 1
! thermomet 142 1
! tranquill 1431 1
! topdestin 2128 8
! tensiomet 1446 1
! takhallus 4958 1
! tempestat 142 9
! tempuksen 4831 1
! translusc 2046 1
! transofrm 3772 1
! thioester 916 1
! triphosph 453 1
! touchdown 754 1
! thesylvan 56 1
! tincidunt 3844 2 3843 2 3841 2 3842 2 3837 2
! tambourin 3025 1
! tasteless 7 1
! thirstier 1591 1
! timtowtdi 2320 1
! toalettet 2635 1
! totalview 4550 1
! tranquilo 4108 1
! transform 398 2 358 4 427 1 331 1 210 1 253 2 437 1 252 1 142 1 359 1 83 8 129 1 93 1 123 1 330 1 261 9 107 2 218 2 57 2 56 8 48 1 202 1 28 1
! tsukemono 4251 2
! tulisivat 4831 1
! tunnuksen 4831 1
! tiratorio 1123 2
! transment 4648 2
! turpentin 2471 1
! therapeut 4671 1 4584 1 3893 1 3620 1 2015 2 4670 1 1139 1 3789 1
! tdnestcnt 4694 2
! telephoto 4180 2 4034 1
! thiosulph 4051 2
! toadstool 3350 1
! toutouwai 2896 1
! twicetron 2830 1
! therapist 2015 6 2881 1 1591 1
! treasurer 4668 1
! tbycolumn 1630 1
! televison 2004 1
! toritaiyo 958 2
! totallyok 1591 1
! toussaint 3919 1
! treasures 2323 1
! trendsett 173 1
! tonoplast 466 2
! thcenturi 2865 1
! twothirti 2364 7
! tronisoft 3945 2 3861 2
! teleprint 3945 7
! trochilus 2897 1
! tailoress 504 1
! tripartit 251 3
! tcgetattr 4350 1
! territori 252 1 251 1 249 1 248 4
! thesaitou 4206 1
! touchston 4651 1 4582 1
! transclus 157 7
! trapezium 3256 1 2389 3 504 1
! tsugunori 3620 1
! toccolour 1748 1 968 4 504 1
! terrestri 487 1 229 1 226 1 210 1
! temeratur 122 1
! tienstrok 2864 3
! titusvill 709 1
! tzlepress 2908 1
! traitress 504 1
! tunnukset 4831 1
! typeerror 3275 2
! tcsetattr 4350 4
! tellurium 4053 1 2585 1
! transmiss 142 1
! tricolour 3054 1
! tassawwuf 4958 1
! teaetetus 3228 1
! tahoesnow 3057 1
! theresult 1504 2
! transltiv 1300 1
! transmitt 4873 4 4183 8 4490 1 4835 1 4648 1 3945 4 2698 8 3043 1 2767 1 3872 7 2814 1 3864 1 2830 1 3212 1 2288 2 2403 5 1504 1
! troglodyt 3025 1 2897 2
! tewindrow 3017 8
! transvers 107 2 96 1 95 1 94 8
! tokubetsu 473 1
! transcurr 4175 1
! testatrix 504 1
! testcross 1130 1
! trasistor 4392 1
! tynnyrilt 4831 1
! terrorist 709 1
! thesaurus 477 1 276 1 285 1 220 1 203 2
! taphysiqu 142 1
! tempertur 3230 1 2422 1
! textslist 309 1
! transport 3 1
! transpost 1630 1
! tuberosus 2515 1
! torquatus 2897 3
! thyristor 3595 2 4392 1 2452 2
! tuturuatu 2896 2
! tartessus 3003 1
! tasaluvut 4831 1
! telesurtv 337 2
! threadleaf 2471 2
! tardigrada 229 1
! tetradecan 122 1
! tlacaticeh 3694 1
! trochilida 2130 1
! theologica 4582 1 2865 2 4138 2 1983 1
! trasladado 142 2
! telefonica 4175 1
! texteingab 1513 1
! turtleback 2471 2
! tokenmanag 3978 2
! tomascheck 4859 1
! treebranch 3412 1
! theproceed 4697 1
! technician 4561 1 4101 1 4051 2 3110 1 2865 2 1311 1 2015 1 2706 1 968 2 3207 2 589 3
! terjemahan 1177 1
! tekopaikka 4831 1
! tetraonida 2897 1
! tolmacheva 3026 1
! temperance 4668 1
! trenitalia 3979 2
! thalidomid 7 3
! toarectang 1630 1
! tropicbird 2897 2
! tannenberg 248 1
! trochiloid 2897 1
! tracebefor 4279 2
! telegraphi 2949 1 2751 1
! theologian 4790 1 4775 1 4121 1 3118 2
! tordesilla 3450 3
! temminckii 2897 1
! touchesend 4356 1
! tomschafft 581 4
! theismaili 2831 2
! turtleneck 242 1
! tajalliyah 4958 1
! telenovela 991 1
! tichodroma 2897 1
! thienemann 1040 1
! thepoincar 4697 1
! teenkorean 4815 1
! tocapelota 242 1
! tyrrhenian 3003 2
! tagliatell 2490 2
! terephthal 2403 6
! twelvefold 142 1
! tetrachord 3462 1 3046 1
! thamudeenn 2883 1
! tetraploid 3873 5
! tridactyla 2897 1
! tweedledum 49 2
! tsukusanai 481 1
! thychonoff 4523 1
! tennenbaum 2865 1
! tennessean 708 1 574 1
! tetracosan 123 1
! tompagenet 235 2
! topographi 3647 1 2878 1
! tharenthel 3073 2 1678 8 2210 39 2977 4 3780 4 3070 2 1585 28 1259 3
! thraochotd 2804 1
! takoyakiki 3289 1
! techotopia 3966 2
! textobject 4813 3 4716 3
! totaldigit 2632 10
! triacontan 122 1
! technologi 4759 1 4696 1
! typographi 4902 1 2211 1 3016 1 1078 1 2688 1 2590 1 2577 1 2530 1 966 1 2616 1 1087 8 1513 1
! telekinesi 1624 1
! techtarget 4553 2
! texturelib 4694 1
! tonogenesi 1626 1
! tournachon 4031 1
! tegenkomen 1713 2 1459 5
! texniccent 1514 1 1513 2
! telekenisi 1585 1
! toimiminen 4831 1
! terreplein 3054 1
! touppercas 2366 1
! triviliati 1307 1
! ttlnotprac 2428 2
! tunnuksena 4831 1
! talkorigin 3901 1
! tandfonlin 3015 1
! tolowercas 2366 1
! transferas 211 1
! therapeuta 2865 1
! tangotango 1453 1
! tobybartel 1 1
! tennsoldat 4690 1
! thomascook 1504 2
! transwikif 221 2
! triangular 3789 1 4859 1 4375 4 4297 1 4736 1 2114 2 4047 1 4208 1 2014 1 3026 1 848 2 1648 1 955 1 2875 1 862 2
! tortellini 2490 3 1944 2 1441 2
! tertullian 3021 2 2865 1
! tajikistan 4021 2 765 1
! transhuman 4584 60 4582 4
! threadview 1186 1
! thousandth 251 1
! telwoorden 1713 1
! tenderloin 2194 1 2089 1 2049 1 1605 2
! testicular 3789 1 2287 1
! thermophil 1142 1
! trajectori 3955 9 2881 1 2073 13 3954 1 3808 1 2520 2 1750 1
! trifluorid 3626 1
! toxalbumin 589 1
! taskstorag 4715 8
! thoughough 4392 1
! tempclient 3363 1
! thirteenth 3046 1 1166 1 3462 3 2879 1 3459 5 2865 1 709 1 722 1 702 1 652 2
! triphthong 1414 2
! terminolog 499 1 473 5 330 1 297 2 417 1 494 1 318 2 331 2 293 1 83 1 152 1 398 1 329 2 208 2 142 1 305 1 107 2 56 1 298 2 48 1
! trasformen 4544 1
! timoshenko 4696 1
! trichinosi 2050 2 2049 2
! traversing 4547 2
! theeasiest 3149 1
! transferir 4162 1
! tryptophan 2932 1 1591 1
! transitiva 4281 5 4203 5
! tocopherol 2725 1
! trisection 4668 1
! taurinensi 3736 1
! traduction 1352 1
! trichotomi 480 2 493 2 318 3
! terpsichor 3145 1
! tragopogon 3873 1
! transversa 2874 1
! textwrangl 484 2
! tagliamont 3061 1
! thereabout 1165 2
! templetoni 4693 1
! thermopyla 3638 1
! thewordnet 4669 1
! tocquevill 1872 1
! triumphant 3541 1 1311 1 1306 2
! troublesom 282 1
! triclinium 498 1
! tratamento 3499 3
! transfinit 1426 4 1425 2
! transtypag 142 2
! tournament 3059 2 1692 1 3045 1 2881 1 4006 1 1718 3
! turnaround 3482 3
! trichoplaz 2135 1
! tairunthil 3073 1
! taittiriya 2323 1
! tenochtitl 3530 1
! thumbscrew 2930 1
! transplant 4052 1 4383 1 3789 8 1681 1 3760 2 2015 1 1162 1
! troubadour 3647 2 3638 2
! tunemybass 3220 1
! tlesstoken 3978 2
! technetium 2585 1
! tewkesburi 2779 1
! traceprint 4279 2
! translingu 2772 3
! transliter 490 2 405 1 194 2 193 1
! trochophor 229 1
! testimonio 3024 1
! tenderfoot 2014 1 1978 2
! telecommun 3343 1 2698 2 4563 1 1186 3 2341 3 2952 5 2322 2 2321 3 2755 2 1149 1
! tamarindus 974 1
! tablespoon 229 1 20 2
! taminglist 216 1
! texperanto 4616 2
! tinytermin 4694 1
! trasmetter 4065 1
! trustyguid 3480 3
! tartiflett 4079 11 1930 2 1595 2
! tplustoken 3978 2
! toothbrush 3389 3 1487 2
! translatum 2139 2
! theologist 4583 1
! texteditor 2531 1 4694 3 1829 1
! translator 2987 1
! tenstrokes 2772 5
! thermometr 3992 4
! townspeopl 1307 1 703 3
! transitori 4584 1 3780 1 2327 10 2323 2
! twoisoform 4697 1
! transcript 405 1 402 1 398 2 356 2 349 3
! transgress 4038 1 2323 1
! tensespres 809 1
! tashirosgt 3890 4
! telecommut 315 1
! thermostat 4558 1 4198 1 4984 1 1159 1
! thrombocyt 1155 1
! topologiqu 4193 1
! touchesmov 4356 1
! thumbprint 1438 2
! tanbuuriit 3026 1
! techreport 2403 1
! thermophyl 2197 1
! trenchtown 2881 5
! territorio 3024 1
! toggletext 830 2
! temperatur 475 2 342 5 122 1 97 4 258 1 109 1 211 1 142 1 96 1 123 6 24 2 6 2
! textsorten 1513 1
! transkript 481 1
! theodosius 3026 1
! toprestaur 2669 8 2523 9
! tantamount 4648 1 1071 2
! tourniquet 2014 3
! transposon 1153 1 1138 6
! taxonomist 3876 1 1140 3 555 1
! transmettr 796 2
! transposit 142 1
! thinkquest 4292 1 3110 1 2865 1 2535 4
! tarquinius 4416 2
! thermistor 3595 1 3385 1 3267 1 2452 1 2404 2 600 1 596 6 518 1
! throughput 4183 1 3945 2 2322 1
! transistor 485 1
! terrorlist 3978 1
! takabejinja 4251 2
! tersediakan 142 1
! trasladando 4827 1
! trichinella 2197 1 2049 1
! toistuvuus 4831 1
! turbellaria 229 2
! tetradrachm 3003 1 2882 1
! taschenbuch 4696 1
! teotihuacan 3530 2
! ticonderoga 572 6 571 1
! tabenakatta 379 1
! theoretical 3149 1
! timestampad 56 1
! titledetail 1820 1
! tyryrtyryr 142 1
! tutankhamen 2340 2
! technicalti 679 1
! thalassarch 2897 1
! templatenam 444 1 241 1 56 2
! tachycineta 2897 1
! triglycerid 3620 3
! tripolitana 3026 2
! titleabbrev 3266 4
! tomakkerman 1460 1
! testudinata 226 1
! ttigheterna 4690 1
! tachygraphi 3751 1
! touchscreen 4356 1
! traditional 3053 1
! typelibrari 2669 1
! trancendent 1005 1
! tcnzzhefbqi 3592 1
! trayectoria 4239 1
! tellicherri 1473 1
! transwikifi 221 4
! trichoptera 2811 2 2263 1 2114 2
! toolsdaemon 4693 1
! telophasesh 1358 1
! tetracontan 122 1
! theosocieti 2865 1
! terminalcor 3243 2
! tweeduizend 1986 2
! tetrahedron 123 2 119 1 109 1
! triboelectr 3173 1 4105 2 2697 2 2421 3 2949 1 2684 3
! tclwikibook 1946 1
! thehartford 3960 1
! tadjikistan 765 1
! terminologi 4885 1
! treisprezec 1257 1
! temporarili 453 1 358 1 208 1 251 1 221 2 180 2
! theologicum 502 1
! taipuvainen 4831 1
! tastendruck 1513 1
! thermodynam 459 1 209 2 142 3 342 3 210 1 211 8 123 1 93 8 40 1 39 1
! thiocyanato 369 1
! trainingkit 4350 1
! tranquilati 3121 1
! tapauksessa 4831 2
! tiermedizin 2246 1
! technicolor 736 1
! trypanosoma 3900 1
! termination 150 1
! transatlant 2767 1 827 1
! tratamiento 4788 1
! telusplanet 1820 1
! thunderbolt 3261 1 3025 1 1560 2 1558 2
! translation 150 1
! triploblast 231 2 229 5
! trulyrandom 3041 1
! terminaison 4140 1
! tricilinium 950 1
! trascurrido 4175 2
! temperaturc 2327 2
! thermometer 4668 1
! travailleur 3920 2
! tauromenion 3025 1
! threadcount 2291 1
! trigboxopen 2454 2 2578 1 2453 2 1351 4
! transmontan 571 1
! trackmonkey 1494 2
! transparent 4242 2
! tropomyocin 1162 1
! tuberculosi 2164 1 708 1
! tgsaxparser 2840 4
! tobytearray 3363 1
! tprinttoken 3978 2
! trigboxclos 2454 2 2578 1 2453 2 1351 4
! temakizushi 3579 2
! truncatiuon 4697 1
! tminustoken 3978 2
! taciturniti 4668 1
! tolkienesqu 3059 1
! trigonometr 208 1 177 1 260 1 106 1 99 1 330 1 104 1 148 8 83 1 58 1
! tienstrokes 2864 9 2772 18
! titipounamu 2896 2
! transductor 4648 1
! tracheophyt 2169 1
! technetwork 2319 1
! tachybaptus 2897 1
! tchakkazulu 2637 2
! transperson 4648 11
! transscript 1535 1
! tricarboxyl 209 2
! typewritten 733 1
! transurethr 3789 1
! theosophist 2865 1
! transportin 359 1
! tuturiwhatu 2896 1
! testosteron 3620 2
! transresist 3980 2
! tenuirostri 2897 2
! tropomyosin 1162 2
! trustworthi 4748 1 3025 1 1628 1 4356 1 4696 1 2220 1
! tinnunculus 2897 1
! topazmurray 4894 1
! tormentisqu 583 1
! tropaeolacea 1974 1
! tonguetwist 1027 1
! trisubstitu 6 1
! throughtout 4232 1
! timohuicacah 3694 1
! talkpagename 3690 1 1414 1 959 2
! typographica 1087 1
! thebarbarian 2753 1
! touchesbegan 4356 1
! tettigoniida 2130 1
! transference 4668 1
! tinconderoga 572 1
! takoyakikado 3289 1
! traduccional 142 1
! transcending 2327 1
! theoretician 2819 5 2803 2 4697 1 2772 1
! toegankelijk 3562 1
! thelyphonida 2130 1
! thousandfold 2327 1
! transparenci 4668 1
! typeparamref 3412 1
! thimbleberri 4454 1
! takingitglob 3320 2
! totalitarian 251 2 249 5 253 2 243 4 218 1
! tetrachlorid 4537 1 568 2
! transmembran 363 1
! tegengekomen 1459 5
! tijdverdrijf 4754 1
! troglodytida 2897 1
! transcendent 208 1 142 3 56 2
! tupakoitsija 4831 1
! transylvania 1256 1 728 1
! thessaloniki 4697 4
! tenochtitlan 3530 1 3450 2 843 5
! theirfaculti 3296 1
! trescowthick 4169 2
! triplication 4668 1
! textbookicon 738 2
! tantejeanett 2605 1
! takuyamurata 4523 2 3416 2 2609 2 645 1
! thysanoptera 2811 2 2263 1 2114 1
! thunderbunni 397 2 186 4
! thejapanshop 284 2
! transconduct 3980 2
! textbooksfre 38 1
! transportado 3024 1
! tassigntoken 3978 2
! turkmenistan 4021 2 765 1
! thymiaterion 3025 1
! topoisomeras 1131 1
! textbaustein 4415 1
! transcurrido 4175 2
! taczanowskii 2158 3
! televisionau 2952 1
! theimmunolog 4383 1
! transcriptas 1141 2
! tavallisesti 4831 1
! trigonometri 177 2 142 2 67 2 56 1 54 2
! trignomentri 177 1
! tanaghrisson 571 6
! technologist 4094 1 4582 2 2327 1 2015 2
! transcontent 1308 1
! telefoonnumm 1497 2
! troubleshoot 49 1
! theinterpret 3296 1
! theresaknott 471 1
! twentysometh 3059 1
! transcursion 4668 1
! theaimsgroup 169 1
! televisorium 503 1
! thestonecutt 203 1
! thunderstorm 467 2
! thatnerdyguy 3731 2
! tmalmjursson 3598 1 2609 3 1619 3
! theophrastus 1040 4
! teitittelyst 4831 1
! trisubstitut 123 1
