! wc 4861 10 4690 1 4884 4 4279 1 1573 7 1576 1 2862 2 1272 2
! wb 428 9 423 1 422 1 169 3 389 4 414 1 391 4 383 2 176 5 270 1 410 2 175 2 272 5 413 4 177 8 173 1 220 1 174 1 409 1 167 4 165 11 417 3 135 1 158 2 387 2 152 2 160 1 149 1 56 4 150 1 385 2 139 1 444 4 162 1 397 1 491 3 145 2 427 9 380 3 171 1 180 4 157 33 90 1
! wd 4697 4 4392 1 2477 3 1487 1 754 1
! wg 3257 1
! wf 128 1
! wh 2865 1 2403 1 1573 1 888 1
! wi 166 1
! wj 142 1
! wk 4270 1 2956 1 1272 12
! wm 272 1
! wl 3592 1 2327 2 2996 4 2066 3
! wo 481 2 307 1 473 1 193 1
! wn 428 1 427 4
! wp 460 1 427 2 444 1 398 1 123 3 284 1 21 4 389 1 129 3 221 1 27 3 165 2 142 2 186 1 137 1
! wq 1830 2
! wr 142 1 48 2
! ws 477 1 337 1
! wu 379 1
! wt 406 26
! wv 398 1
! ww 404 1
! wy 1271 1 4697 27 1152 1 778 1
! wx 4697 1 3363 1
! wz 331 1
! wea 397 1
! wad 253 1
! web 3 1
! wha 1007 1
! wed 223 1
! wah 4113 2 3057 1 4541 1 1256 1
! wdg 1027 1
! wge 2309 1
! wna 307 2
! wpa 4693 7
! wic 3450 3 1190 1
! wee 1059 1 739 1
! wai 2865 1 2616 3 4432 2 832 1
! wfg 3417 1
! whe 194 1
! wie 214 1 142 1
! weg 4754 12 1513 1 3562 1 1457 1
! wci 1509 1
! wnd 4813 9 4716 9
! wei 4478 1 2609 2 616 2 2233 7 1890 1 2561 1 3701 1 2106 1
! weh 2632 1
! wdk 3742 2
! wgi 2952 1
! wal 1190 2
! woe 249 1
! wtc 1509 1
! wej 1041 1
! wam 2322 1 1270 1
! wmf 428 2 427 1 177 1 149 1 165 6 145 1
! wrc 2698 2
! wel 462 1
! wki 2155 1
! wlh 157 1
! wek 1272 2
! wij 1986 18 1713 2 1772 1 1497 3 1710 1 1465 1 4754 7 1459 5
! wan 4997 1 4432 2 2928 1 1638 1 1133 3
! wdm 1028 1
! wbn 591 1
! wem 4869 2 992 1
! wni 4270 1
! woh 4391 1 3057 1 2499 1
! wtf 142 2
! wap 2321 3
! wik 3394 1 1948 1 1728 1 2258 1 2225 1 1597 1 2887 1 1479 1 1594 1
! wxd 121 2
! wen 3016 2 1405 1 3057 6 992 1
! wil 142 1
! wim 148 3
! wxe 4697 1
! wsh 3958 1 1028 1
! wye 4198 1 4066 1 2832 1
! war 398 10 253 4 248 26 265 1 251 26 229 1 252 7 160 1 180 3 249 26 246 1 162 1 135 1 56 1 243 14 221 4 186 1 406 2 176 1
! win 380 1 173 1 398 1 431 6 475 1 379 1 251 1 249 1 165 4 121 1 56 1 48 1 223 1 47 2
! wml 3138 1
! was 498 3 485 1 428 9 369 1 175 4 458 3 470 1 190 3 481 2 379 1 282 7 285 5 495 4 307 1 319 1 416 2 366 1 158 3 355 1 393 1 431 1 417 1 409 1 208 12 499 14 111 3 402 7 108 7 496 4 397 13 444 19 493 2 202 6 396 4 394 1 491 17 375 1 472 1 371 1 353 1 133 2 330 4 427 20 292 3 389 4 289 1 279 1 473 10 267 5 463 2 266 5 460 1 265 14 253 5 56 49 252 5 449 2 51 2 248 24 142 1354 339 2 242 1 441 3 244 2 438 1 241 3 26 9 223 13 216 1 484 4 287 2 187 1 186 3 83 6 280 6 183 1 176 3 373 1 160 14 249 60 152 3 246 8 149 3 135 1 332 2 235 1 41 1 138 1 132 1 329 1 114 1 211 1 214 2 414 1 20 1 57 1 251 37 150 3 342 3 148 2 245 1 162 1 115 1 46 1 278 1 475 8 281 1 84 1 334 1 43 3 123 1 226 2 423 1 229 1 32 2 177 18 27 4 318 1 221 7 167 15 120 2 25 5 163 1 260 3 166 1 297 2 400 1 6 1 12 11 165 16 118 3 173 6 40 2 331 1 398 46 201 2 7 7 116 1 94 4
! wok 4042 1 1617 2 3289 4 3105 2 2225 3 2224 18 2922 2 1593 3
! wat 142 1
! whp 253 1 248 1 252 1 247 1 251 1 250 1 245 1 249 1 244 1
! wip 4693 1 3372 7 2246 1
! wom 2782 1
! wrk 3350 1
! wwi 398 1
! wbs 591 1
! wpm 2822 1
! wer 3004 1 2782 2 992 1 2609 1 2317 1 4427 4 1677 1 2800 7 963 5
! wau 3565 2 3145 1
! wav 223 2 142 1
! wlo 2865 1
! wno 4715 1
! won 499 2 200 2 223 3 427 2 402 2 285 1 428 1 47 1 282 1 260 2 398 5 444 1 491 1 48 2 186 2 160 1 207 1 46 1 111 2 484 1 249 1 108 1 165 1 208 1 49 2 56 2
! wtl 2301 1
! wyj 1041 1 892 1
! wzi 1270 1
! waw 4583 2 3149 1
! wet 2650 1 3299 1 4038 1 1934 1 2451 1 4655 1 3668 1 2916 1 4634 2 2327 1 2971 1 3206 1 2235 2 2464 9 2323 2 3125 1 2279 1 1445 2 2197 2 3983 1 3612 1 1591 1 3001 1 2014 3 4045 1 1695 1 1604 2 2403 20 1598 2 1338 1 1526 1 1884 4 1447 1 1486 1 1817 1 1394 1 1310 2 1959 1 1311 3 1487 3 3663 1 843 2 1096 6 1308 6 603 1
! wir 2782 1 4427 16 1513 6 1777 4 2106 5 1778 1 1489 8 1677 5 1490 2 3887 19 4869 1 2801 3 2800 4 4586 11 2317 4 1285 3 3729 8 825 2 963 3 1890 1 997 1 993 5 1200 2 970 4 2609 1 1022 1 1500 1 3004 7 971 21 985 1
! wis 2865 1 1096 1
! woo 3757 1 708 1
! wop 740 1
! wqo 4748 1
! wsn 2865 1
! wax 123 1
! wdw 2888 1
! wfu 4903 1
! wms 1575 1
! wit 221 3
! wto 252 1
! wsp 142 1
! way 127 4 380 3 396 2 465 1 216 6 498 3 207 10 113 8 266 9 460 4 169 1 473 2 352 1 399 1 467 1 491 7 167 1 458 4 402 7 499 14 358 2 385 1 444 3 384 1 431 15 381 1 428 2 331 1 416 2 369 2 175 2 486 1 387 1 375 1 181 4 472 3 356 1 453 3 342 5 295 1 392 2 330 6 427 8 282 5 379 1 253 2 56 18 447 3 251 1 57 8 154 1 445 1 248 3 51 1 318 4 221 6 418 4 213 1 16 1 192 1 389 2 186 5 383 3 475 1 278 1 373 1 176 1 177 2 371 2 174 1 173 2 265 5 168 1 166 1 165 1 260 7 163 2 49 2 246 2 149 2 336 1 139 1 135 2 132 3 131 1 129 2 217 2 120 6 411 3 214 1 117 1 14 1 211 1 408 2 160 2 355 3 158 9 111 2 308 2 405 1 208 7 285 3 91 1 241 2 441 2 47 3 150 2 43 1 240 1 46 2 40 6 237 1 484 2 90 1 284 6 477 1 83 3 36 3 142 12 242 2 48 2 419 1 222 4 25 1 28 1 252 1 58 3 249 2 152 2 6 8 297 3 397 2 200 1 303 1 12 2 115 1 162 2 21 1 417 4 220 2 123 4 223 13 29 2 148 5 398 38 201 5 298 1 7 4 204 2 157 4 108 1
! wfw 1222 1
! whv 2323 2
! wor 4861 1 3275 3
! wex 142 1
! wiu 2327 1
! wdz 4693 1
! wey 3017 2
! wiw 409 1 175 2 165 3
! wjw 142 8
! wot 1096 1
! wmv 3751 1
! wix 3057 13
! wnw 591 1
! wsu 4116 1 2865 2
! wxs 2865 1
! wow 491 1 339 1 136 1 499 1 223 1 142 1 56 1
! wiz 3614 1
! wsw 591 1
! wwu 3449 1 721 1 3620 7 720 1
! wxt 4715 2
! wxw 4697 1
! www 477 6 392 1 484 4 286 1 281 1 375 1 422 2 482 1 291 1 282 2 476 1 423 1 470 1 421 1 471 5 374 2 177 3 330 1 312 1 453 5 394 2 491 2 391 1 389 1 192 1 349 1 396 1 490 1 230 1 462 1 265 7 321 2 418 1 221 15 304 1 499 3 302 1 301 1 398 9 231 1 317 2 123 1 220 1 417 1 223 3 25 1 222 1 316 2 219 2 121 4 218 1 270 1 173 2 216 4 169 2 165 1 449 2 158 2 153 1 50 1 444 1 232 2 38 6 135 2 322 1 128 2 217 1 307 3 16 3 113 4 57 1 148 1 51 1 237 2 434 1 40 3 46 1 337 42 49 1 43 1 437 1 334 1 431 15 7 1 336 6 142 72 48 1 436 2 187 1 284 5 116 1 407 5 52 1 149 1 397 5 9 17 494 8 203 5 109 1 93 8 487 1 341 3 47 1 244 2 441 2 150 1 141 5 309 5 18 1
! wzw 4696 23
! webb 736 1
! wada 2403 1
! waad 3014 1
! weda 644 4
! wadd 2865 9
! waag 1457 1
! waah 193 1
! waka 504 2
! weed 242 1 167 2
! woda 229 1
! wade 216 1
! wage 251 1 246 1 47 6
! wjec 225 1
! weka 154 1
! wabi 284 2
! wcai 2881 1
! wedg 207 1
! wgbh 3892 1 3883 1 3873 1 2881 2
! wide 485 2 232 1 216 2 418 1 444 3 329 1 260 1 307 1 383 2 107 1 201 1 499 1 358 1 266 1 174 1 6 1 26 1 167 1 48 1 236 1 49 1 158 7 37 1 12 3 150 3 160 1
! whee 1406 1
! wege 4031 1
! wadi 3014 3 3145 1 3025 2 2865 2
! wake 249 1 135 1
! wald 1070 1
! wich 398 1 216 1
! wife 244 1 498 1 248 1 198 1
! woja 1329 1
! wima 2403 11
! waal 453 3 363 1 24 3
! wijd 1497 1
! wimb 4693 1
! wand 329 1
! wale 398 1 389 4 416 1 251 1 10 1 142 2 419 2 221 6 56 1 165 2
! weak 201 1 491 1 249 2 84 3 427 1 251 3 453 13 177 1 24 2 242 1 165 1 204 2 6 3 26 2
! woah 2534 1
! weal 4066 1 573 1
! wube 2865 1
! whoa 458 1
! weld 2403 1 1251 1
! warb 142 1
! welf 3701 1
! whig 4790 3 2783 3 703 17 708 1 829 6 574 5
! wigg 1439 1
! wild 498 2 160 2 242 1 142 1
! woch 4427 4 3729 2 3004 1 1066 1 985 3 997 2 917 1
! wska 3790 1
! womb 4770 1 2138 1
! whle 3320 1
! wane 398 1 249 1
! wike 2887 1
! widi 3541 1
! wend 115 2
! warc 2698 2
! wang 3450 2 3953 1 3053 1 1748 22
! wean 2688 1
! wick 389 1 223 22 499 2 190 3 497 2 152 4 493 2 339 2 491 19 444 25 192 2 282 6 235 4 488 2 441 6 165 2 142 43 287 1 187 2 173 20 135 12 88 1 89 2 460 2 366 7 84 2 291 4 56 70 113 6 285 2 55 2 40 4 86 1 132 4
! wifi 142 3
! wile 47 1
! wwhd 4693 1
! wbtb 2534 1 2210 2 1585 2 1591 11 1581 1
! ward 389 2
! waki 927 12
! wind 235 1 88 1 132 1 57 3
! week 499 2 404 5 427 4 402 1 398 4 444 1 285 1 47 1 282 1 414 3 253 2 176 2 411 1 223 2 180 1 222 7 152 1 199 3 265 2 173 3 160 3 428 2 240 1 56 3 142 18 280 1 208 1 90 1 251 2 339 3 40 1
! wali 4958 1
! ware 132 1
! werd 142 1
! wesc 2009 2
! whan 462 3
! wine 369 1 258 2 242 1 7 1
! wora 2319 1
! wubi 2379 1
! woke 2875 1 2765 2 2260 3 3083 2 1096 3 2936 1 2210 2 1678 1 1624 1 3780 5 1591 1 1826 2 572 1
! wail 392 1
! wahl 142 1
! weil 2782 2 2246 4 2264 2 1514 2 1513 2
! wiem 888 1
! wiki 2 3
! wipe 56 1 152 1 52 2 48 3
! wird 1066 2 2782 1 4869 1 1514 2 1513 5 970 1
! wisc 4279 1 4760 1 2865 1
! wlan 4693 1 3919 4
! wnan 2881 1
! walk 498 9 242 1 447 1 359 3 279 1 200 1 43 1
! wani 402 1
! wing 251 1 226 1 249 1 173 1 242 1 142 1
! wroc 890 1
! wood 495 1 482 1 342 5
! waar 4754 14 1713 7 1710 4 1772 9 1497 11 1459 11
! wolf 496 5 242 1
! werf 1458 1
! wank 1199 1
! wash 472 1 443 1 398 1 200 1 211 1 440 1 462 1 438 2 379 1
! wave 444 2 259 4 427 1 251 1 67 16 261 10 100 3 112 4 242 1 104 16 102 8 99 69 428 1 106 20 330 1 142 3 189 2 95 24 97 4 96 25 93 2 42 1 84 2 107 66 40 8 132 31 36 4 105 26 94 29 39 1
! wear 158 10
! weep 4063 1 3462 1 1740 2 4072 1 2323 1 4038 2 3025 3
! weim 1179 2
! wien 1710 3 985 2 2698 1 973 4 967 1
! wire 443 1 438 1 444 2 94 1
! wmap 2953 1 2698 1
! wsdl 3363 56
! wsgi 872 1
! wtih 473 1
! wall 466 1 358 11 428 1 359 22 464 1 142 1 349 1 280 2 168 1 7 1 352 1 438 1 231 7 229 2 158 2 230 2
! wyld 2939 5
! wspd 3363 1
! word 431 2 409 1 418 1 411 1 407 1 266 10 438 2 428 1 491 4 444 6 499 12 261 1 447 1 494 1 397 1 400 4 6 2 306 1 393 1 205 1 402 12 496 26 490 1 96 1 484 1 193 6 290 4 389 2 192 2 380 1 186 2 383 1 480 1 369 1 83 1 280 2 265 1 168 5 365 1 330 3 427 2 328 10 415 1 318 4 285 9 482 1 191 3 379 5 282 4 284 19 473 1 276 2 373 24 470 2 267 1 260 2 256 2 417 4 223 23 416 1 222 18 25 1 413 3 216 1 208 1 405 3 211 1 495 31 298 2 204 4 7 2 398 7 201 5 498 13 301 2 167 4 359 3 165 7 254 1 57 2 251 1 157 13 404 1 207 7 307 3 113 1 160 1 414 4 123 1 242 1 48 6 142 14 190 4 263 1 166 21 46 1 337 1 149 1 406 15 115 1 173 3 32 1 43 1 177 1 421 5 224 3 99 1 493 1 202 13 396 1 152 3 249 2 150 7 194 3 291 1 56 9 148 1 84 1
! welk 1710 5
! wili 2688 6
! wise 499 1 398 1 330 1 265 1 237 1 108 1 251 1 216 1 51 1 16 1
! webr 4748 1 3893 1
! wacs 739 1
! wein 2919 2
! whoi 3742 2 2161 4 1406 1 1185 1
! wong 3350 1
! wore 4790 1 3017 1 1096 1 736 1 3726 1 2340 2 570 1
! wotd 4505 1
! wohl 4268 1 3775 1 1736 1
! wilk 3689 1 708 2 502 1
! wari 3920 1 3673 1 2878 1 3759 1 3011 1 1636 2 1535 1
! whim 135 1
! wati 1177 2 1134 2 835 6 1133 3 833 14
! weer 142 1
! weri 4066 1
! whio 2896 2
! wive 3759 1 3059 1 2865 1 2778 1
! wurd 1178 7 967 7
! wwii 252 2
! wyne 462 1
! wann 4586 2 4427 5 3729 2 3004 1 3887 4 2317 1 963 2
! wish 499 1 418 1 413 1 298 1 149 1 243 1 402 1 391 3 414 1 410 1 318 1 249 3 398 4 495 1 472 3 331 2 491 4 444 1 303 2 282 2 135 2 417 3 276 1 248 1 379 1 285 1 169 2 216 1 90 1 278 1 186 1 185 1 176 1 411 1 181 5 106 1 267 4 173 1 494 1 165 1 142 1 330 1 56 3
! wink 1492 1
! wrap 473 1 359 1 249 1 226 1 167 2 158 2
! wren 2897 3 2896 5
! weet 1986 2 1710 2 1497 10
! whip 240 1 249 1 239 2
! wove 4959 1 4958 1
! wyki 4500 11 1148 2
! wymg 3592 1
! wamo 3098 2
! waft 1929 1
! weav 242 1 56 1
! waaw 4608 2
! wenn 2864 1 1489 2 997 1 1513 5 4319 1 1514 3 985 2 3141 1 963 2 4696 1 2396 1 970 2 2246 2 967 1
! werk 4754 1 1713 1
! wavi 4692 1 2875 1
! wisi 3844 2 3843 2 3841 2 3842 2 3837 2
! wier 1710 2
! warm 414 1 284 2 226 3
! warn 416 1 232 1 221 3 160 2 413 1 366 1 297 1 238 1 415 1 47 1 162 1 444 2 398 1 10 1 56 4 150 1 173 2 411 1 20 3 112 1 204 1 427 1 51 1 266 2 142 1 48 1
! waxi 123 1 122 1
! wdir 3363 1
! weir 3620 1
! weno 242 1
! wget 392 7
! wook 1324 1
! wori 3196 1
! wzgl 1070 1
! wyli 2605 1
! waay 1199 1
! wait 427 5 398 8 248 2 379 1 285 1 389 1 320 1 205 1 173 1 108 1 223 2 135 1 221 1 428 2 50 1 416 1 48 1 180 1 111 1 56 3
! winn 2952 1
! whet 2956 1 1096 6
! wayi 3593 1
! weit 1514 1 1066 1
! wimp 4748 1 4694 1 2322 2
! woes 1142 1 1140 1 508 1
! wasn 489 1 282 1 176 1 428 1 142 1 175 2 160 2 398 1 167 6 427 1 108 3
! wool 4690 2 3289 2 3026 1 3125 1 1447 1 722 1 4066 1 4391 1 2224 2 569 3
! waiv 3683 1 3017 1 4584 3 1059 1
! waku 1300 1
! walt 1872 1
! wasp 242 1 229 1
! whew 167 1
! whop 3920 1
! woon 3017 3
! wypi 1278 5
! wiuk 1630 1
! warp 3110 1 1738 1 2934 1 3739 1 2566 1 2698 1 2323 1 3289 1 2602 1 1634 1 1446 3 1307 1
! work 486 1 392 2 324 1 491 10 422 1 284 2 472 1 343 1 475 2 99 1 390 1 428 3 331 10 473 3 380 1 186 7 453 1 356 2 497 2 471 1 330 3 427 13 136 1 494 2 402 8 499 12 470 1 467 2 176 11 458 3 264 1 167 2 459 1 265 3 416 2 322 1 396 1 299 2 202 1 391 1 368 1 174 4 398 49 301 2 498 1 207 1 291 3 290 1 487 2 484 1 476 1 88 3 285 2 482 1 266 6 463 1 263 1 460 2 56 39 253 2 434 5 237 1 40 12 192 3 389 3 190 2 177 6 175 5 173 4 457 1 260 2 163 2 165 7 359 4 162 3 336 1 139 4 235 2 138 1 36 4 233 3 329 15 132 8 220 1 417 18 23 1 223 10 123 2 211 3 17 1 114 2 216 5 410 7 16 1 113 6 310 2 232 3 135 7 282 5 181 3 84 2 53 1 150 24 246 3 49 3 449 1 55 1 249 5 149 10 54 1 251 1 254 1 57 4 248 1 51 2 445 2 148 3 145 1 342 1 242 2 142 7 339 1 48 2 151 4 298 12 7 3 241 3 341 1 144 2 47 2 244 1 444 18 50 1 200 2 397 9 303 4 106 2 6 6 12 2 153 2 21 1 46 1 18 1 111 3 208 10 11 1 158 5 354 1 157 3 160 4 83 1 27 2 224 2 221 6 418 3 121 1
! warr 570 1
! welt 3026 1 1686 2 1066 1
! weyl 1070 2
! worm 309 1 229 18 282 1 231 1 278 2 38 2
! wium 4860 2
! want 480 1 388 1 391 1 460 1 266 3 473 1 423 2 428 9 221 7 418 6 397 2 303 2 497 1 256 1 496 1 396 6 493 1 499 10 111 2 208 4 402 3 393 2 158 5 355 1 392 4 389 5 387 2 190 1 57 6 254 2 207 1 404 2 307 1 260 4 390 2 293 2 289 1 242 2 88 1 285 1 281 3 267 2 56 25 450 2 253 3 447 1 330 1 133 2 427 12 233 2 417 6 223 9 26 1 123 1 416 2 222 2 201 1 398 24 204 2 183 1 380 1 186 2 273 1 176 2 175 1 173 3 172 1 169 1 366 1 265 1 168 1 160 9 47 4 441 2 244 1 444 3 50 2 249 2 152 2 149 2 83 1 180 1 216 4 122 1 167 3 120 1 90 2 484 1 232 1 135 3 177 4 248 2 251 2 54 1 148 7 336 2 142 7 49 1 181 3 472 3 331 1 40 2 138 1 187 1 46 3 43 1 297 1 494 1 491 9 6 3 241 1 153 1 282 12
! wikt 307 2 285 4 284 2 427 1 276 2 220 1 413 2 160 1 272 1 157 1 123 1
! wayn 2952 1 2871 2 1310 1 1308 9 2319 1 1945 1 1307 2 1311 7 1306 5
! went 495 1 402 1 167 1 329 1 251 2 177 1 108 1 223 2 181 1 135 2 249 1 111 1 56 4 220 1 132 1 27 1
! widz 1269 2
! wilt 462 1
! wims 1189 3
! woop 273 1
! worn 4884 1 2879 1 4541 1 3920 1 2877 1 2865 1 2323 2 2875 3 1449 4 2236 1 3110 1 1447 3 1884 4 1096 1 4454 1 1448 1 1486 2 1445 1
! woul 142 1
! wray 4647 2
! wtmp 2905 1
! wynn 4647 1
! wyom 2089 1 1307 3 736 2 703 2 655 1
! wosm 2016 1
! whos 4649 1 504 1
! whey 200 3
! wart 3578 6 660 3 3267 1 680 9 996 3 659 2
! wast 445 1 421 1 398 2 359 2 349 2 165 1 226 1 223 1 453 2 499 1 160 1 358 3 266 1 222 1 135 1 56 2 258 1 49 1
! wept 4063 1 2865 1 1096 1
! writ 398 1 142 1
! wyvi 4066 1
! waru 1300 1
! watt 246 1 157 3
! wavs 3751 1
! wazp 4694 15
! wert 1514 1 1513 1
! wont 416 1
! witq 4693 1
! west 253 1 248 3 482 1 251 2 244 1 243 1 252 2 142 1
! wiss 3026 1
! wolv 2804 2 2164 1 1979 5
! woot 142 1
! wist 4673 1 1986 1 1096 1
! wwls 142 4
! whiz 4066 1 3541 1
! witt 4697 4 3450 1 2025 1 504 1
! wors 248 1 221 1 165 1 473 1 200 2 491 1 216 1 282 1 162 1
! wort 491 1 142 1
! whys 431 1
! waxw 2897 3
! wwts 4587 1
! wisz 888 2
! wanda 3701 1
! wcdma 2321 1
! wagai 3017 7
! weege 4031 1
! wikia 165 1
! webmd 1938 1
! wanai 379 2
! wraak 1503 1
! wikib 621 1
! wella 359 1
! whale 709 2 2164 1 4648 2 4582 1 2156 1 3858 1 2133 2 4647 1 1979 1 1962 1 2698 3 4768 1 2882 1 1166 2 2138 1
! winia 890 1
! wield 428 1
! wobbl 4897 2 1447 8 1486 1 1446 1 4898 1 1444 1 1449 1 1199 1
! wrack 3979 1
! whcih 358 1
! wikic 398 9 175 1 56 2
! watia 4603 1
! welch 4673 2 3004 9 1876 1 1513 1 2106 2 2447 2 2804 2 736 1
! waffl 4023 2 3393 2 3387 3 3299 2 1595 4 1661 9 3928 1 3290 3 2115 1
! wakam 2009 1 2008 1
! wchan 1573 3
! webgl 3372 13
! wheek 2443 3
! widdl 2879 1
! wilma 1795 3
! wreak 3059 1
! witha 359 1
! wanna 444 1 142 1
! weigh 475 2 56 1
! wmfpa 1283 1
! wakan 3483 1
! wareh 359 1
! watch 491 2 484 1 427 3 417 3 49 1 398 1 444 1 257 1 248 1 199 1 222 1 242 3 157 5
! wendi 3428 1 2669 1
! wikif 1747 1 1561 1 524 1
! wiree 1630 1
! wolff 123 7
! wreck 157 2 83 1
! wheel 229 2 482 1 282 1 142 1
! weben 2403 1
! whine 4392 2 4098 1 2443 1 4066 1 1426 1 1307 2
! wilck 2949 1
! windi 199 2
! wrape 87 1
! wierd 499 1 330 1
! widen 4454 1 2404 1 1447 4 1828 1 2059 1 1350 1
! wenig 142 1
! wagen 917 1
! wharf 1458 1
! walki 2698 1
! wchar 3221 7 2381 2
! weird 428 1 223 1 493 1 427 1 390 1 281 1 111 1 106 3
! witch 1573 1 1181 1 722 1 504 2
! woodi 2450 1 2434 1 974 2 1931 1 1938 2 2169 1 2251 3 2493 1 1173 2
! wegen 4697 2
! wiggl 4408 1 3727 7 3834 2 3759 1 1624 1
! waveh 3363 1
! waken 3579 1 2977 1
! waldo 3544 1
! weari 204 1
! whelk 1991 2
! wordi 3394 1 1867 1
! wtime 4550 3
! walli 3163 2 3056 2 3145 1 2865 1 3029 3 2784 1
! webri 431 3
! weber 4648 1 3701 1 2452 1
! wader 2897 2
! wacko 160 1
! wager 4138 2 2173 1 2092 1 1069 1
! wheat 462 2 200 6
! wider 444 1 165 1 158 1 48 1
! wikki 4372 1
! wilco 205 1
! woman 482 2 254 3 249 1 290 2 158 6 242 4 142 4
! world 3 1
! wepap 930 2
! winua 4693 1
! werel 1813 2
! wapen 1772 3
! wikik 174 1 169 1
! wouid 2323 2
! weeds 3739 1
! watan 4958 2
! wafer 3202 2
! witam 4270 1
! waren 1986 1
! whati 2862 2
! white 482 1 460 1 359 1 434 2 158 31 257 3 349 1 27 1 464 1 50 1 242 2 168 5 499 1 200 7 445 3 123 1 49 1 40 1
! willi 3790 1 1870 1 740 1 2881 1 3701 1 709 1 2334 1
! windo 3436 1
! winki 3017 1
! woken 1624 1 1591 3 1096 1
! wecom 4491 1
! wring 4072 1 4063 1 504 1
! width 0 10
! whore 1199 1
! wohin 2232 1 995 2 2227 1 993 1 963 2 810 4
! wonki 120 1
! wrath 4583 1 3638 1 4038 1 4775 1 562 1 4648 1 1876 1 504 1
! wxrld 3275 2
! wandr 971 1
! weren 416 1 402 1
! walau 898 3
! waait 4754 1
! women 290 2 371 1 246 1 142 2
! wolli 2471 1
! welll 2907 1
! walsh 3620 1 3266 5 3108 1 2874 1
! waste 4668 1
! weten 1986 3
! whith 1575 1 787 1
! willl 4449 1
! wimpi 3053 1
! woord 1497 1
! wound 331 1 251 1
! write 369 4 429 1 330 3 491 6 6 1 303 24 331 7 284 10 423 1 392 1 398 18 201 2 298 1 453 1 484 2 193 5 496 1 108 1 111 4 308 1 487 1 293 1 99 1 458 1 199 1 396 1 393 3 373 8 379 2 282 14 279 1 476 1 473 5 186 1 383 1 480 2 285 4 482 1 385 1 281 3 273 1 267 3 263 4 460 1 266 8 260 5 56 14 253 6 27 1 224 1 221 5 418 2 123 1 220 1 417 2 223 4 318 17 121 2 218 1 216 5 410 1 190 1 278 2 181 5 336 1 139 1 307 1 207 9 404 1 113 2 160 1 158 1 155 1 149 1 52 8 146 1 142 7 51 2 148 4 380 1 83 1 477 2 145 1 48 38 95 4 177 1 168 1 459 1 265 7 115 1 406 3 494 1 297 2 50 1 444 4 397 5 165 1 151 1 57 9 120 3 402 5 499 7 431 1 43 1 152 3 46 1 434 14 135 1
! wrong 422 1 499 3 493 1 282 1 329 1 216 1 473 2 285 1 427 3 174 1 265 1 171 1 453 1 242 1 383 1 7 1 176 3 458 2 223 1 180 2 175 1 48 1 330 1 142 5 163 4 398 6 491 1 162 3 208 2 160 1 402 1 167 2 251 1 278 1 90 1 186 1 56 3 84 1 460 1 472 1 49 3
! whorf 202 3 201 9 191 1
! wslog 3557 2
! wyspa 890 1
! woill 677 1
! winkl 1991 2
! whish 3412 2
! wagon 3185 3 703 2 2804 4 1311 3 2872 2 2817 2 917 1
! welsh 4947 1 4616 1 4066 1 570 1 3022 1 3160 1 1059 1 4790 1 2881 1 2046 3 2057 3 4152 1 2788 4 621 1
! waxen 1096 1
! wbook 3412 1
! wilds 1591 6 2210 7 1585 2
! wypij 1278 3
! wijdt 1497 1
! worng 428 1
! wikip 4184 6 3498 1 1747 1 1545 1
! whirl 4826 1 4958 1 2323 3 1879 2 504 1
! wiper 2750 1
! wortd 1498 1
! whisk 4285 1 3652 5 4767 1 3617 1 4044 14 4987 1 3310 2 3292 2 4269 1 1923 2 2613 2 2380 1 2244 1 1439 3 1666 3 1664 4 1526 1 1596 2 3278 3 3245 1
! wight 1743 2 1179 2
! wrote 411 1 366 1 142 1 282 1 398 2 177 1 108 1 246 1 173 1 291 1 406 2 285 1 152 1 111 1 56 3
! water 487 1 462 2 475 6 365 1 342 2 239 2 354 3 466 1 359 5 453 20 258 3 352 3 251 1 242 1 226 8 229 7 200 3 482 1 106 6 353 1 118 2 24 1 26 5 20 2 349 3 96 19 27 1 94 2 123 5 499 1 358 4 6 13 246 1 189 2
! wezen 1986 1
! warti 2248 1 962 1
! wiecz 888 2
! wiser 56 1 51 1
! wooer 4066 1
! widzi 1278 3 1270 1 1269 1 1272 1 892 2
! woven 4454 1 3759 1 3662 1
! wikis 2210 2
! wahey 1252 1
! waver 2327 3 2323 19 1884 2 1880 8
! wbxml 3199 2 2321 14
! wheez 728 1
! whyte 4648 1
! weiju 4693 1
! wikit 496 2 495 2 379 12 369 1 204 16 224 2 498 4 406 10 199 2 373 1 166 2 405 1 198 1 165 1 7 1 145 1 123 1 157 3 410 1 205 1 194 1
! watti 4831 1
! wirth 116 2
! words 4669 4 3144 1 2323 1 4670 1 4714 1 4671 1 810 2
! whent 1356 1
! whorl 1752 1 603 1
! wikiu 135 1 368 1 113 1
! worth 444 2 417 1 383 1 298 1 265 1 330 1 284 1 253 3 410 1 249 1 216 1 404 1 427 1 174 1 221 1 428 3 152 1 175 1 120 1 56 1 263 1 186 1
! wundt 2334 12
! wordt 4496 1 1458 1
! worri 499 3 417 2 392 1 458 1 375 1 330 1 284 1 273 1 181 1 267 1 428 1 165 1 373 1 120 2 147 1 266 2 427 3 414 1 46 1 57 1 248 1 6 1
! wryli 3014 1
! wolev 3615 3
! whois 1185 4
! wattl 3638 1 2179 1 2896 1 1696 4
! wbrew 1280 1
! whoop 221 8
! wpdos 4388 1
! wrapt 4038 1
! wiley 2680 1 2577 1 1629 4
! warum 4427 1 2782 1 3004 2 3815 1 2396 1 1514 1 2317 1 997 1 993 1 963 1
! werkt 4754 1 1986 5 1710 1
! wohnt 1777 1 970 1
! wittk 3620 1
! wshun 458 1
! wwwfp 1032 2
! widow 2783 1 2780 4 2874 1 504 2
! warez 142 1
! webtv 2952 1
! whoso 2865 4
! waist 4454 1 3900 1 2930 1 2577 1 2874 1 3797 1 728 1 2279 1 2114 1 1446 2 2263 2
! wollt 3004 1 2106 1 971 1 970 1
! weiss 4319 1
! warto 142 1
! wonlt 40 1
! winnt 3203 4
! warmt 1497 1
! watto 4831 1
! works 150 1
! wirey 3047 4
! woont 1710 1
! wyatt 157 1
! waktu 833 1 840 2 830 2
! winxp 2905 1
! wrist 2340 1 4408 4 2014 2 3834 2 3282 1 3238 6 1628 1 4476 1 2935 2 2825 1 2260 1 2210 1 4720 1 2558 1 1161 1
! wagyu 2023 2
! wsynp 3592 1
! wcrow 3778 2
! waltz 3759 1 3453 1
! worst 251 1 221 1
! wurst 2561 1 2232 1 1777 1 963 1 1808 1 993 2 3004 1 1200 3 995 1 810 3
! wxixw 4697 1
! wurtz 123 2
! wahhab 2865 2 990 1
! whacha 282 1
! wahabi 4958 1
! wmflab 171 1
! wallac 3900 5 2164 2 1153 2 829 1 1764 1 1114 1 739 1
! whyada 3449 1
! wicked 4062 1 2323 1
! wannab 216 1
! webcam 398 1
! whilea 4628 1
! waddam 4508 2
! wasabi 3579 13 979 2 1902 2 657 2
! waddel 3022 2
! wiccan 2215 4
! webgam 2579 3
! webpag 483 1 398 1 431 1 484 1 418 2 213 1
! webben 4690 1
! weweia 2896 2
! wmahan 3522 1
! wkahan 3304 1
! webaim 2322 1
! wemfal 4869 1
! warmia 3765 2
! wbabin 4859 3 2079 1
! webbas 3171 1
! weldra 3562 1
! waangi 2560 1
! waihek 2857 1
! wataan 2560 1
! webbin 309 7
! wglang 4415 3
! wrench 142 1
! wwwcdf 4279 1
! waaien 4754 1
! wendel 2865 1 1398 1
! wigmak 2006 1
! waraji 4768 1
! walden 964 2
! wargam 1442 2
! wdnweb 648 1
! weaken 251 1 248 1
! wikifi 114 5 84 1 398 1 113 1 43 1
! winuae 4693 2
! wigwag 708 1
! waisch 462 1
! wahdat 4958 2
! wegman 4031 2
! weinig 1772 3
! wherei 2862 2 1576 1 1573 4
! withal 4066 1
! wochen 1066 3
! wyclif 4790 3
! webdav 3295 1
! wolfel 3145 2
! webhat 1474 1
! wolfcm 4694 1
! widzia 1278 4
! wahrig 1027 1
! waitak 1059 2
! warden 739 1
! wattag 4567 2 3267 1
! webcom 2865 1
! welfar 4775 1 3920 2 702 2 4509 1 3098 1 4790 1 4066 1 2327 15 1306 1 593 1 2786 1 3108 1 2323 5 2788 1 649 2 4644 1 1838 1 641 1 735 1 709 1 1883 2 2016 1 651 3 646 2
! whitbi 3017 1
! wieder 2782 1 2233 1 1514 1 1500 2 1285 1 2396 1 995 1 1490 1 1200 1 985 1
! whoami 2862 2
! weblog 492 1
! wdmain 871 1
! wastag 445 1
! werden 142 1
! wretch 4072 1 4066 1 4063 1 4038 1 3023 1 1307 1
! warfar 248 2 221 1
! weider 3620 1
! wendat 1416 2
! whammi 2960 1 2930 1
! wiadom 1581 1
! wikien 416 2 165 2
! wiking 722 1
! wilber 4648 77 3780 1
! wisden 2578 4 1400 3
! witami 888 2
! webtoc 3266 1
! wajood 4958 1
! wriggl 3757 1
! webdir 4760 1
! wooden 4744 1 3292 2 3242 1 4690 1 4781 1 2917 1 708 1 4045 5 1628 1 4642 1 3055 1 4042 1 3375 1 3638 1 2879 1 3006 1 4869 1 2613 2 3372 1 3579 1 1671 1 4498 1 1439 1 2279 1 2882 1
! whitak 3534 1
! weasel 4768 1 1585 2
! wander 186 1
! welder 2698 1
! wikimi 2161 3
! wojpob 1992 1 3151 1 1956 2 1705 1
! wombat 4909 3
! wreath 4869 2
! wynrib 4570 1
! wyrick 2882 2
! wieger 3016 4
! worden 3121 1
! wiggin 1864 1
! wadler 3144 3
! wilder 2865 3 2014 2 3125 9 2340 1 3053 1 4736 1 708 1 2042 2 570 2 1311 1 1978 3 1872 1 3016 1 571 2
! wrangl 152 2
! webdev 4860 1 2530 1
! wormal 916 1
! weaker 165 1 251 1 126 1 26 1 453 3 24 3
! walrii 1558 2
! weimar 253 1 249 10
! wetman 4812 1 2098 1
! wfeidt 3427 3
! winder 3220 4
! wurden 1677 1
! widget 216 1
! whanau 2857 1
! wizard 4693 1 4043 1 3399 2 709 1 2535 1 3082 1 4673 1 1747 1 1186 1 4619 3 2364 2
! willen 3664 1 1986 1 3432 2 1362 2 687 2
! wholem 2027 1 1675 2
! wysoka 1275 1
! wagner 3701 1 708 1
! walkin 2605 1
! waterg 3616 1 1438 2 829 1 702 1
! waysid 3480 1 2471 2
! webern 3455 2
! werken 4754 4 1986 4
! wholli 398 1
! wombok 4841 1
! wonder 491 1 428 1 427 1 207 1 402 1 409 1 393 1 173 2 444 2 375 2 398 5 47 1 162 1 204 1 160 1 56 4 142 5 165 1 132 1 499 1 223 3
! warlik 460 4
! wollen 3004 8 1514 1 2106 5 1677 1 1513 1 1461 1 971 6 970 2
! welcom 0 3
! wealth 3663 5 4454 1 4783 1 709 1 1884 4 1918 5 1307 3 4120 1 4771 1 2327 18 4752 2 4047 2 1913 1 4038 2 4790 1 3026 3 3350 2 2865 1 2962 1 703 1 827 1 4416 6 3320 2 4775 2 4668 1 2340 2 3213 1 722 1 1985 2 1306 1 4737 2 3023 1 2881 4 2784 1 2325 2 3450 3 4766 2 3121 1 1882 2 2323 11 1741 1 2726 1 570 1 4485 1 3003 1 1311 2 573 1 3011 1
! wateri 2917 1 1967 1 2248 1 4368 1 2179 1 2909 1 1394 1
! weitem 1686 2 1066 1
! whould 4715 1
! wiener 4648 1 2967 1 2772 1 2561 1 985 2
! wigeon 2897 2
! wikiml 2692 7
! wilkin 4616 1 4583 1 3145 2
! wrybil 2896 3
! waller 1876 1
! weighs 1506 1
! walker 4584 3 4582 2 570 1 523 3 4377 1 3776 1 4038 1 3615 1 4649 2 4550 1 2952 1 571 1 2753 1 1070 2 4031 2 2881 1 4583 1 4066 1 3462 1 829 4 1509 1 574 3 573 1 2520 2
! weirdo 3736 2
! weibul 2388 1
! winamp 408 1 190 1 56 1
! whiski 166 1
! washer 4408 5 2865 1 1486 3 1487 4 1447 11
! webkit 3203 1
! weensi 186 1
! weight 447 10 427 2 207 1 20 1 428 1 198 5 221 3 15 8 153 1 383 1 168 3 237 3 248 1 200 5 354 3
! wether 4392 1 4715 2 2210 1 1680 1
! wondet 3017 1
! woolli 4066 1 2471 3
! wypili 1278 1
! willer 1311 7 1310 2 1309 6 1308 4 1307 16 1306 13
! wouldn 216 1 491 1 445 1 408 1 441 2 427 1 404 1 393 1 402 2 208 1 162 1 160 4 153 1 223 3 108 1 221 1 190 2 397 2 398 7 375 2 113 1
! weiner 56 2
! weevil 736 2
! weaver 3662 5 2772 5 2114 1 1628 1
! wilmer 708 1
! wisher 2327 3 2323 2 1880 2 1879 2
! wither 4012 1 3073 1 2865 1 1300 2 946 1 572 1 2327 9 504 2
! wittig 6 4
! witwal 4066 1
! wrinkl 4368 1 2698 1 3025 1 1967 1 4756 1 2259 1 3759 1 1130 1 2515 2
! wronli 48 2
! wallet 3078 1 4570 1 3920 1 3345 1 1300 2
! wapiti 2196 1
! wikner 490 1
! warren 3059 1 829 2 4066 1 3010 1 2772 3 572 2 1628 1 1693 1 736 1 735 1
! weapon 288 1 251 1 46 23
! wisdom 187 1
! wenyan 3057 1
! winrar 3390 1
! webssh 3171 3
! wallon 3271 1
! warner 3499 1 2865 1 722 1 736 1 616 2
! westem 2327 2
! winner 177 3
! wright 4760 1 3250 1 3449 1 3372 1 1538 1 3012 1 3773 1 3597 1 2882 1 2471 2 1268 1
! writen 3531 1 4120 1 3320 1
! wessen 992 1
! waiter 3004 5 1308 1 1431 1 1306 1 796 1
! woeful 3936 1
! warmer 4722 1 4113 2 4729 1 2930 3 666 1 2327 1 4368 1 1144 1 2179 1 2817 1 2014 2 3663 1
! worthi 397 1 284 1 398 1 253 1 56 1
! witkin 4031 2
! wortel 1931 1
! wapato 2471 1
! wczyna 890 1
! workin 56 1
! weiter 2246 2 1736 1 1300 1 992 1
! whhter 4431 1
! whiter 502 1
! wissen 3141 1 1485 1 2782 2 1027 1
! worker 249 5 200 1 158 2
! wysoki 1275 1 892 1
! walter 121 2
! waiver 1402 1
! warmth 3759 2 2930 1 4736 1 2327 2 1848 1 4180 2 1762 2 4897 1 2323 5 1741 2 1497 1
! westar 4422 1
! walpol 4063 1 4038 1 2783 6
! werner 4671 3 3701 2 3117 2 2767 1 1872 1
! whoopi 1876 1
! waxhaw 572 1
! wakeup 1661 2
! whippl 4180 1
! worsen 285 1
! wyswig 3203 1
! welter 570 1
! wenyen 3057 1
! wubizi 2864 1
! websit 339 1 484 4 437 1 417 1 398 2 321 1 255 1 56 3 291 1 216 1 223 3 177 2 173 1 284 1 115 1 491 1 444 4 397 2 282 1 121 3 167 1 43 1 158 2 494 1 165 1 142 3 149 2 171 1 391 1 113 2
! wartim 251 1
! wakaru 379 2
! waster 1069 1
! wctype 2381 2
! westin 2523 1
! wetwar 160 1
! wilent 4693 1
! winter 252 1 404 1 9 1
! writer 499 2 434 1 393 1 285 2 494 1 223 1 398 3 167 1 139 1 216 1 56 1
! whomev 491 1
! woohoo 444 1
! withno 3620 1
! wikiso 3368 1
! widest 4771 1 4616 1 3002 1 2327 1 1447 1 3776 1 1166 1
! wakasu 1300 1
! wasser 142 1
! walton 593 1
! warsaw 252 2
! wetter 4045 1 2340 1 2264 2 4368 1 963 4
! wilbur 398 1
! winwin 4673 1
! wester 3025 1 2956 1
! waylon 3046 1
! weissm 4694 2 4693 1
! wikiot 402 11
! wilson 398 1
! writsi 2048 1 1626 1
! wataru 1300 1
! wasson 3593 1
! watasu 1300 1
! wesley 397 1
! whistl 4616 1 2451 1 3957 1 3185 1 3125 2 2443 1 2289 1 1503 2 1871 1 2079 1 4688 1 1951 1 1591 1 943 3 1306 3 2881 1 1018 1
! whittl 4748 1 708 1
! wierzi 1270 1
! wrestl 186 1 177 2
! wirito 242 1
! whosev 4066 1 1167 2
! window 163 5 232 2 485 1 301 1 488 1 88 1 417 1 336 10 321 1 408 1 431 3 337 1 291 1 56 2 265 7 121 2 190 2 282 1 329 1 115 1 162 1 444 2 484 2 157 7 280 1 418 1 142 6 320 1 90 3
! wysoko 1272 14 892 1
! watson 3296 1 3412 1 2334 2 3213 1 2523 1 4756 1 2392 5 736 1 3266 2 934 1 2015 2 1153 2 1131 3 1906 1
! waxmop 397 2
! wilmot 703 1 574 4
! winzip 3390 1 3020 1
! wowser 142 1
! waseru 379 1
! weston 4031 2 1307 1
! wonton 142 1
! wareru 379 1
! wallow 4582 1 3025 1
! whilst 405 1 398 1
! wikist 4184 1
! wisest 56 1
! wolfox 4360 2
! wyzant 453 3
! warmup 2014 1
! willow 3462 1 2897 2 2471 2
! wolsey 4038 2
! willst 3004 2 2801 1 2106 1 971 1 970 1 825 2
! walnut 462 2
! winnow 3025 2
! wbzurp 4750 2 1451 2
! warsow 3045 2 2295 1
! warhead 740 1 573 3
! wahhabi 2865 3
! whearea 4692 1
! whatcha 3790 1
! wildleb 2561 1
! wreckag 1311 1 1310 1
! wayback 2691 1
! wigilia 3765 2
! webspac 1151 1
! wearabl 4584 1
! wikifam 444 1
! weekend 142 1 397 1 221 1 56 1 414 1 40 1 160 2
! wildlif 3125 1 2865 1 2037 2 4761 1 1978 3 1416 2 4180 1 3102 1 1144 2
! wycliff 4729 1 3663 5
! wikicod 56 1
! wikiped 158 17
! workabl 402 1
! weichen 2782 1
! wikipag 398 1
! webblog 142 1
! wichita 1724 1
! wmheric 1362 3
! welchen 3004 1 2800 1 1163 1
! wachold 1657 1
! webchat 169 1
! warfare 4668 1
! winemak 4434 1 3554 1
! wetland 1979 1 3638 1 603 1
! wordend 4655 1
! wqwdsad 142 1
! wiejska 3765 2 1595 2 2200 2 3357 2 2462 1 2461 3 2085 2 1605 2
! wikilif 4975 1 2207 3
! willard 342 2
! william 499 1 246 2 158 9 447 1 194 1 434 6 9 1
! writabl 4119 1 4056 2 3041 2 935 1
! wjbeati 4748 2
! wikibas 2539 1
! wildcat 733 1
! walikan 830 1
! whatrec 1820 1
! wayland 4063 1 4038 1
! webshel 3171 1
! wiseacr 3350 1
! welcome 142 1
! wilfrid 3751 1 1554 1
! wernick 4600 1 2804 2
! wolmail 2865 1
! woodhen 2896 1 2158 5
! woodman 2882 1
! widzici 1269 1
! walkman 3759 1
! welcher 3004 6
! wagtail 2897 7
! wnsembl 2111 1
! webwind 2139 1
! weigher 3025 1
! whereof 702 2 651 1 649 3
! wikibok 131 1
! wikisci 4906 1 3369 1
! wiseman 504 1
! wichtig 1513 1 3775 1 1285 1 2391 1 1066 1
! wardrob 4736 1 3757 2 1047 1
! wardini 3026 1
! wiwaxia 2759 1
! waitpid 4884 3 3041 1
! walshii 2874 1
! wapenen 1772 1
! wikiveg 1646 1
! wilhelm 249 2 248 2 123 1
! wolfram 3883 1 3304 1 3190 1
! wanadoo 3920 2
! watcher 3023 1 2136 2
! wheeler 449 1 132 1
! wheaten 3573 1
! wikinod 93 2
! webisod 3059 1
! wichtel 4869 1
! watashi 1384 1
! wryneck 2897 1
! warlock 3017 1
! warplan 251 1
! warsawa 1820 2
! wavelik 4859 1
! wealthi 434 1 56 3
! widgeon 2156 1
! wildfir 4555 1
! willing 135 1
! windmil 2954 1 2952 5 2717 1 2702 2
! wanneer 4496 1 1465 1
! weekday 3811 1 4863 4 2673 1
! waldorf 3616 1 1595 2
! warwick 2780 1 2779 3
! weblink 4748 4 3966 1 4835 1 1315 1 940 2
! wieviel 2782 2 1484 5 963 3 825 1
! windier 2340 1
! warbler 2897 59 2896 1
! webawar 366 9
! webxact 2616 2
! withold 4138 1
! wrongdo 4572 1 2327 1 2323 2 736 1 735 1
! warning 2865 1 4668 1 4053 1 1538 1
! weighti 4038 1 2883 1 1166 1
! weiterf 1513 1
! whichev 52 1 158 2 48 2 20 1
! wilford 3026 1 703 1
! woorden 1816 2
! writeen 3772 1
! woodier 975 1
! wallpap 3398 1
! workman 3597 1
! wellcom 398 1
! wikirel 1494 1
! weinmar 251 1
! winesap 2150 1
! waltari 1267 1
! wikihol 491 1
! winsock 4169 1 4116 1 1028 2
! wndproc 2341 1
! working 4215 2
! whiplik 3153 1
! waarvan 1710 2
! worlder 4633 2
! website 4884 1
! weather 482 1 251 1 444 1 284 2 199 8
! webcast 616 2
! wandern 971 4 967 1
! writing 4668 1 3145 1 2865 1 3149 5 1739 2
! warieti 4279 1
! wenzahn 1928 1
! wikbook 153 1
! wayward 4766 1
! wishbon 2878 1 2179 1
! walther 2416 1 1128 1
! watelet 3026 1
! watteau 4766 1
! wernher 1872 1
! widzimi 1269 1
! withpen 3107 1 2996 3
! wormlik 229 1
! warthog 2114 1
! wounder 397 1
! warlord 251 5
! wampler 3296 1
! wavelet 1350 4
! wiskund 642 1 622 1
! wknight 4748 1
! wskakuj 1280 3
! wenburg 4582 2
! wenedyk 4616 2
! workday 3108 1 1307 1
! wascool 4392 1
! wikitre 2161 1 1813 2
! witloof 3928 1 2331 1
! welwood 4038 1
! wikibot 2336 1
! winelvi 1830 1
! woodhul 709 3
! wordnet 4759 2 4669 11 4122 1
! writeln 4215 2 3978 1 1652 14
! wininet 4968 1
! wiritng 2609 1
! wrapper 142 1 431 1 311 1 121 3
! whisker 2897 1 736 1
! waldron 3213 1
! wandert 971 3 967 1
! watersh 485 1
! webmast 398 1
! wysiwig 398 1
! wohnung 1890 1 2262 1 1777 4 997 2 972 2
! warship 251 1
! whowher 2865 3
! wysokog 142 1
! wilfryd 3751 1
! wikidot 4043 2
! wastrel 1308 1
! weakest 24 1
! webster 4066 2 3471 1 3394 1 3234 4 4038 2 4676 1 1186 3 4063 1 593 2
! weppner 1069 1
! witdraw 2839 1
! writtem 223 1
! wtalyfo 3615 1
! wnissen 1992 1
! wenamun 3021 2
! websurf 2605 1
! wilsoni 2896 1
! wikifiy 1560 1
! wikinew 427 7 272 1 398 2 93 2 434 4 225 2 220 3 56 2
! warrant 413 1 132 1 249 1 24 1
! weasley 1872 1
! whisper 4746 1 3441 2 3026 1 4648 1 2698 1
! wiktion 113 1
! worship 3026 1 4038 2 4958 1 3638 1 4584 1 3025 2 4668 1 3023 2 3021 2 2881 1 2971 1 2877 1 2873 1 3100 2 2865 13 3055 3 1880 3 648 1 2340 2 2323 28 4062 1 2990 1 1307 1 571 1 1882 2 2327 1 3024 1 3144 2 2909 2 1414 1 1308 1
! wildest 4072 1 4063 1
! whooper 2897 1
! written 475 1 408 2 293 1 477 1 385 1 329 1 282 4 398 2 449 1 496 2 416 1 165 1 480 1 383 1 373 3 413 1 366 1 330 2 48 2 491 1 297 1 303 6 397 5 494 1 285 5 473 1 273 1 266 2 460 6 265 2 260 4 253 4 249 1 484 1 193 1 417 1 223 1 462 3 268 1 221 4 318 2 177 1 263 3 216 1 183 2 154 1 57 2 336 2 142 3 133 1 121 2 150 1 444 1 56 7 291 1 220 1 123 1 114 2 405 1 208 2 499 2 111 1 54 1 148 1 120 3 284 8 187 1 181 1 472 1 278 1 375 1 43 1 40 3 331 1 190 1 162 2 256 1 173 2 58 1 207 6 160 2
! westmin 349 1
! wojnicz 3751 1
! wermter 4647 1
! wikisql 56 1
! wesnoth 3045 2
! woodlot 3102 1
! wrought 3663 1 1096 2
! wardriv 4324 1
! wolonti 397 1
! western 282 1 252 2 307 2 277 2 244 1 248 2 56 1 217 4 243 1 251 3 218 1 158 4
! wikifur 175 6
! wouldnt 4392 1 2512 1 3016 1 1831 1 1749 1
! wikihow 4693 1
! wiscorp 232 1
! wisywig 1513 1
! warrent 1585 1
! weitaus 2782 1
! wikirul 2956 1
! writtin 4768 1
! wikitex 1718 4
! whiskey 1416 1 736 1 4433 1 708 1 593 1
! woolley 739 1
! warmest 4898 1 2434 1 604 1
! warnest 951 2
! waroqui 3449 1
! wikilov 3561 1 3560 1
! wikinot 398 2
! windsor 2855 2 2787 3 2784 4 1595 2 2783 7 1758 2 1492 1
! wtrmute 4579 2 3565 2
! webserv 418 1
! whosoev 4958 1 3025 1 2865 10 1167 5
! windsun 4377 1
! webhost 4860 1 3042 1 1627 1
! warrior 444 1 428 2 221 5
! whitney 246 1 142 1
! wikvers 398 1
! willnot 3149 1
! writeup 240 1
! whatnot 398 1 389 1 397 1 392 1 282 1
! whitest 1394 1
! winnett 2883 8
! webwrit 2605 1
! windpow 2952 1
! wolcott 593 1
! wortakz 1018 2
! wouldst 3025 1
! wellspr 502 1
! worsley 1624 1
! winston 2784 1 3350 1 1403 2 1876 1 739 2 2125 1 1870 1
! webtext 453 1
! windows 3722 4 3390 3
! wtintro 2403 1
! woodrow 740 1 829 1 4790 1 1864 1 736 1 735 4 728 5
! wipeout 422 1
! wysiwyg 398 2 216 1
! walport 4383 1
! winslow 736 1
! wwhwwwh 3525 1
! wilsonw 398 1
! walnuts 1724 1
! wintour 1870 1
! workout 3757 1
! widzisz 1269 1 888 1
! wirehead 2461 1
! whitefac 2874 7
! wikmedia 56 1
! wikpedia 4571 1 3432 1 4895 1 1700 1
! wikiread 4681 1 3260 2 1629 2
! wildcard 157 2
! wretched 2323 1
! wikidata 427 18 272 1 171 1
! wigfield 4279 2
! wikijeff 402 4
! wiredata 1685 2
! withania 3739 1
! wolfgang 4650 1 4427 2 4586 2 3701 1 2188 1
! winfield 708 2 574 1
! wilhelma 3701 1
! wikiland 499 1
! wisegeek 4377 1
! woodland 4771 2 2089 1 4770 1 1040 1 968 1
! writeabl 4279 1
! watchmak 4138 2 3043 1
! withheld 1802 1
! wikitech 169 3
! workplac 142 7
! wrappabl 1365 1
! welchman 1628 1
! waukegan 3250 3
! webdunia 2358 1
! wagstaff 3971 1
! wencesla 4766 1
! woodcock 2897 2 2156 1
! whitehal 4066 1
! wikilang 444 1
! wikizach 398 2
! wirklich 2800 2 2317 1
! woodpeck 2897 4
! workload 211 1 160 1
! watchdog 4082 1
! wikibold 1059 1
! widzenia 888 4
! wikispac 4080 1
! wiczenia 1316 1
! wikimail 968 1
! williami 1763 1 679 3
! waterfal 4454 1 3024 1 2702 2
! weinberg 2164 12 3773 1 1268 1
! woodchat 2897 1
! watchman 1308 1
! woolsack 1802 1
! wheatear 2897 6
! webwatch 4760 1
! whitcomb 1307 1
! woldemar 203 1
! worldcat 1685 15 1684 1
! wiedmann 2698 1
! workspac 4565 1 3326 1 4388 2 3508 2 2698 1 4748 1 1778 1
! whinchat 2897 1
! webrefer 3966 2
! wanderen 971 2
! waveguid 3343 5 2830 1 2816 1 2767 2
! whimbrel 2897 1
! whiteman 830 1 736 1
! wholesal 3936 2 2956 1 3273 1 2323 1
! wskakiwa 1280 1
! watchmen 502 1
! wisteria 4391 1
! winnipeg 1504 2
! winmodem 3541 1 1576 1
! wikiguid 3518 1
! washself 2441 1
! wikinerd 4849 1
! weingram 3889 1
! wikikuch 2093 1
! wilsonia 2897 2
! weblicon 2321 3
! withhold 4509 1 3541 1 708 1 1802 1 662 1
! woodward 708 1
! watchfir 2616 2
! woodford 2158 5
! westphal 4582 2
! worldwid 398 2 173 1 9 1 251 1 245 1 249 1
! whisking 3652 1
! whitepap 3266 1
! wechseln 3141 1
! wikibook 0 8
! wordmark 4385 1 3847 1
! woodwind 3110 3 2939 1
! wavenumb 105 1 100 1 104 3 99 29 98 1 96 1 106 2 95 3 40 1
! wedgwood 3900 1
! winnifri 3701 1
! writefln 121 1
! wxwidget 265 2 121 1
! woodruff 703 1
! wastepap 4025 1 2211 1
! workforc 246 1
! wichteln 4869 1
! wikilink 157 2
! weismann 3900 2
! whitemud 3029 1 3027 1
! wikiwiki 142 1
! willprob 3149 1
! woefulli 3016 1 2180 1 3028 1 1743 1
! writemat 4550 9
! wizardri 3865 1
! writelin 4547 1
! webworld 1186 1
! whitelaw 733 1
! whitgift 3320 1
! wiechert 2109 1
! winvorbi 304 2
! workbook 142 2
! watermil 2028 1
! wikiczar 2943 2
! waterlin 248 1
! westward 3638 1 3026 1 3025 1 827 1 722 1 3145 1 571 1 708 2 3023 2 570 1
! wherefor 4066 1 1165 2 4012 4 1007 1
! woodcarv 1978 1
! woooeeey 1624 1
! wikimanu 3605 1 3063 1
! winstein 568 1
! withdraw 4885 1 4038 1 4866 6 4537 1 3339 1 3638 1 2839 1 3920 4 1916 1 3020 1 1884 2 3012 1 3541 1 2900 3 2323 6 3921 4 1447 1 4784 1 1871 1 572 4 2781 2 708 2 3011 1 1445 1 740 1 2327 1 1867 1 739 1 2901 1 571 1 728 1 593 2 703 1 581 1
! wikiasit 4605 2
! warranti 150 7
! waveform 4489 1 3980 4 3343 4 3267 5 2706 1 2607 1 3207 2 2403 1 920 2
! webspinn 2811 1 2114 1
! writtein 282 1
! weaponri 1624 1 739 1 728 1 573 1
! worldkit 4609 1
! wikiform 274 1
! whatsapp 2279 1
! wpreason 3690 1
! winchest 3663 1 1802 1
! wheatley 571 2
! wirtualn 315 1
! wolverin 4768 1 4690 1
! wallmart 398 1
! whitewat 2042 2 1978 4
! windless 2323 4 3450 1 1880 2
! withdrew 251 1 248 1
! wholesom 1509 1 1394 1 2865 2 1560 1 650 1
! weakness 4668 1
! wearisom 2327 1
! waistlin 3789 1
! whitewin 4001 1
! wikisens 444 1 56 1
! wingless 2811 1 2114 4
! wireless 233 1
! wjgilmor 4741 1
! wikistat 397 2
! wildflow 2450 3 2439 2
! whistler 2698 3
! whelpley 4063 1
! washburn 4781 1
! wayneray 167 4
! wiltshir 2197 1 3010 1 1740 2
! washroom 3760 1
! wohnzimm 1777 2
! whohjvsi 4377 1
! wordstat 4672 2 4671 14 4670 6 4669 4 4668 5
! westwood 4354 1
! wallflow 2471 8
! worshipp 3023 2 2323 2 4958 1 4584 1 3021 1 3025 1 2865 2 740 1
! waktunya 833 1
! writviet 1626 1
! webstart 2319 2
! wanderst 971 1
! wikilist 1644 1
! whatsnew 9 1
! workstat 4498 1 3402 1 3059 1 1576 1
! whatsoev 499 2 398 1 150 1 249 1 162 1 165 1 160 1
! workshop 4697 13 3345 1 3966 1 3023 1 4860 1 2327 1 2902 1 2840 2 2805 1 4760 1 4668 1 3449 2 2233 1 4694 2 3025 1 1028 2
! wiwilson 4884 2
! woodwork 142 1
! wikilivr 1071 2 921 1 837 1 623 1
! wikivers 417 1 402 8 460 1 368 1 225 3 398 291 283 1 272 1 265 1 232 1 213 1 142 27 427 17 220 3 132 1 40 1 139 1 93 2 38 1 434 6 135 2 223 2 113 2
! wordlist 402 2
! whomsoev 4038 1 1628 1 1167 2
! waitress 4541 3 3004 2 970 1 728 1
! walaupun 898 3
! wallholz 4869 1
! warehous 242 1 232 1
! wishlist 18 1
! workflow 484 2
! worrisom 1641 1
! wikixbox 3495 2
! winehous 1870 1
! webquest 3618 1
! waterway 3102 1 2883 1 3450 1 2340 1
! waypoint 4736 1
! wellholz 4869 1
! westview 3761 1
! wholenut 3415 1
! wikiworm 491 1
! waarvoor 1710 1
! watchtow 843 1
! webbrows 2688 1 3171 2 2577 1 2605 1 2535 1 2531 1
! weymouth 27 1
! workhors 3864 1
! wxpython 3722 2
! wampserv 1504 1
! whimemsz 4615 1
! wikitext 417 1 220 1 156 1 167 2 113 1 146 6 139 3 158 1
! wormrunn 2435 2 2163 1 2047 1 2516 1 2026 1
! witblitz 3554 1
! wondrous 4632 1 1491 1
! wraptext 2392 1 1504 3
! writestr 4279 5
! wwnorton 453 1
! wikiquot 13 1 220 3 427 1 272 1 389 2 234 2 142 1 93 2 135 1 434 4 225 2 160 3
! wwwscout 4760 1
! worrysom 1641 1
! wysiswyg 2539 1
! westtown 4066 1
! westport 739 3 703 1
! wclysvju 3592 1
! whitehead 4648 1 2896 1
! wiracocha 4541 1
! wikimedia 426 4 389 11 428 3 417 3 307 1 423 5 419 1 418 1 416 1 398 31 444 11 491 1 415 1 274 1 253 2 241 2 225 1 366 2 220 6 173 4 270 1 223 1 177 4 221 2 175 1 169 22 120 1 167 1 375 1 93 2 234 1 165 6 11 1 434 2 111 1 158 5 145 2 427 4 157 3 171 1 56 19 149 2 160 8 113 4
! webopedia 4759 1 3428 3
! wikipedia 2 2
! waliallah 4958 1
! wiesbaden 3145 1
! wikiepdia 221 1
! weisbaden 2883 1
! wikimania 398 3 273 3 265 2
! wantedpag 152 1
! websearch 3428 1
! workbench 4694 48 4693 22 4715 10 4350 1 1980 1
! wochenend 3887 2 3729 2 3004 1
! woodbridg 3651 1
! wikikucha 1935 1
! wikidream 3495 2
! wikiboard 398 1
! whitfield 4653 2 1628 2
! wikicheat 3495 2
! weatherbi 1309 1 1308 4
! webiphani 2322 1
! wikidatan 427 1
! webobject 4204 2
! westfield 4066 1
! wielkanoc 3765 2
! wasteland 4648 1 2952 1
! whitespac 48 3
! woofenden 4109 1
! wechselnd 1066 1
! weathermb 1978 1
! worldwide 142 1
! wikispeci 272 2 234 2 220 1
! wieliczka 462 1
! woodchuck 962 1
! wmgleaner 2865 1
! webdesign 216 1
! wholefood 1419 1
! wikipedio 1594 1
! wallcreep 2897 2
! willesden 2881 1
! wagnerweb 4050 1
! wehrmacht 573 1
! weltkrieg 1066 3
! wikinewbi 1678 1
! withparam 2680 2
! wikirecip 14 1
! wikidraft 4970 1
! wordrefer 407 2 337 1
! whitetail 2874 1
! withstand 358 1
! welcomeip 381 1
! wendungen 2782 1
! whitefish 2551 1
! wapcaplet 1597 2 1594 2
! wealthier 2323 1
! wineberri 974 2
! webservic 3363 3
! wheatgerm 2027 2
! windowmak 1575 1
! wolfberri 974 2
! wednesday 223 1 404 1 199 1 482 1 47 2
! wasserman 359 1 358 1
! waterford 571 1
! worldforg 3495 2
! wrongdoer 4572 1
! withincom 3978 3
! wikilibro 427 1 142 2 180 1 150 1 149 1 176 1 156 1 56 1
! wavlength 2698 1
! weiterhin 1285 1
! wikiclass 398 1
! wikiindex 3184 2 2211 1
! wineglass 280 1
! witerhawk 3260 3
! whirlwind 485 1
! woodstock 1309 2
! worksheet 402 2
! wikivoyag 427 2 307 1 272 1 220 1
! watchword 4066 1
! webmaster 151 1
! weinstein 4648 2
! wenigsten 3775 1 1500 2 1490 1 995 1
! wikiworld 4748 1 1718 1
! waiguoren 3057 2
! wensuteng 3350 1
! withdrawn 3602 1 1880 2 2340 1 2327 2 740 1 1884 2 663 1 1741 2 1984 4 3203 1 2323 13 1311 1 1848 1
! wavefunct 4697 5 3695 10 3678 1
! wikistuff 142 2
! woodcroft 3054 1
! wherewith 708 1
! wikibooks 151 1
! waterborn 3096 1
! worthwhil 414 1 298 1 253 1
! whichsoev 1167 7
! wisconsin 843 1 3450 2 572 1 1400 1 2767 1 2698 1 1307 3 655 1 3339 1 4903 1 648 1 593 1 573 1
! withstood 3026 1 2616 2 2323 3 1114 1
! weststadt 918 1
! wirewound 2404 2
! wwwebster 4759 1
! weariness 4668 1
! windblown 1145 1
! webmonkey 2943 2
! wackybrit 665 1
! wikisourc 492 1 272 1 427 1 220 3 398 1 282 1 265 1 153 1 142 12 93 2 434 5 225 2 160 3
! watchlist 458 1 398 1 235 2 428 1 417 3 157 5 152 1
! whitefoot 19 1
! whiteness 4668 1
! worldview 244 1 201 1
! wheresoev 1165 1
! wrvoqufgp 4377 1
! werkwoord 1497 1
! whirlpool 2323 1
! wikievers 398 1
! wilkinson 3027 5
! wantarray 3041 4
! wichtigst 1513 1
! wallerton 4766 1
! webmuseum 3704 1
! whosesoev 1167 2
! whitelist 4748 1
! westernis 4767 1 3751 1
! withouten 4066 1
! waterfowl 3096 1 2158 2
! worthless 458 1 253 1
! wavefront 2079 4 2064 1 2063 2
! waterzooi 3928 2
! wordstart 4655 1
! wikilivro 150 1
! whitehous 3620 1 4647 1 2522 1 2228 2 733 1
! wikidsoup 3598 2 3048 3 1701 3
! woodworth 4063 1 4072 1 3012 1
! wordpress 398 1
! wikijourn 398 1
! wheatston 1632 2
! wordcount 4356 25
! webresult 2902 1
! whorehous 1307 1
! widthshow 4279 1
! wikigroup 113 2
! wikinvest 141 2
! wordsynth 4599 2
! wikiquett 175 1
! wentworth 2280 1 593 2
! workgroup 4693 3 3390 1 1576 1
! westminst 3450 1 2900 2 1802 1 1758 2 2788 1 2783 1 1416 2
! wikisolut 4906 1 1834 1
! wbstartup 4693 3
! wintermut 291 1 290 3 287 1 223 8 256 2 206 18 173 8
! wikivirus 142 1
! webxpertz 3966 2
! wolfowitz 3187 2
! webopaedia 4759 1
! weidenfeld 1554 1 3901 1 736 1
! wolkenband 3751 1
! wikimedian 427 1 220 2
! wheatfield 708 1
! wikipedian 221 1 460 1 165 1 160 1
! westphalia 4790 2
! weisendang 2865 1
! widespread 486 1 249 2 251 1 229 1 358 1 160 1 26 1
! wordsearch 113 1
! wonderland 221 1
! wookiechat 4693 1
! wordenboek 142 1
! willoughbi 3450 1
! wageningen 1398 1
! wellformed 4649 1
! waldensian 3118 2
! worldbuild 4605 1 4598 1
! widescreen 2952 1
! wannalearn 3110 1
! welwillend 3562 1
! wesentlich 2782 1
! westerland 4096 1 1388 1
! wikisophia 1718 4
! wavepacket 99 1
! witchcraft 3739 1 2780 1
! wholegrain 1407 1
! wittenberg 1650 1
! wzmacniacz 2774 1
! workingman 728 1
! whiteplain 4066 1
! winterberg 4697 1
! whitehaven 4066 1
! wikiconfer 4395 1
! widgetsinc 4688 5
! wettbewerb 4696 1
! wiedersehn 973 1
! wikollabor 1032 1
! widtvalign 2680 1
! wavelength 101 3 96 5 104 1 99 2 7 1 95 4 106 7 25 1 94 1 67 5 21 2 102 6 36 3
! weddingscr 4182 1
! windbeutel 2561 1
! wholeheart 4805 1 3053 1 1044 1
! worldlingo 3311 2
! wictionari 223 1
! wiktionari 477 1 279 38 389 2 13 4 220 3 406 1 337 1 284 1 307 3 272 1 225 3 157 1 221 1 93 3 234 2 494 1 165 3 142 1 160 1 223 8 407 3 434 6 135 1 398 2 214 1
! wietnamski 1414 1
! wikidepart 398 1
! willkommen 3141 1
! werktuigen 3562 1
! wikiservic 4341 1
! whitemarsh 232 1
! wristwatch 4377 1
! wikitravel 142 1 113 1
! whiskicito 3192 1
! wikiformat 444 1
! wordsgalor 337 2
! writerhawk 3260 1
! watermelon 462 1
! windturbin 2952 2
! workaround 411 1
! wiklossari 2956 2
! williamson 2874 1 1628 1
! worldcentr 4648 4
! wikicommon 444 1
! wikipedist 398 1
! whereabout 3917 1 3023 1 1165 2 504 1
! watertight 1958 1
! whatiselvi 1830 1
! wealthiest 3663 1 593 3
! webcartoon 2579 1
! watercolor 4760 1
! waterproof 4736 1 3125 2 1980 1 1349 1
! wellington 939 2
! wikireview 2211 1
! wikitransl 2007 2
! wikicolumn 232 2
! washington 251 1 158 18 252 1 207 1 142 2
! webcontent 2616 3
! watercress 2471 2 1975 1 1974 16 1902 2
! weightless 740 1
! wikicommun 19 1
! wilmington 1494 1 2783 1 733 1
! wojahowicz 152 1
! worldspawn 2371 1 2293 1
! warmington 3025 1
! winstanley 4790 1
! warrington 2587 6
! wikiscript 114 1
! wormington 2879 2
! willelmdux 3638 1
! windowcont 4813 2 4716 2
! websiteurl 2392 2 2523 3 2128 7
! wikijunior 0 1
! westervelt 3296 1 1424 1
! whispertom 3474 1 3470 1
! wortschatz 2782 1
! warrioress 504 1
! wikiversit 398 2
! woodsworth 3149 1
! watercours 2852 1
! wikistress 1284 1
! wordsworth 246 1
! wikisyntax 3675 1 1619 1
! wikicultur 2956 2
! wikisaurus 285 1 276 1 221 1
! wooltorton 3620 1
! wikimediapa 1283 1
! weissafrika 3145 1
! woordenboek 142 19
! worldgenweb 1820 1
! weihnachten 4869 4
! westfalisch 2197 1
! westphalian 2197 1
! weitergehen 2246 1
! wouterhagen 2047 1
! wikibookian 419 2 493 2 422 1 427 2 145 2 444 3 491 1 152 2 387 1 410 1 417 1 391 1 220 2 173 2 165 1 142 1 383 1 176 1 160 2 113 1 413 2 366 1 389 8 167 1 174 3 56 3
! wiedersehen 2233 12 993 4 2227 2 967 2 4586 1 2317 1 810 3 1200 2 985 4
! wikipedihol 113 1
! williamborg 132 2
! whitechurch 4066 1
! wordperfect 4374 2 4388 5 3368 1 3320 2 2902 2
! wikiwikiweb 2539 4
! welwitschii 1040 1
! welcomminmg 1038 1
! wastebasket 4565 3 3398 2 3309 3 3294 2
! wonderberri 974 1
! witheknight 4748 1
! whiteknight 428 11 153 10 416 24 411 4 444 17 160 6 165 15 40 24 132 4 458 11 90 4 167 1 414 24 271 2 56 13
! wrongplanet 3776 3 2378 3
! wikimanship 2361 1
! wikitionari 160 1
! wikimailbox 2512 1
! wikipublish 411 1
! wikiproject 411 13 481 1 393 1 473 1 410 23 223 1 499 1 339 1 408 1 402 1 340 1 285 1 190 1 256 1 253 1 192 1
! wikibooklet 1059 1
! williamsoni 2874 1
! wprowadzeni 2288 1
! wolfenstien 2291 1
! wolfenstein 2291 2
! workmanship 4180 3
! werkwoorden 1713 1 1457 1
! wikipedysta 1603 1
! wichtigsten 1513 1 1686 2 1066 1
! walkthrough 398 1
! washerwomen 728 1
! westborough 4066 1
! wicillyfrau 623 1
! whitethroat 2897 2
! wegzukommen 1513 1
! willingness 4668 1
! withinfocus 491 2 444 2 428 2 173 2 135 2 90 2 56 2
! wheelbarrow 4690 1
! wikietikett 174 1
! writecolumn 4550 8
! wikiveristi 4906 1 4643 1 4880 1 4395 1 2847 1
! winterianus 2432 2
! warrantless 3098 1
! wutohonijqq 3592 1
! whittington 4198 2
! webdecrypto 3600 1
! witherspoon 593 1
! westinghous 2952 1 736 1
! waterthrush 2897 1
! wikiwipeout 422 1
! wurstsorten 1200 2
! wiszkowskit 4693 1
! wyqveyxiywc 4693 1
! wikipediacat 4915 1 3659 1
! wolframalpha 3412 3
! wikiversidad 398 1 142 5
! weitermachen 1513 1
! wikipediapar 397 2
! wolfgangthal 1018 2
! worldlanguag 3053 1 1044 1
! workingclear 4119 2
! wikistandard 3906 1
! worldwideweb 2577 1
! westernhagen 4096 1
! woerterbuech 1027 1
! williamsonia 2874 1
! westmoreland 593 1
! wissenschaft 1163 1
! woordenschat 1986 1 4754 1 1459 3 1457 1
! warraghiggey 571 1
! wikibooksian 160 1
! windowobject 4813 2 4716 2
! weihnachtsli 4869 1
! wikicookbook 1977 1
! wikietykieta 174 1
! wielkopolska 3765 2
! whortleberri 974 1
! webdirectori 2358 1
! williamsburg 3028 1 708 1 593 1 571 1 570 1
! whatlinksher 285 1 157 3
! wiederholung 2262 3 2227 2 1808 2
! wolfvanzandt 4122 4
! wpsearchuser 1246 1
! whsmithonlin 2865 1
! wittgenstein 4648 1 4582 1
! whosyourjuda 4888 1
! wikitextbook 2899 1
! wunschzettel 4869 1
! woordenlijst 1713 1 1772 1 1497 1 1465 3 1459 4
! websiteoptim 397 1
! wikiversitat 142 1
! wortstellung 2262 1
! wirkungsweis 142 1
! wellnesstool 1591 1
! wikibookstop 142 1
! wikietiquett 165 1
