! d 3 1
! da 473 1 373 2 274 1 270 1 402 2 379 1 331 2 254 4 157 1 272 1 273 1 204 1 279 1 213 1 169 1 156 1 152 1 142 8
! dc 330 1 207 1 49 4
! db 398 1 232 1
! dd 463 3 404 1 260 1
! df 330 1 331 1 291 1
! dg 142 1
! dh 4746 4 4738 2 4258 10 4693 8 4256 6 4242 6 4909 1 4216 3 4239 6 4697 1 4237 6 1190 1 3599 3 4245 11 2888 1 4175 9 2362 1 4254 7 3794 1 2902 1
! di 426 2 404 5 369 8 288 3 280 1 331 1 276 1 249 1 142 3
! dk 261 1 104 1
! dj 142 1
! dl 67 1
! dm 444 1 223 1 121 2
! dn 3805 1 3592 1 4693 1 2403 1
! dq 4748 1 3343 1 593 1 4377 1 2397 1 1888 23 2210 1 1750 5 3620 3 2498 1 2388 3 3599 3 1322 1 3615 1
! dp 414 1 284 1 176 1 56 1
! dr 406 2 330 1 260 1 90 2 202 2 27 1 369 1 6 1 201 1 56 1
! ds 278 1 260 1
! dt 260 5 104 1 67 2 51 17
! du 477 1 331 7 266 1 404 5 214 1 494 1 142 30
! dv 331 7
! dw 1750 3 4215 1 3203 1 1888 4 2242 2 4697 8 1573 1 1831 2 1176 3 1027 8
! dy 331 39 330 2 260 15 248 1 103 2
! dx 330 16 260 62 104 1 103 8 261 2 331 73 67 3
! dz 331 14
! daa 3026 1
! dab 3522 1 3495 2 1699 1 1668 1 2878 1 2698 1 1598 1
! dba 165 1
! dbc 3449 1
! dad 223 1 190 1
! dfa 2353 1
! dac 2750 1
! dcb 3840 1
! dea 3025 1 3002 1
! dae 2600 1 2569 1
! dcd 4835 3 4350 3 3945 4
! dbd 4697 1
! dcc 3755 1 3751 2 3742 1 4784 1 3369 1
! deb 3399 2 1782 2 1728 1 735 1
! dec 492 8 216 1 265 2 397 1 444 4 93 3 328 1 282 3 235 4 340 1 225 1 50 1 473 2 285 1 223 3 154 7 123 1 330 2 142 162 255 1 232 7 186 7 49 1 392 1 56 5 113 1 90 1
! dia 199 1 173 1 167 1
! dja 258 1
! ddd 4694 1 4655 1 955 1
! ddc 2750 1
! dha 3620 4 4746 1 3456 1 3067 1
! dde 2864 1 1028 2
! daf 3004 1 1736 2 1513 1 3920 1 1027 2 2782 1
! dce 4835 1 3945 22 1504 2
! dfd 4697 1
! dla 4838 1 4837 1 4817 1 1316 1 4814 1 1807 1 1280 1 1270 1
! dma 4694 4 4183 3 2403 1 1576 5
! dib 3026 2
! dag 4546 2 4496 1 2666 4 4690 1 2635 1 1459 3 2625 9 2573 1 1714 3
! dgd 4870 1
! dic 499 1
! ddf 1574 3
! dee 405 1 404 7 166 2
! did 285 1 428 1 221 1 427 3 422 1 491 10 90 1 284 1 176 1 223 1 458 4 398 2 371 1 177 1 253 1 148 1 342 1 248 2 389 2 292 1 32 1 226 1 135 2 88 1 282 2 235 1 119 1 216 1 25 1 402 1 499 2 208 1 26 2 120 3 205 1 496 1 108 3 55 1 249 6 202 1 58 1 252 2 113 1 160 3 165 3 142 3 157 1 251 6 246 1 12 2 242 1 173 3 267 1 175 1 444 10 56 9 46 1
! dah 4541 1 4391 1 1651 2 1371 1
! dfe 198 27
! dhd 4697 3
! def 418 2 458 1 260 3 142 1 208 1 148 7 108 2
! dna 359 15 369 2 358 23 453 1 354 1 211 1 349 2 342 33 352 3 122 1 353 1 209 1
! die 473 1 404 1 379 2 355 1 498 1 249 1 226 1 88 1 198 1 152 2 251 1 142 7 27 1 49 6 48 6
! dra 3499 1 504 1
! dje 4690 1 799 1
! dsa 4983 1 3171 2 1621 2
! daj 1269 2
! dfg 142 1
! dai 473 1 204 1
! dmd 121 12
! dff 1219 1
! deg 342 1 24 2
! dbi 255 1
! dmc 121 1
! dlc 2327 1
! dif 224 1
! ddi 2865 1
! deh 405 1
! dak 1772 2 1371 4
! dei 4065 1 3638 1 1007 5 582 1 502 1
! dig 177 1 223 1 43 1
! doc 462 1 142 1 56 3 265 1 431 11 321 1 16 1
! dod 4746 2 1186 1 654 1
! drb 431 2
! dua 142 1
! dpd 4697 1
! dhi 1877 2
! dmf 6 2
! dub 2949 1 2882 1 1292 1 3661 1 1626 1 736 1
! dhh 2864 2
! ddk 1028 5
! dal 4831 1 2916 1 4690 1 4174 2 2924 1 2027 2 1199 1 3105 12 2911 1 798 1 1964 2 3188 1 2153 2 2560 14 2913 3
! dam 249 1
! dmg 3399 3
! dlg 3920 1
! dne 888 1
! dpe 3592 1
! dsc 2930 1 1928 1 4279 27 1924 1 1902 1
! drd 4697 2
! doe 207 4 498 1 311 1 472 4 284 2 458 2 391 2 473 3 285 1 496 1 289 1 467 1 176 3 373 2 6 3 297 2 491 2 453 1 406 2 349 1 396 1 493 1 202 1 111 2 208 2 499 1 318 5 221 1 418 3 398 17 201 1 298 3 7 4 392 1 186 3 383 1 421 1 133 1 330 3 427 10 292 3 389 3 282 2 366 1 463 1 266 2 460 2 263 1 444 6 56 12 253 4 447 1 441 1 244 1 47 3 428 4 231 2 423 1 226 1 220 1 417 3 26 2 223 5 222 1 25 1 416 1 218 1 216 1 211 2 175 1 265 1 168 1 165 2 163 2 260 4 149 3 242 2 142 6 339 1 48 2 123 1 217 1 414 1 120 1 411 1 352 2 158 4 106 4 397 4 200 4 177 2 83 2 113 3 160 2 67 1 358 1 51 3 445 4 251 1 157 1 150 7 342 4 148 9 43 1 240 1 46 10 278 1 475 1 281 2 181 2 193 4 49 2 190 1 40 1 331 5 167 4 109 1
! dvb 2952 1
! dlh 4183 1
! dvd 222 1
! dij 1517 1
! ddl 4653 1 1365 2
! del 435 3 429 1 224 2 290 3 288 3 157 1 142 16 254 1 56 2 166 1 216 2
! dii 4378 1 3945 1 3602 2
! dog 498 1 496 1 266 2 290 1 202 5 224 1 406 2 373 2 142 1 242 2 207 1
! dre 4391 1 2631 2 824 1
! dtd 150 2
! dek 4831 6
! dcl 1365 1
! duc 499 1
! dof 3372 1 3213 1
! dan 497 1 434 2 285 3 142 8 223 1 216 9
! dlj 4255 1
! dao 3057 1
! dxd 4697 2
! doh 4391 2 3456 3 888 2 4694 1 2759 1 1199 2 799 1
! dem 2666 1 4869 2 1778 1 3141 1 2629 4 1490 1 1513 11 2782 2 4610 5 1461 1 993 1 1200 1 4696 1 1500 1 1178 1 997 1 1514 1 2232 2 963 5 4159 1 985 3 995 1 1777 2 992 2 1022 2 2609 1 1864 1 967 3
! dik 4496 1 2323 2
! dsf 142 1
! dtf 4693 2
! dte 4835 2 3945 19
! dfl 121 1
! dap 1186 1
! dye 358 1 12 1
! dil 4958 1 4051 1 4835 1 3945 2
! dim 404 1 257 1
! doi 205 2
! doj 3945 3 654 1
! dpi 2662 1 2616 2
! dug 56 1
! deo 405 1
! den 288 1 242 1 142 1
! din 4690 1 2340 1 3264 1 3024 1 2403 2 990 1
! dbq 4684 6 1429 1 1354 2
! dep 4715 1 2599 3
! dar 398 1 288 1 280 1 242 1 142 2 56 1
! das 491 1 142 2
! dok 890 2
! dri 123 1
! duh 404 1 297 1
! dll 128 1
! dti 4175 3
! dml 1365 2
! dui 121 2
! dvi 3266 1 1513 1
! dio 280 1
! dol 4790 2 2441 1 654 1
! dat 142 3
! dcs 2865 1
! ddr 4498 6 2106 3
! dom 495 1 216 2
! der 491 1 453 3 363 1 142 3 24 3
! duj 1517 1
! dip 4634 1 4251 1 3617 1 3738 3 2469 2 3408 2 2327 1 3120 1 4454 1 2949 1 4835 4 1394 1 2005 1 3299 1 1936 1 2323 4 4673 1 1806 5 1601 2 2917 1 1930 1 1746 1 3579 2 1450 1 1732 4 1702 1 2496 1 1697 1 1938 1 1662 1 1935 4 1659 1 1612 4 1600 8 848 1 507 1 1595 12 3945 1 1350 2 3230 1 1349 1
! dmn 3427 2
! dds 277 3
! des 499 1 404 1 331 1 142 25
! duk 4831 1 1437 6
! dct 4619 1 3789 1
! drm 4693 1 2288 1 1621 2
! ddt 2164 1
! don 393 2 108 2 398 34 495 1 381 1 90 1 484 3 99 1 493 1 285 8 473 2 414 5 226 1 29 1 417 6 223 15 241 3 47 2 441 1 56 25 253 7 450 1 422 1 418 3 221 5 27 1 416 4 216 7 413 1 266 2 463 3 460 1 169 1 207 4 498 1 200 6 397 4 297 5 494 1 491 6 6 1 205 1 402 4 208 5 499 15 111 2 392 1 389 3 186 4 383 1 380 1 288 2 385 1 379 2 476 1 282 14 274 1 330 3 133 1 369 3 175 2 174 4 267 1 173 2 166 2 165 12 163 1 160 14 152 3 138 1 43 4 277 1 83 2 57 2 427 18 233 1 336 1 142 21 45 1 242 15 48 1 444 4 50 4 120 5 411 1 176 4 167 25 458 4 162 2 7 2 51 3 148 1 135 2 428 14 40 7 472 2 181 1 375 1 190 5 132 1
! dau 1049 1
! dav 3184 2 1190 1
! dbu 2452 1
! dxi 4239 26 4195 26 4175 5
! dzh 4066 1
! dzi 1280 3 1270 1 1279 1 1282 5 1271 1 890 3 888 5
! dvk 4697 1
! dno 1070 1
! dtl 2853 2
! dsl 375 1 160 2
! dmp 4653 2
! djs 740 1
! deu 4102 2 3499 1
! dqn 3592 2
! dis 1449 1 824 2 3541 1 1047 1 4831 3 3965 1 797 4
! daw 829 1
! doo 404 1
! det 4689 3 4546 3 2666 14 4375 3 4738 34 2888 1 2635 5 955 1 2583 17 2629 7 1267 1 2625 11
! dir 142 2 93 1
! dop 4831 2 890 2
! dum 242 1
! dhs 654 1
! day 491 2 482 3 462 1 243 1 427 2 285 2 473 1 216 1 404 21 498 1 428 2 240 1 407 1 249 5 111 1 402 1 499 1 265 1 495 1 398 5 389 1 280 2 177 1 371 1 277 1 392 1 251 6 90 1 284 1 190 1 237 1 221 5 222 10 199 2 254 1 160 2 226 1 132 1 150 2 50 14 244 2 444 2 56 3 291 1 142 1 223 4 417 2 271 2 397 2 115 2 366 2 131 1 47 4 329 1 282 2 51 31 166 3 173 4 278 9
! dsp 2700 1
! dlr 4608 1
! dax 1872 1
! dev 375 1 402 1 142 3
! dhu 2865 1
! dit 142 1
! dro 4391 1
! dun 4697 3
! dxm 1591 1
! div 0 24
! dtp 4279 1 2688 1
! duo 142 1
! dos 449 1 280 2 265 2 168 1 156 1 121 1
! dew 4690 1 3363 1 1696 2 797 1 2464 1 3025 3 3125 1 573 1
! dns 4693 9 3508 1 3171 1 1185 27 3799 1 719 1
! dgw 221 1
! diu 4012 1
! dmt 2210 3 1591 2 2804 1 934 2
! dyn 4396 1
! dup 4884 2 4279 29 4215 2
! dex 142 1
! dor 4649 1 4650 1 3635 1 3026 1 1058 1
! drs 2147 1
! dot 4 2
! dtr 4183 1 4835 4 3945 9
! dsr 4835 4 3945 5
! dss 2698 1
! dez 247 1
! dur 3965 1 3179 3 2323 1 2322 6 1431 1 2726 1 724 1
! dou 2403 1 1656 2 1257 6
! dus 3827 1 3562 1 1816 1
! dov 2865 1
! dvr 428 1
! dix 404 10
! diy 1190 2
! dst 52 4 49 6 48 4
! dts 4183 2
! dyr 4690 1
! dtu 4175 1
! dys 4415 1
! drv 4873 1
! diz 3026 2
! doy 1257 2
! dtv 4281 1 4203 1 2952 1
! dwt 121 2
! dxu 4175 1
! dwv 180 1 176 1
! doz 3738 1
! duy 4175 2
! duz 797 1
! deba 56 1
! deca 6 1
! dada 4958 1 4761 1 4239 1 4250 1 4175 2 1492 1
! dafa 2210 2 1591 4
! ddad 4697 1
! dead 396 1 355 6 293 2 358 1 149 1 336 6 56 1
! diab 1548 1
! dlab 4183 11
! dhea 2806 1
! dega 4694 1
! dabe 2560 2
! dcec 2403 1
! dddd 835 2
! deed 4063 1 3759 1 3600 2 3025 2 2865 3 1820 1 2902 1 2327 7 1426 1 2323 8 1883 1 1560 1 1741 1 1879 2 2214 2 661 1 1431 1
! dadf 3046 1
! deaf 201 3
! debe 4239 1 4236 4 4175 1
! dece 1431 1
! dicc 4757 1
! diga 288 1
! doca 2230 1
! deka 123 1
! ddee 2864 1
! dama 2629 1 2323 1
! dice 142 2
! dage 4637 2
! deja 4684 1 4254 1 3024 1
! died 3600 1
! dmae 3499 9
! didd 4909 1
! duda 3024 1
! dela 4690 1
! dlia 2393 1
! ddff 2210 2
! diag 4697 42 3944 1 2190 1
! dnia 888 1
! drad 4175 3
! dana 3105 1 3178 1 593 1
! dmfc 2954 2 2717 2
! dich 2246 1 1736 1 1890 1 963 2 1285 1 3004 2 1778 2 810 1 971 1 985 1 1777 1 3141 2 1022 1
! dahg 2625 2
! danc 223 1 404 1 199 2
! dyad 4096 1 2968 1
! doce 168 1
! daal 2913 1
! daje 1273 1 1270 3 1269 1
! dfff 4410 1
! dagg 4690 1
! diff 381 1 411 1 389 1 398 1 167 1 165 1 418 1 142 2 330 1 160 1 157 1 221 1 56 3
! deci 3434 1
! duae 583 1 562 1
! dedi 2978 1 1972 1
! denc 4673 2
! ddoc 121 2
! dagi 4690 1
! dale 3553 1 3449 2 3480 1 1870 1
! dame 4720 2 3638 3 2233 2 2629 3 2006 1 1626 1 1465 1 3592 21 754 5
! deje 288 1
! dici 4831 1
! dred 703 5 574 4
! drag 4714 1 1526 1 4171 1 4693 1 4498 1 4376 1 4330 9 3203 3 4859 27 4765 1 4356 1 4333 1 4180 1 593 1 1486 1 1051 1 4388 4 3025 1 3730 1 2323 4 2605 1 3399 1 1801 1 3349 1 4634 8 1109 1 1431 1 1899 3 1306 1 1071 1 976 1 1505 2 1034 1 574 1 1977 1 4045 1 1311 1 1029 1 4648 1
! duce 249 1
! deal 493 1 462 2 417 1 384 1 480 1 181 1 410 1 249 2 318 4 267 1 221 2 428 2 419 1 398 4 444 1 491 1 298 3 331 1 284 1 248 1 154 3 458 1 176 1 207 1 160 1 150 1 120 1 26 2 165 1 118 1 285 1 50 1 330 1 142 1 383 1 54 1 282 1 47 1 499 3 29 1 6 1 145 1 427 1 253 1 46 1 260 2
! dahh 1371 1
! dasa 3023 1
! dera 4690 1
! dhal 3186 3 2916 1 3105 1 3188 1 2924 4 2913 6 2923 5 2560 3 1595 2 1419 2
! dild 1591 1 1585 4
! deck 4847 1 4430 1 4673 1 3144 1 3059 1 2806 1 2817 2 2092 2
! decl 4012 4
! desa 2523 1
! dfsa 4981 1
! dial 223 1 375 1 160 3
! doch 4478 1 3004 1 1461 2 1285 1 3815 2 3775 2
! dodg 249 1 160 1
! doma 2161 1
! dude 375 1 242 9 223 1 208 1 173 1
! data 374 1 431 1 266 18 277 18 484 1 417 3 317 1 301 2 298 1 267 2 171 1 265 5 311 1 217 1 216 1 181 1 154 2 165 3 50 15 285 1 142 9 48 28 479 1 56 1 51 13 333 1 83 1 253 2 441 1 375 2 46 2 281 3 472 3 49 12 284 1 397 3 115 3 334 1 52 1 47 17 329 3 231 1 278 11 255 2 232 11
! dyed 3600 1
! dona 142 2
! darc 4665 1 1804 2 1038 4 1037 1
! dnie 890 2
! dane 4582 3 4584 3 3004 1
! daan 3026 1
! dtic 1186 1
! defi 56 1
! dzia 892 1
! dije 280 1
! doaj 4520 5
! ddpd 4697 1
! drie 1986 2 1713 3 1457 1
! dile 3592 8
! dbcn 3055 1 3054 1 3029 4 3028 2
! dogg 491 1
! dang 4354 1
! disa 1186 3
! dreg 4038 1 3414 1
! daap 1091 3
! diam 4686 4 3841 2 3844 2 3843 2 3842 2 3837 2 1000 2
! dick 499 1 428 1 242 4 142 2
! dime 3180 1 1307 4
! diod 3408 3 4489 1 2751 1 2452 4 3706 1 3297 2 3212 1 2750 1 3207 1 2700 1 2599 9 2484 1 3595 3 2698 1 2598 1 597 1 2853 1 2554 53 596 17 2403 2 2288 1 518 1
! doje 890 2
! doob 408 1
! duff 444 1
! deel 1459 2
! daub 3638 1
! dvla 2182 1
! dean 27 1
! dind 796 2
! dubh 2855 3
! deem 458 1 373 1 249 2 167 1
! desd 4254 1 4175 9 1431 1 4544 1 4258 1 4245 1 3024 5 4256 1
! dali 3615 1 2560 6 832 1
! dhel 4746 1
! dine 498 4 373 1 280 2
! dreh 4391 1
! dado 4240 1 4175 3 4256 1 3236 2 3024 1
! diel 6 8 5 2
! dock 359 1
! dirc 257 1
! djan 194 1
! dare 248 1 216 1
! ddsd 142 1
! debo 4239 1
! deng 2889 4
! derd 4754 5 1713 2
! dole 1595 1 733 4
! dian 4031 2
! dond 291 1 166 1 56 1
! dora 3708 1 3682 7
! drei 3729 3 1484 5 4586 1 1066 2 997 1 4869 1 2800 3 2317 6 1513 1 2801 1 2106 3 3887 7 1777 3 1502 1 2112 1 825 7
! duci 612 1
! dulc 3024 1
! dumb 224 1 221 1 142 1 120 1
! desc 158 2 93 1
! deva 2327 1 3023 6 2323 3 2311 2 1740 2
! dobl 3592 11 1058 4
! dahl 4671 2 2226 1 4647 1 1872 1
! donc 3965 2 3497 1 1364 1 1199 1
! darf 971 2 985 3 970 4
! dunc 708 1
! daar 4496 1 3026 1 1497 8 3827 1 1710 1 1465 2
! duke 3620 1 2855 1 2780 6 3121 1 2018 1 4790 4 570 1 2778 1 1763 3 1411 1 2783 3 3450 1 3266 1 736 2 2779 1 2319 2 504 1 2781 2 2784 1 1749 1
! dood 1459 1
! doam 3538 3
! dani 1308 1
! ding 3141 1 1513 4 3562 1 1027 3
! deco 4761 1 1087 1
! dedo 224 2 166 1
! deen 4958 1 1870 1
! deli 2563 1 2461 1 1200 1 832 1
! demi 404 1
! dere 2629 5
! didn 499 3 398 4 260 1 458 1 491 2 444 4 416 1 186 1 173 1 408 1 379 1 473 1 427 2 167 3 120 1 402 1 290 1 221 4 208 1 396 2 165 1 142 2 160 3 108 2 282 2 190 2 90 1 84 1 111 2 56 4
! diva 4737 2 2865 1
! dorb 4697 1
! dosa 3186 4 3106 2 3105 28 2918 2 2915 2 1419 3 1661 2 1595 2 2560 9 1964 2
! dpkg 1782 30 1576 5
! dram 4498 1
! dxdi 2888 1
! dzie 1274 1 1270 1 890 4 1278 8 888 4
! dual 150 1 149 2 43 1 491 1 36 1
! diem 560 1 502 2
! date 463 1 277 3 321 1 491 2 444 1 397 1 398 3 391 3 149 1 310 1 404 9 50 26 379 1 191 2 177 1 223 1 176 3 221 2 175 1 173 1 392 1 298 1 157 1 142 2104 90 1 171 1 56 1 52 2 6 1 276 1 135 1 158 4 252 1 160 1 139 1 302 1 208 1 47 1 49 4 51 49
! doek 1503 1
! ddtd 4697 5
! disc 226 1 216 2
! dome 438 2
! dahn 194 1
! dave 366 1 330 1 40 4
! dico 337 1 288 2
! dili 3847 1
! denj 2394 1
! dall 4697 1 1199 1
! duck 499 1 495 1 51 1
! dura 3024 1 502 1
! deni 427 1 235 1 204 2 56 1
! dire 142 6
! dete 1064 1
! dain 3751 5
! dash 57 1 285 1 25 1 96 1 6 1
! dbas 4653 1
! ddvd 4697 1
! dear 428 1 405 1 491 1 56 2
! deep 397 1 285 1 200 2 248 1 104 3 282 1 106 2 96 5
! dido 3025 1 3026 1 3021 1
! dien 8 20 7 1 6 4
! dund 4690 1
! dubl 408 1
! dope 307 1
! dzeh 4391 1
! dyke 593 1
! dymd 4863 1 4861 1
! dhcp 4693 17 3171 1
! dank 491 1
! donh 4740 1 4616 1
! denk 1816 1 1772 1 1459 1
! diza 2907 3
! doen 1772 4
! douc 462 1
! dxdk 4697 3
! dari 4925 1 4441 5 4926 1 2781 1 4442 2 4440 11 898 2 1371 1 842 2 840 6 838 1
! dell 4097 1 4065 1 2805 1 2803 1
! dnik 307 1
! damm 4690 2
! dbcs 277 2
! ddxd 4697 4
! dedr 2865 1
! dein 4869 1 1514 2 997 1 2262 1 3751 1 972 1 1777 1 1890 2 1736 2 2238 1 973 1 584 3
! dite 3965 2 1044 2 824 1
! dobo 1609 1
! dpco 3595 1
! duel 4720 2 4066 1 3957 1 1548 1 829 1
! dune 2471 2 1872 1
! doki 4432 2
! dewe 404 1
! dong 4007 1 2928 1 1405 1
! deve 4204 1 3499 4
! dtmf 3257 11
! duan 3597 1 4031 2 3316 1 593 1
! dign 142 1
! dann 2317 1 3887 1 2233 7 3004 1 2883 3 3729 1 1285 2 825 2 2396 1 1513 4 2782 1 2474 1 1777 1 2106 1 1686 1 810 3 1178 1 967 3 2227 1 985 1 1514 2 997 2 4319 1 2801 2 995 1
! debt 251 3 242 1
! dive 282 1 398 1 223 1 113 1
! damn 402 1 393 1 142 1 186 1 165 1 242 1
! drya 2874 1
! dote 2590 1
! dung 258 1
! dark 445 1 428 5 221 1 257 3 165 1 142 1 158 8 253 1 460 1 251 1 163 1 200 1 397 1 167 10 24 1
! deer 242 1
! desi 4279 1 2403 2
! deug 142 2
! deuh 2625 1
! dill 2548 4 2118 2 2340 1 4995 2 1992 1 1472 1 979 2 1595 2 3765 2 1015 2 1704 1
! dawg 142 1
! dish 258 2 462 1 242 1 200 1 20 2
! domi 4016 1 4012 1 612 1
! dupe 4668 1
! dhri 2323 1
! dati 232 1
! dose 359 1
! demn 3775 1
! dict 407 1 337 1
! dtbp 369 1
! dcgs 3416 1
! dano 3499 2
! davi 4863 1 573 1 3213 1 3026 1 4697 3 3462 1 4649 1 736 1 4647 1 709 1 4105 1 728 1 708 8
! degr 1437 1
! denn 2782 2 2447 1 1677 1 2264 1 1514 1
! deze 142 1
! dimm 4498 3
! dove 290 1
! damp 331 1 229 1
! dmas 1576 2
! doll 36 1
! dijo 280 1
! dier 3145 1
! daft 687 1
! duli 3020 1 2030 1 2327 1 2323 2 1883 1 702 1 2016 1 652 1 593 1 4066 1 4605 1 649 1 573 1
! diol 4784 2 916 1 748 3 745 1
! darl 3017 1 3025 2 2935 4 3023 2 728 1
! deet 2441 1
! doin 142 1
! deko 4869 1
! dcom 3363 2 1028 2
! dehr 4391 1
! diri 830 1
! duco 612 1
! desk 444 4 329 1 142 1 173 4 168 2 366 2 166 1 56 4
! deon 4783 1
! doth 2865 1
! dirk 171 4
! demo 477 1 427 1
! dcmp 934 1
! daht 404 1
! darn 3057 1 4421 1 2881 2 1199 1
! dies 142 2
! dipl 799 2
! doug 4105 1 3495 4
! drin 2396 1
! doer 4668 1 4063 1 2323 62 1883 1 1740 2 2902 1 2327 26 1882 2 1881 1 1741 3
! diet 239 4 238 2 237 9 240 8 200 14
! djes 2882 1
! deft 3759 1 593 1
! dori 4978 1 1954 1 3701 1 1451 1
! dwcp 2236 1
! duhn 1714 1
! dewi 4066 1
! divi 2865 1
! dion 4537 2 3228 1
! daum 3915 2 1038 1
! disk 423 1 484 1 304 1
! degu 4768 1
! deuk 1503 1
! dgmp 934 1
! dieu 802 1 709 1
! does 1888 1 1345 1
! drye 2108 1 2009 1
! dunk 3652 1 3552 1
! dwim 3479 1
! daro 2902 1 2340 1
! dkon 1423 4
! drug 7 5 359 8 221 3 363 2 242 3 142 2
! dimo 280 1
! danr 3936 1
! dull 4072 1 3607 1 2207 1 4066 1 4063 1 2930 1 2325 1 2327 24 2852 1 3220 1 2323 14 1985 2 3673 3 1741 1 573 3 4368 1 2817 1 2881 1 1935 1
! dryd 4063 1
! doze 4432 1 4771 1 3361 1 1591 1
! doom 282 1
! dirn 2609 2
! desn 4630 2
! dwml 3363 2
! dixi 708 1 612 1
! dubt 142 1
! deum 4011 1
! duth 2865 1
! duer 593 1
! dpdt 3595 2
! dtds 3266 2 3203 1 3412 1 3042 1 2632 1
! dans 823 1 754 1
! dato 4254 5
! deby 916 1
! domo 495 2 406 2
! drip 4859 1 4219 1 4432 1 1487 1 4303 1 2972 3 1638 1 3393 1 4198 2 3067 2 2915 2 2560 1 1600 5 1669 2 1394 5 4269 3
! druh 404 1
! dumm 142 1
! dbms 232 2
! duct 3789 16 1160 3 4555 2 1156 1 1158 1 1157 1 1154 1
! donn 142 5
! docu 1956 1 1557 1
! dvds 2952 2 3541 1 4498 3 3283 1 4693 3 2944 1
! dret 142 1
! dwds 1027 3
! dxer 2865 1
! deiv 194 1
! davo 2881 1
! dikt 4690 1
! dhum 215 2 408 4 113 12
! diaz 4874 1
! duti 427 1 160 1
! delt 3063 1
! dens 123 1
! dawn 251 1
! dant 434 2
! darr 3718 7 3368 1 1916 1 1000 2
! dorm 198 2 160 1
! dupl 3453 6
! dron 3350 2
! dono 1431 1 584 1
! draw 417 1 285 1 446 1 369 3 294 5 284 1 54 1 7 1 444 2 398 5 297 2 113 3 207 7 295 2 154 1 56 4 150 2 329 1 282 3 167 1 6 4 27 3 121 1 57 1 217 1 123 8 260 1 25 1 447 3 165 1 122 2 263 10 221 1 318 5 83 2 105 1
! dusk 4454 1 3025 1 3021 1 3968 1 2443 1
! duir 726 4
! dozi 3968 1
! diku 4610 1 1061 1
! drax 3639 1
! deps 4715 4
! ddot 4375 1 3805 7 3741 2 3356 3 3954 3 4867 1 4712 2 3458 8 3348 1 2841 1 3955 12 1425 1
! deez 1047 1
! delv 4583 1 1560 1 1494 1 2327 2 1436 1 682 1 1028 1 4688 3 508 1
! dent 4831 1 1431 1 1929 2 2930 2 2490 2 1617 2 3289 1 1944 1 1044 1
! dilt 201 1
! dito 4415 1
! doit 1044 1 824 1
! dorn 2879 1 2875 1
! dtmp 934 1
! dump 423 9 165 2 208 1 142 2 51 3 389 2 48 2
! duft 4869 1
! devo 4584 1
! disp 4550 4 4509 4 3557 2 3533 5 1983 1 1820 1 2645 1 2525 2
! dbqs 3654 1
! dudu 2340 2
! dlls 3138 1
! durm 1517 2
! dass 4648 1 985 2 972 2 1677 1 2804 1 4690 1 2246 1 970 1 4879 1 3775 3 992 2 4319 1 1513 1 3141 2 1736 1 1285 1
! duit 3965 1 726 2
! dept 4903 2 2824 1 3012 1 1747 1 2161 1 3848 1 1203 2 1186 1 4672 1 1935 1 890 1 3893 1 623 1
! dart 4780 3 2902 1 1492 1 1029 1 504 1
! diez 168 1
! door 496 1 450 1 174 1
! dorp 1465 2
! drew 292 1 56 1
! drop 499 2 498 1 473 2 491 1 282 1 249 1 226 2 157 1 405 1 251 2 274 1 391 1 253 1 165 1 57 3 379 1 398 2 232 2 166 1 56 1
! dslr 4180 2
! detr 3592 1
! dmso 6 2
! drum 445 3 36 1
! dint 4063 1
! dyoo 3684 2
! djup 4690 1
! devr 806 1 805 1
! dest 47 1
! doku 4694 1
! deur 2006 1 1458 1
! dert 4391 1
! dbus 4694 1 872 1
! dntp 1131 1 1139 1 934 2
! dont 414 1 339 1 416 1 163 1 192 1 142 3 428 1 223 1 135 1 160 2
! doyl 142 2
! duro 242 1
! dasu 1300 1
! dydx 2888 1
! deru 1300 1
! desu 379 2 279 1
! devs 4715 1 4694 1
! diss 427 1
! djur 4690 1
! duku 2726 2 974 2
! dist 321 1 280 1
! dirt 445 2
! dett 2666 2
! deus 502 2
! deut 4038 1 3019 1
! dulu 944 2
! dort 2246 1 1736 1 2396 1 1514 2 1178 2 1500 2 1285 2 963 3 1490 1 1513 1 973 1 995 1 1047 1 967 5
! dius 3025 1
! dous 4025 1 789 1
! dost 3795 1 3264 1 2323 3 1883 2
! dyot 2441 1
! dpst 3595 1
! deux 404 6
! dsus 3082 4 3047 2 3046 1
! dazu 2782 2 1677 1 1514 1
! djvu 158 7
! dows 1723 1
! dust 445 1 174 1 6 1
! dynv 1365 2
! duur 1772 9 1497 1
! dutt 3023 15 916 1
! devx 3847 1
! dmoz 142 1 9 1
! doux 3156 1 504 2
! dotz 4102 2
! douz 404 2
! diaba 3789 1
! dicda 4200 1
! defac 1151 1
! decad 486 5 398 1 83 1 149 1 485 6 397 1 379 1 201 1 121 1
! draba 2471 4
! dacha 2441 2 2006 1
! decaf 258 1
! dodda 2560 1
! daffa 1409 1
! dicha 4175 1
! dalda 2909 1
! dadah 1371 2
! defec 2877 1 2443 2
! dread 4648 1 4063 1 1311 1 3485 1 3025 1 2956 1 703 1 4038 1 2865 1 2577 1 4072 1 1406 1 739 2 504 1 2881 2
! domba 4637 1
! dedic 499 1 470 1 150 5 282 3 249 1 417 1 322 1 397 1 243 1 221 1
! danae 4063 1
! decid 398 9 266 2 342 2 282 2 6 2 194 1 330 1 253 2 251 1 384 1 223 2 176 2 458 1 221 1 216 1 165 1 397 3 162 1 444 2 150 1 56 2 187 1 417 1 135 2 89 1 419 1 43 1 133 1 249 1 202 1 111 1 160 1 91 1 190 1
! darac 3427 1 1508 2
! debbi 1762 2 1741 2 876 1 875 3
! diana 1595 2 2222 1 1819 1 3701 1 2865 2 573 3
! dhana 2560 2 2340 1
! daddi 3726 1 3017 65
! damag 491 1 249 1 359 2 428 2 358 1 427 6 251 3 132 1 56 1 375 1 398 2 464 1 211 1
! defic 3620 1
! detab 4694 1
! dfrac 1163 4
! dubia 974 1
! dabei 4879 1 2782 1 1677 1 1513 5 1066 1
! darea 4239 1
! dabbl 4598 1 4247 1
! docid 458 1
! desea 4236 1 4175 9
! delia 2090 1 2257 1 2087 1 1439 2
! dilia 123 1
! dflag 4715 13
! decal 2930 1 2291 5
! delib 4648 1
! dieci 562 1
! dirac 40 1
! danja 1366 1
! drama 460 1 248 1
! delic 4289 1 2874 1 2779 1 3026 1 2560 1 2153 1 2490 1 2443 2 3289 1 2323 5 1932 1 1395 1 2194 1 1741 1 1488 2 2327 7 1292 1 1478 1 1055 1 2159 1 1984 2 1938 1 1038 1 1935 1 504 1 1999 1 2087 1 1144 1
! dredg 2340 1 2235 2 2202 1
! dhyaa 1190 1
! dvice 1267 1
! daffi 1876 1
! daria 3776 1
! daveb 2286 1 2285 2
! dadhi 3023 1
! dabhi 3592 1
! dical 3920 1
! dunda 204 1 191 1
! della 150 1
! dalla 2755 1 1864 1 829 1 736 2
! drake 1876 1 3450 2 2780 1 1025 1
! danci 1977 1
! drife 2258 1
! dsdna 934 1
! donec 4012 1
! dagan 3025 2
! danbi 2781 1
! dedan 2865 1
! defam 4507 1
! deleg 123 1
! dench 1870 1
! dhane 2560 1
! dhcpc 4693 1
! diode 2830 1
! diped 3061 1
! doabl 402 1 142 1
! dogma 4790 1 2775 1 3021 1 504 4 3760 1 2902 1 2932 1 2327 3 1132 1
! dubna 4697 3 4696 1
! dziec 1274 6
! decan 123 1 122 2 110 4
! decod 251 1
! doodd 1986 1
! direc 84 1
! dtpad 3913 1
! dinka 2865 1
! daleh 4378 2
! decem 562 1
! dandi 4167 1
! darla 845 12 760 6
! deaco 504 1
! deali 142 1
! deifi 3023 1
! diddl 4066 1
! diffi 4765 1 1628 6 1621 2
! dioic 4784 1
! dubbl 408 1
! dicta 123 1
! dapma 1012 1
! dyela 1366 1
! draig 281 1
! dhodg 1454 1 3960 2 1455 4 1450 7
! drbob 1345 2 1318 1
! diska 4690 1
! dunia 4616 1
! debil 1431 1
! dlang 121 1
! dfile 4715 1
! dream 398 1 56 1 11 1 10 1
! dalam 840 3 830 1
! dbase 1365 1
! deben 4175 1
! darci 1864 1
! deind 4012 1 584 3
! debar 3025 1 2327 1 2323 2
! dfghj 142 1
! didao 3016 1
! dobel 248 1
! dodgi 160 1
! dosag 2014 1
! dosha 3105 1
! danam 490 1
! derid 4688 1 4038 1 2323 2 1884 2 739 1
! dejam 4842 1
! dhhkh 4619 1
! duend 3192 2
! donna 4104 2
! dabat 142 1
! deduc 496 1 183 1 148 1 58 1
! deloc 25 10
! dlcap 2403 1
! dappa 2560 1
! dauma 2897 1
! dddtd 4697 1
! debas 4648 1 2323 3 1880 2 2327 1 1307 1
! decre 3638 1 3054 2 3025 1 4790 2 2865 2 571 1 3650 1 504 1 2864 2 739 1
! delhi 2358 2 2323 1 2214 2
! devic 438 1 229 1 417 1 428 1 396 1 312 1 335 1 445 1 284 1 50 1 142 1 121 2 288 1 101 2 301 1 48 1
! drape 229 1
! dubii 502 1
! dilig 380 1 223 1 131 1
! duchi 1764 1 1763 1
! dalta 4909 2
! doggi 3480 1 3192 1
! duffi 4697 3
! david 80 1 432 26 64 1 434 2 82 1 93 1 70 1 282 1 75 1 194 1 79 1 78 1 77 1 76 1 74 1 449 1 73 1 81 1 72 1 71 1 69 1 68 1 431 1 63 1 62 1 65 1 428 1 60 1 61 1 66 1 44 1 59 1
! decil 4805 2 4524 1
! darpa 4968 1 719 7
! doden 1986 4
! decin 3965 2
! dagni 1311 32 1310 55 1309 24 1308 65 1307 119 1306 72
! defil 4038 1 703 1
! decim 431 1 277 2 49 1 48 10 207 4 52 5 47 3
! daili 3 3
! daken 1772 1
! danel 3025 3
! dawna 2441 1
! dchen 4586 1 4427 1 2227 1 997 1 963 6 2609 6 970 5 825 2
! debat 434 4 398 4 373 1 417 1 230 1 237 1 160 3 113 1 491 1 7 1
! degen 1710 1
! degre 462 1 342 3 398 2 355 1 447 9 157 1 285 1 331 1 246 1 225 1 336 2 152 1 129 1 51 1 97 1 120 3 109 2 123 2 47 1 24 1 57 5 6 4
! deman 1431 1
! densa 3789 6
! deond 4175 1
! dibas 4051 1
! ditch 4768 1 4038 1 3736 1 2210 1 739 1
! divch 25 1
! doric 3017 1
! dosai 3105 2
! dowag 2781 1 733 1
! drene 2631 2
! delta 458 2 453 10 342 28 142 1 330 13 100 3 123 1 427 1 105 12 104 11 103 2 40 3 260 153 7 1 99 25 133 16
! dorma 4831 2
! devci 4392 1
! danta 2560 1
! dicar 4831 1
! drona 2323 4 1884 2 1879 2
! devid 4648 1 3525 1
! dansa 4690 1 808 2
! dekap 2726 1
! dgram 4394 1
! deixa 142 1
! deber 224 1 56 1
! ducki 2605 2
! death 356 1 251 1 349 1 149 1 160 3 359 1 249 11 244 1 142 2
! daran 1736 1
! dashi 4251 4 4048 1
! divid 493 1 331 3 486 1 277 1 398 1 330 2 8 1 252 1 229 1 482 1 226 1 318 4 282 1 397 1 207 6 248 1 133 1 51 1 167 6 355 4 120 2 105 1 58 3 358 3 123 1 359 5 218 1 480 2 57 5 56 3 148 5 7 1 260 3 129 1 458 6 67 1 174 1 6 1
! douch 2006 1
! dejen 288 1
! debri 3595 1 2875 1 2883 2 3054 1 2746 3 4736 2 1447 1 4408 1 2340 1 830 1 739 1
! dvare 2323 1
! denta 4831 1
! dader 1503 1
! damen 2629 1 2233 2
! deari 4066 1
! depan 944 4 840 2 830 3
! desig 142 2
! dirif 4355 1
! dangl 167 1
! dokan 4432 1
! durch 4159 1 3004 2 1484 4 1066 1 1022 1 2801 1 1514 1 1513 1 985 2 825 1
! docil 4673 1 2443 1
! dicat 3010 1
! dicho 991 1
! dalli 2698 2
! drain 1598 1 4841 2 4781 2 2619 1 4219 1 4978 1 3521 1 708 1 3230 2 2916 3 3789 4 3379 1 3096 1 3284 1 2774 1 3526 1 2989 1 3583 2 2613 1 2904 1 4079 1 4408 1 4377 3 2922 1 2452 1 1445 1 1662 1 2244 1 2000 1 3738 1 1999 1 1980 1 2403 2 4343 1 1617 1 1664 4 2496 1 4248 1 2308 1 1663 1 4557 1 3102 2 3980 4 1943 2 1644 1 2307 1 3354 1 3025 2 1615 2 1421 1 1949 1 1420 1 1869 1 3937 2 1407 1 3267 1 2327 1 4498 2 1394 4
! dehat 1406 1
! damar 379 1
! defin 499 2 397 4 480 2 458 12 176 1 418 1 230 2 183 3 281 1 419 2 493 1 396 1 211 1 355 1 447 5 165 2 335 1 126 1 223 1 267 2 428 1 331 3 285 1 330 3 427 1 329 2 282 1 410 1 313 1 266 18 460 3 265 2 226 1 318 8 27 1 221 5 495 1 301 1 398 4 204 1 472 2 181 7 57 10 154 1 342 4 148 13 51 18 186 4 139 4 131 2 414 3 123 1 108 1 99 1 277 5 83 1 498 1 207 10 160 1 113 1 231 2 90 2 237 1 43 2 431 4 150 1 297 1 103 1 56 2 67 1 58 2 303 1 12 1 47 36 94 1 260 12 25 1 95 3 142 1 48 14 50 19 96 1 49 8 46 17
! danub 248 1
! dirig 4242 2 4239 1
! defer 173 1 50 1
! daiin 3751 3
! duden 2609 3 1769 2
! dejar 4203 7 4281 7 1526 2 897 1
! deshi 3923 1
! diego 4365 1 3028 1 2698 1 2097 1 2096 1 736 1
! daher 1513 1
! denen 2782 1 1514 1
! detra 1431 1
! dhone 2560 3
! dicer 1431 1 612 1 582 1
! disam 2180 1
! druid 2902 3 2606 1
! dutch 458 2 373 1 251 1 142 10
! dwarf 2443 1 2158 1 4895 1 4809 1 3203 1 1718 1 1026 1 4770 1 3573 1 2009 1 2471 1 504 2
! debug 431 1 266 1 265 2 47 4
! diari 142 2
! defat 2197 1
! derek 4649 2 2549 1
! delen 205 1
! dobri 2394 1 890 1 888 6
! danni 3957 1 2881 1 1906 1 1876 1 2669 4 1509 2 1560 1 1450 4
! deecu 1630 1
! devra 142 1
! decet 584 1
! dylan 205 1
! difer 3778 1 3565 1
! dinki 4753 1
! duckl 3339 5 2194 1
! disra 4790 3 2783 2
! dmesg 2862 2
! dawdl 708 1
! ddamp 934 2
! doodl 3736 1 3480 1 2875 1 572 1
! dubin 16 1
! dynam 342 1 483 1 50 2 285 1 171 7 265 1 218 1 359 2 267 1 410 2 180 1 255 1 444 1 145 2 463 1 96 1 49 2 472 9 213 1 52 1 121 2 142 1 113 1 160 1 56 1
! drawd 3017 4
! dairi 258 2 200 2
! doili 242 1
! drank 1096 1 796 1 736 1
! delud 2327 2 1884 2 2323 22 1883 5 1881 1 1880 2
! duboi 4780 1 4696 1
! djacu 258 2
! devan 829 1
! denni 46 1
! deren 2238 1 1178 1 967 1
! debon 3339 1
! dough 4059 1 4157 1 3188 3 3006 9 4984 2 1930 1 4515 2 2917 3 2490 6 4182 1 4699 5 2908 5 3230 3 4196 1 1642 1 2911 1 1435 1 2704 2 3738 10 2565 2 3552 4 2988 1 2561 1 1338 5 2560 1 2831 2 2762 3 3231 25 1727 9 1604 14 2027 1 2247 2 2115 2 2562 4 1657 3 2971 5 888 1
! dewan 2779 1
! dolar 4175 2 838 2
! doubl 398 1 266 17 297 1 363 1 418 1 277 3 349 1 278 1 267 5 359 6 263 3 226 1 157 4 207 2 254 1 181 5 369 5 158 4 393 1 127 1 107 2 342 5 295 2 57 3 56 1 354 1 25 10 142 2 48 2 37 1 49 10 50 6 27 1 235 1 47 16 8 7 499 1 29 1 123 4 52 38 6 39 167 1 7 2 444 4 21 1
! drone 4628 1 4171 2 2935 1
! decir 280 1 288 1 198 1
! decay 358 1 244 1
! decis 417 1 427 1 218 2 398 5 200 1 177 2 154 4 499 1 249 1 271 1 248 1 160 1 181 9 169 1 176 9 165 2 251 1 113 1 217 1 56 3 46 1
! delin 3329 1 3350 1 3145 1 2577 1 2441 1
! diesi 4063 2 504 1
! dinar 3638 1
! diwan 4958 1
! druck 1513 1
! dubio 1644 1
! ducat 3965 2
! daisi 3017 1 2774 3 2471 20
! denud 1306 1
! dxing 2698 1
! dolli 157 4
! denim 3230 1 2911 1 703 1
! dasar 830 1
! devel 4096 1 2694 1
! ddcmp 934 2
! dacht 142 1
! dango 4251 2
! diger 3701 1
! dieet 4014 1 2136 1
! djong 3350 1
! doran 397 1
! ducer 1431 1 612 1
! dilat 83 6 57 12
! docti 584 1
! debit 3921 1 3112 1 2632 1 3920 2 2185 1 1685 1
! dagon 3025 9
! dapat 1134 1
! dermi 1161 3 1160 1
! deten 1526 2
! diget 589 1
! doeth 2865 12
! donar 142 2
! drauh 3938 2
! dulli 204 1
! dwell 32 1
! disco 4171 1 4245 1 3480 1
! deiti 4668 1 4648 2 2877 2 3544 6 4138 8 2323 3 828 6 2875 3 4066 1 2878 4 3025 5 2883 1 2865 1 4251 1 2909 1 2879 2 2340 2
! doova 393 1
! draft 232 1 192 2 226 1 249 1 271 1 139 1 162 6 173 2 150 2 191 1 398 3 174 1 160 4 206 4 290 1 175 1 142 1 303 1
! drope 3365 1
! dothi 1106 2
! domin 498 2 253 1 230 1 251 1 229 1 246 1 158 4 380 1 495 6 244 1 211 1 226 2 6 3
! derat 2403 3
! devil 428 1
! danko 4831 1
! darin 973 1 2782 1 967 2
! datas 4215 3
! dayli 4066 1
! dealt 499 1 154 1 331 2 221 1 160 1 113 1
! dedit 496 1
! dimer 359 4 6 1
! droog 1497 1
! dhuli 3105 1
! dicit 499 1
! drier 3450 1 2995 1 2340 2 3027 1 2257 1 2194 1 1159 1
! drill 355 1 284 3 246 1
! drink 429 1 279 1 379 2 258 5 142 1 200 1 465 1 14 1 199 3
! drive 417 1 358 1 402 1 173 1 380 1 495 8 291 1 251 1 359 1 249 1 123 1 200 1 211 2 56 1
! dummi 298 1 158 1 93 1
! dusta 2726 1
! darat 1134 1
! delet 418 9 179 1 414 9 253 2 241 2 494 1 165 2 419 4 396 1 375 1 422 5 491 4 413 2 427 11 145 6 48 4 236 1 142 176 336 1 383 1 265 2 216 1 402 2 208 1 499 3 358 1 186 2 421 1 272 1 175 1 366 3 178 1 177 29 221 12 174 1 113 1 160 23 157 2 150 2 444 10 153 1 56 30 152 2 173 4 50 7 285 1 135 1 167 8 458 4 176 68 223 1 52 1 121 1 94 3 282 1 398 9 163 1 90 1 57 1 162 4
! dosen 4041 1
! dilds 1585 1
! dalet 4583 4 2865 1
! ddgmp 934 2
! diven 1096 1
! deimo 4694 1
! dowel 1671 1
! diner 4884 3 3004 1 2179 1 4800 1 4251 1 1594 1 1308 1 1697 1 1307 8 975 2
! delug 3144 3
! dyndn 4858 2
! diper 1133 6
! decor 158 2
! derer 2625 1
! dimes 1086 1
! dormi 4831 1
! djoyc 142 1
! depth 402 1 389 1 154 3 330 2 298 1 397 1 221 1 244 1 142 8 96 4 418 1 396 1 51 9 216 1 431 1 40 3 24 1 148 2 38 2
! damir 3945 1
! danmo 258 1
! dcljr 398 2
! deern 2609 1
! degit 1627 1
! denti 584 1
! delft 2015 1
! demet 3020 1
! domoj 406 1
! drupe 974 1
! ducir 1517 1
! donat 458 1 358 2 231 1 26 6 118 1 417 4 230 1 177 1 223 1 124 1 167 2 398 1
! dotre 4748 1
! diklo 193 1
! desin 2875 1
! darth 2291 1
! doler 1526 2
! duski 3022 1 2897 3 2874 1
! diepp 3450 1
! depet 142 1
! dimpl 1967 1 1155 1
! dimet 123 1
! dicez 4831 2
! dzier 307 1
! datsi 4895 1
! derri 3957 1
! dansk 2952 2 1303 1
! dekay 2413 2
! devin 3046 1 1906 1
! dubit 330 2
! damit 1736 1
! ddatp 1139 2
! deixi 4647 1
! demis 246 1
! deter 462 1 416 1
! dhikr 4958 1
! dicey 428 1
! dijon 4541 1 3800 2 3583 2
! drift 397 1 221 1 216 1 208 1
! drove 4828 1 3023 1 2865 3 4416 1 2875 1 740 1 3027 1 739 1 743 3 733 1 1096 1 571 1
! ducit 499 1
! dumin 1258 1
! dusik 867 2
! duten 4696 1
! denom 4682 3
! delay 472 2 427 1 398 2 56 2 444 1 49 6
! durar 4772 1
! dipol 453 2 24 27 6 1
! droll 4066 1
! demon 499 1 434 1
! ddctp 1139 1
! deism 4790 2 4138 3
! digit 491 1 266 4 333 1 313 1 336 3 207 5 142 3 52 4 121 3 265 1 173 1 16 1 49 3 309 7 56 1 485 2 48 2 277 3 47 1
! dozen 404 1 398 1 473 1 165 3 160 1 221 1 16 1
! didnt 142 1
! doodt 1986 4
! drams 2403 1
! dbspl 1008 1
! drawl 1503 1 943 1
! dnghu 3350 1
! depon 499 1
! detri 4671 1
! divin 434 1 398 1
! djgpp 1361 2
! downi 890 1
! dulug 3266 1
! denis 797 2
! duduk 1177 1
! depui 142 8
! desol 4648 1 2871 1 650 1
! defun 4215 2
! dehor 3965 1
! dhtml 216 2
! doesn 473 1 484 2 392 1 157 1 416 2 480 1 67 2 20 1 396 1 397 3 494 1 165 3 398 9 163 1 375 1 308 1 216 4 200 1 297 2 265 2 330 1 427 5 240 1 46 2 226 1 223 4 417 1 135 2 380 1 186 4 175 2 36 1 133 1 177 3 83 1 121 1 399 1 108 1 404 1 113 1 307 1 207 4 160 2 402 1 499 2 208 1 221 5 418 1 127 1 58 1 57 3 190 1 49 4 438 1 50 3 142 1 48 2 47 1 282 1 120 2 458 4 167 4 7 1 51 4 148 1 102 2 56 4 192 1 40 2 43 1
! drool 4185 1
! durio 974 1
! dicot 2251 1 2026 1 2169 2 1377 4 1146 2 946 1 603 2
! daley 619 2
! ddgtp 1139 1
! dirti 328 2 142 2
! diver 242 1 142 1
! dordt 1353 1
! doubt 428 1 49 1 463 1 56 2 240 1 427 2 266 1 398 6 467 1 176 3 330 1 165 1 149 1 47 1
! dryli 2889 1
! dusza 890 1
! dumpl 4251 2 1930 1 2565 3 3637 1 2762 8 1964 2 2562 3 1595 3 2561 3 2560 5 4768 1 1419 2 3765 1 1609 2 825 2 2563 1 3230 1 1657 3
! desir 428 1 398 2 200 1 331 1 49 1 284 1 205 1 318 1 157 1 204 2 416 1 181 1 186 1 48 1 6 2 121 1 7 4 242 1 104 1 51 2 46 1 253 1 105 1 266 1 431 1 243 1 174 1 211 1 50 1
! dekor 4869 3
! dirlo 1199 1
! deliv 363 2 499 1 329 1 229 1 221 1
! deoxi 2775 1
! durat 160 1 150 1 277 1 472 1 252 1 47 1
! dient 2046 1 2018 1 1178 1 967 1
! dervi 504 1
! dizer 2266 2
! davon 2377 1 1514 2
! demor 2323 1 722 1
! demum 4012 2
! denkt 1500 2 1490 1 995 1
! ditti 2959 1 2935 2
! dover 4582 2 3029 1 733 1
! ddtmp 934 2
! duopl 4831 1
! dison 142 1
! doent 4576 3
! drunk 242 1
! dwelt 4066 1 3023 2 2323 1 1880 2 4062 1 572 1
! dublu 1061 1
! deton 251 1 132 1
! drawn 469 1 260 1 440 1 415 1 318 1 263 1 447 3 292 1 468 1 123 1 244 1 57 2 212 1 442 1 416 1 439 1 25 2 58 1 495 1 207 4 27 2
! desit 4859 1
! didst 2323 1 1882 2
! darum 2396 1
! devis 427 1 48 1
! dokey 1426 1
! djuno 257 1 204 1
! dyork 3266 1
! dunno 428 1 56 1
! debut 2987 1
! devon 142 1
! daros 4694 3 4693 13
! deuxi 1047 2 1044 1 799 1
! dusti 3054 1 2875 2
! devit 4648 1
! datum 496 1 165 1
! divis 358 1 248 1 458 1 51 1 330 1 329 1 260 1 318 1 142 3 165 2 230 1 244 1 359 1 246 1 356 3 57 3 47 2 58 1 148 1 38 5
! doumo 481 4
! darlu 1007 1
! dativ 496 3 499 4 494 3 307 1
! ddntp 1139 2
! defus 4771 1 4416 1 703 1 593 1 589 1
! demot 4669 1 3054 1 4608 4 3055 2 3020 1 3017 1 2772 1
! denot 498 3 453 1 458 1 447 6 496 2 342 1 331 3 495 3 207 10 149 1 494 1 57 3 103 1 183 1 260 6 7 1 373 1 318 2 303 4
! depos 251 1
! deriv 397 1 375 1 373 1 391 1 230 1 473 1 499 1 358 3 284 6 331 8 359 1 265 1 226 1 142 1 330 14 133 4 369 3 40 1 181 1 112 2 107 2 150 3 103 10 56 1 7 2 148 1 54 10 31 1 220 1 32 1 208 7 67 9 51 17 260 49 166 2 495 3 480 1 104 3 106 2 12 2 83 3 6 1 121 1
! domum 495 3
! donum 562 1
! doufu 3057 1
! duart 4766 1
! droit 142 1
! druze 2865 4
! dryer 3381 6 3267 4 1094 1
! dyent 2330 3
! droop 4231 1 4230 1 3739 1 2279 1
! dictu 502 3
! daslu 3499 1
! dixon 1872 1 740 1
! dolor 288 4
! dator 4690 1
! dhuit 4964 1
! dyson 4692 5
! dixit 495 1
! divit 223 1
! desun 1384 1
! davor 2246 1
! datos 4256 4
! depot 4694 1
! donor 358 5 211 1 26 4 125 4 124 5 118 4 27 1
! dsssl 3266 5
! dirun 4770 2
! deist 4790 1 4138 4
! despr 142 10
! davey 1724 2
! dxart 3945 1
! dress 249 1
! dbmss 1365 1
! detun 3241 1 3046 1 2767 1
! dinou 4102 1
! drest 1096 2
! ddttp 1139 1
! damus 2742 1
! danst 1986 5
! delus 2323 31 1883 1 1884 6 1882 2 4885 1 4648 1 2327 2 1881 1
! devez 824 1
! dewey 4748 1 4616 2 4191 1 4582 1 1680 1 4204 2 739 1
! disun 4480 1 2327 1
! dwarv 504 1
! diviv 604 1
! ditto 392 1 204 1
! daunt 3 1
! drown 113 1 56 1
! dzwon 890 1
! dezso 1608 1
! devot 3 1
! domtr 2840 1
! durum 2490 2
! despu 4252 2 4242 1 4239 2
! drzwi 892 1
! dilut 6 1
! devpt 2905 1
! datur 583 1
! dizzi 4648 1 4066 1 3739 1 2014 1 1624 1
! dritt 997 1 963 1 825 2
! dntps 1139 1
! dazzl 2341 1 2323 1 939 1
! dhuss 4962 1 3996 2 3936 2 3644 2
! dport 3171 1
! dunqu 1431 1
! deput 593 1
! domus 4016 1 2006 1 4012 1 612 2
! donut 142 1
! disus 473 1 379 1
! delux 3045 1 2295 1 4693 1 3393 2 2023 2 1716 2
! devus 402 1
! dopus 4693 20
! durst 3004 1 1096 2
! duurt 1497 1
! drwxr 1574 2 1573 1
! dupuy 142 2
! ddddbb 4014 1
! dadadd 3046 1
! dadfad 3046 1
! dadgbd 3046 1
! dadgad 3046 3
! ddebdd 2230 1
! dgcfad 3046 1
! dddddd 968 2
! dgdgbd 3046 1
! dadgbe 3046 1
! ddddee 1215 1
! ddffdd 3389 1 2015 6
! dogfac 2180 5
! djadja 3056 1
! dilead 4051 2
! ddddff 0 3
! ddeeff 20 2
! decide 4392 1
! dfdfdf 156 3
! doodad 1747 1
! deceid 165 1
! deshac 1526 2
! danach 3141 1 997 2 1890 1 1500 3 1490 2 995 2
! decemb 499 3 177 1 271 4 414 1 50 3 165 6 441 1 404 1 216 1 398 10 492 1 251 4 392 1 330 2 302 1 396 1 167 4 120 1 402 9 287 1 381 1 40 1 87 1 248 1 90 1 223 3 458 1 328 3 190 1 282 1 421 1 186 1 56 1
! dfefff 3768 1 3370 1
! dekalb 4066 1
! debacl 56 1
! domaja 4831 1
! diffid 3023 1
! dahlia 3047 1
! dfgdfg 142 1
! dhania 2560 1 2153 1
! dricka 4690 1
! danagg 1310 2 1308 1
! dajeci 1269 1
! dhcpcd 4693 1 1573 1
! demana 142 7
! deseed 2095 1
! degrad 444 1 398 2 216 1
! defici 491 2 211 2 26 1
! detach 204 1
! decrec 4216 1 4175 3
! desicc 4667 1 2857 1 2767 1 2440 1 1695 1 1146 1
! descib 2956 1 1426 1
! decend 499 1
! defina 4175 2
! dalban 4690 1
! defenc 248 1
! diaria 4175 3
! duhkha 2323 1
! dargah 4958 4
! databl 3026 1
! deland 572 1
! daabas 3776 1
! defrag 4693 3 2379 2 3870 2 935 1
! dhanna 2323 1
! demand 404 1 402 1 171 1 56 3 355 1 221 3 284 1 54 1 251 1 249 1 211 1 398 1 248 2
! dannag 1308 24 1307 7
! davidd 4500 6
! deaden 3185 1 2935 1 3316 1 1306 1
! defend 251 1 271 1 359 1 249 2 248 2 198 2 176 2 221 3 162 1
! delici 200 1 56 1
! dibawa 898 1
! djenef 205 1
! dogban 2471 2
! dribbl 4219 1 3105 1 2971 1 2911 1 1307 1
! debian 142 2
! daarna 1772 1 1713 7
! dehinc 4012 1
! dbatch 4279 3
! degree 4668 1
! desena 4102 1
! donald 4973 1 593 1 3145 1 4365 1 4279 1 3777 1 4582 1 4780 1 2855 7 2334 1 1492 2
! dzieci 1278 1 1274 1 1269 1
! deafen 2319 1
! devedg 4684 1 3042 1
! disabl 427 2 165 1 158 1 211 1 121 1
! dispac 1034 2
! dilata 4245 1
! drench 3024 1
! dhyana 2323 8
! declan 397 1
! deepak 93 1
! degani 2865 1
! demean 1560 1
! denial 160 1
! dharma 244 2
! divide 458 1
! demarc 4648 1 1983 1 1460 1 719 1
! divied 995 1
! deceas 2778 1 2698 1
! defcub 51 1
! diimid 369 1
! debido 4175 3
! deprec 492 1 418 2 484 1 225 1 93 1 434 1 281 1 7 1 216 1 266 1 167 1
! depred 3023 1
! delian 3638 1
! dogrib 1416 2
! debajo 3592 2
! detlef 3620 1
! djulia 205 1
! dougla 142 1
! dunand 3026 1
! durabl 359 1 358 1
! dzieck 1274 7
! damian 4615 3 3470 1 3701 1 2161 3 1474 1
! davodd 1956 1 1995 1 1945 2
! drachm 2865 3
! dascii 4279 3
! depend 427 2 266 1 475 3 222 1 365 1 148 3 342 1 470 1 373 2 499 4 405 1 123 2 26 1 355 1 120 1 496 2 379 2 21 1 115 1 157 1 351 1 254 1 472 3 278 2 216 1 202 2 294 1 391 1 100 1 6 10 200 1 458 1 167 2 223 1 417 1 176 2 260 4 204 1 495 1 398 2 101 1 392 1 58 2 102 1 199 1 290 1 96 2 40 4 331 2 284 1 57 17 7 1 104 1 150 1 271 1 83 2 224 3 356 1 162 1 453 1 359 2 165 1 24 1 397 1 99 1 48 2
! dreami 4600 1 1585 1
! debugf 1576 1 1574 4
! dedico 4239 1
! dengan 142 1
! declen 499 5
! datang 1371 2 842 2 840 2
! double 4694 1 4550 29
! daarme 1816 1
! dezemb 4586 2 3887 2 3729 1
! debugg 431 2
! dubita 1431 1
! dagbok 4690 1
! dagogi 3378 1
! dajemi 1269 1
! defeat 251 2 499 1 249 3 248 7
! didact 165 1
! dogcar 1978 1
! dtheta 4242 2
! durand 221 1
! daniel 404 5 499 2 444 1 389 1 194 3 142 1 56 2
! dukaki 1864 1
! derang 4063 1 1656 2
! diabet 356 2 209 1 200 3
! dansai 808 1
! delcar 181 1
! duncan 4528 1 4038 1 3363 1 2939 2 2855 6
! delani 708 1
! declar 431 2 166 1 491 1 249 2 427 1 51 12 266 36 278 5 267 7 265 10 406 1 176 2 245 2 251 4 248 2 160 1 142 2 48 4 50 17 285 1 165 1 52 1 121 2 281 6 46 27 49 19 472 9 181 6 463 3 135 1 56 1 47 31
! divina 142 1
! daddyd 3726 1
! drimal 2323 1
! despic 3776 1 1307 1
! deciph 3057 1 3254 1 3530 1 3056 2 4183 1 3055 2 1630 1 2772 4 3054 2 3759 1 2865 1 3053 1 3015 1 1230 1 2875 1 2967 1 3014 2 2889 1 2881 2 2902 3 4208 1 2281 1 1655 1 1262 1 3025 1 3002 1 1776 1 1132 1 2441 1 1631 1
! depric 4715 1 4500 1
! desrib 2376 1
! dialog 252 1 223 2 214 1 199 1 190 1
! ddebug 4884 2
! domian 3701 1
! dicken 434 2 246 1
! dovich 2953 1 2698 2
! duplic 445 1 410 1 408 1 398 5 444 2 253 2 165 1 142 18 303 1 416 2 163 1 162 1 151 1 384 1 177 4 56 3 51 1 49 1
! derail 2956 1 4535 1 1450 2 733 1 573 1
! demain 404 8
! dtoacp 2865 1
! devoic 4391 2 1986 2 1503 5 890 3
! defini 3499 1 1044 1
! domref 3966 1
! dunbar 4647 2 4582 2
! dnssec 1185 4
! defect 392 1
! detrib 4648 1
! dacier 3054 1
! dagger 4573 5 4063 4 3538 1 2471 2 1024 2 3025 1 1000 6
! dancer 2875 2 2874 2 2857 1 1871 1
! deacon 4647 1 4649 1 504 1
! dellpc 3390 2
! dermal 1161 3
! differ 3 1
! digram 692 1
! dingen 1513 2 1514 1 1459 2
! djosef 194 1
! doheni 736 1
! duchar 2865 1 1526 2
! dumbil 2321 3
! daelim 3059 1
! dettag 4065 1
! deseen 3236 1
! delete 232 4 56 4
! devoci 142 1
! durham 1802 1
! dorian 3459 6 3465 3 3145 1
! douard 4766 2
! dolman 3017 2
! dimecr 142 1
! dotard 4072 1 4063 1
! drewbi 2775 1
! domain 497 1 418 1 493 2 416 1 444 3 398 6 389 3 458 2 113 1 391 2 417 8 370 1 318 25 241 2 149 3 57 14 10 1 173 1 153 2 120 1 167 1 52 1 428 1 51 1 192 2 142 3 48 1 285 1 50 1 93 1 46 1 282 2 329 1 47 1 233 1 374 2 139 3 43 1 20 1 396 1 148 6 56 11 16 2 298 1 49 1 131 6
! dagnar 1311 1
! dakota 1311 1 655 2
! darauf 1285 1
! datgen 1710 1
! datsch 2006 1
! dcfilm 2403 1
! decker 3003 4
! deinem 1890 1 1514 1 997 1
! delphi 221 1 142 6
! demora 4772 1
! denari 4010 1
! desear 3024 1 1526 2
! desuka 481 1
! devoid 123 1 7 1
! dienen 142 1
! daishi 373 1
! daycar 4690 1 2714 1
! dejamo 4245 1
! deepen 284 1
! dodger 4869 1 4490 2
! dhiann 2161 3
! dismal 2881 1
! diggin 3226 1
! daiiin 3751 2
! dealer 3110 1 1554 1 736 1
! digger 4790 2
! diogen 3026 1 3025 3
! dingar 1749 2
! declin 498 2 499 10 494 1 249 1 211 2
! detain 3023 1 2726 1 1096 1
! deepli 484 1 249 1 165 1 113 1
! dental 193 3 166 1 142 3
! drilco 2403 1
! darnel 3345 1 3014 2
! dziemi 1278 1
! daleko 890 1
! darken 3231 1 3755 2 2875 1 2865 1 2089 1 2873 1 739 1 1949 1 4180 1 2295 2 1492 1 722 1
! deamer 3901 1
! decidu 226 1
! deflat 4582 1 1913 1 1445 8
! delcol 3557 2
! denken 1986 5 1500 1
! deriva 4254 1 4238 1 4245 1 4175 1
! desecr 162 1
! desold 4835 1
! diesem 142 1
! diseas 288 1 211 2 200 4
! disloc 4603 1 2933 1 2323 1 703 1
! django 1872 1
! doubli 294 1 106 1 6 1
! doulbl 444 1
! drogen 142 2
! dueepj 3362 4
! durden 1872 1
! danger 349 1 290 1 200 1 438 1 229 1 435 1 160 1 51 1 7 1
! dauber 2114 1
! danych 3777 1
! diesel 288 1 142 2
! dissid 4790 1 4616 1 570 1 4673 1 3673 1 739 1
! despej 4258 1
! donogh 4572 2
! dirnam 3171 2
! desfil 724 2
! durian 462 1
! dammen 2631 2
! dwindl 1494 1 708 1
! deleth 3143 1
! djaciu 194 1
! dvorak 336 1
! daldom 1591 2
! deceit 4673 1 2341 1
! decimo 4281 9 4203 9
! dejarm 4239 1
! delano 829 1 702 1
! deterg 211 1 12 1
! dhimmi 2865 1
! diagon 369 1 318 2 158 8
! dioxid 359 1 263 3 123 1 24 1 27 2 342 1 12 1 358 1 6 1
! drinki 4831 1
! dublin 3620 1
! desire 4668 1 2323 1
! dunkel 963 1
! daklin 1490 1 995 1
! decipl 4958 3
! dioces 1820 2 1178 1 967 1 572 2
! devinf 2321 1
! drmath 330 1
! dampen 3316 1 2955 1 2804 1 2607 1 2593 1 2615 3 1445 1
! delong 4567 1
! diesen 3004 1 4726 1 1686 1 1513 1
! dramat 398 1 165 1 418 1 83 1 127 1 12 1
! damsel 4066 1 2874 1
! darood 4958 1
! design 221 1 419 1 233 1 472 1 49 1 201 1 7 2 54 1 398 17 358 2 266 1 406 1 265 5 359 2 226 1 411 1 223 3 270 6 216 13 213 1 307 1 113 1 202 4 484 2 6 1 200 1 152 1 244 1 56 8 441 2 150 6 142 10 48 1 131 1 112 1 349 1 114 1 158 1 190 1 93 2 46 1 423 1 47 1 121 6 167 1 21 1 397 2 494 1 431 1 149 2 428 1 40 2 41 1
! dollar 342 1 249 1 229 1 223 2 158 4
! dhuram 2323 1 1877 2
! deceiv 2882 1 2327 1 1307 4 1096 1
! detect 284 2 142 1
! dryden 4072 2 4066 1 4063 2 4038 1 2865 1 504 1
! danish 4693 1 4689 1 3414 6 2666 1 3149 1 2881 1 3638 1 1775 1 4152 1 2634 6 621 1 1303 2 4493 3 1595 1 2855 1 1040 2 3160 1 3413 3 3758 1 722 1 2317 1
! danjer 4831 1
! decant 3025 1
! degorg 2235 2
! deliri 2804 3 1591 2
! dertig 1986 1
! dorsal 229 3 231 1 226 5
! diaper 3078 2
! dinger 40 1
! dinucl 1162 1
! disagr 428 1 383 1 174 1 204 1 150 1 485 1 56 1
! dlevel 4279 3
! domini 404 1
! dragon 142 1
! drupal 3563 1 959 2
! dynbuf 1316 3
! divmod 3334 2 3330 2
! diamet 464 1 359 4 358 1 353 6
! dunlap 4673 1 703 1
! dugong 4768 2
! dizain 404 1
! direct 285 2 462 1 427 1 282 2 447 5 211 1 422 2 281 2 328 1 304 1 373 2 428 1 331 1 310 1 496 5 499 2 402 1 305 1 295 1 389 1 265 3 453 4 259 1 406 17 359 5 165 1 260 1 230 1 223 1 152 2 249 1 202 2 396 1 204 1 398 7 278 1 181 2 266 4 169 1 349 1 58 5 252 3 158 6 7 3 201 3 298 3 254 12 157 7 149 1 241 1 47 15 191 1 94 7 397 6 494 1 106 1 12 1 83 16 160 2 113 1 187 1 90 1 67 1 51 2 148 2 342 5 26 1 123 1 54 1 150 2 444 1 56 5 46 4 167 3 189 2 95 1 99 1 6 2 121 5 127 1 50 2 57 4
! deklin 142 1
! dewlap 3025 1
! darrel 3269 2
! deeper 285 1 223 1 154 1
! dewelk 1710 1
! distal 4649 1 3789 15 3213 2 1357 1 1137 1
! dogmat 227 1
! distei 280 1
! desorb 211 1
! deiner 1022 1
! dedalv 4619 2 4731 1 4616 1 4611 3 4600 1
! decapt 1644 1
! dunphi 1308 1
! danilo 3592 2
! dicero 2275 2
! duckwe 508 1
! depict 263 2 218 1 158 4 35 1 21 1
! dansen 1986 4
! denigr 4583 4 1307 1
! diazen 369 1
! disini 898 1
! dislik 499 1 175 1 152 1 111 1
! dispel 4376 1 2323 16 4648 1 3944 1 2327 1 1884 2 3057 1 1880 4 1881 1 4066 1 1591 1
! diverg 112 1 384 1 54 1 40 1
! djbdns 1185 2
! denomi 1800 1
! diario 4175 3 3024 1
! deweer 726 1
! dynein 359 5
! dammer 2631 1
! dissoc 126 1
! dictat 416 1 251 2 249 4 253 1 165 3 373 1 186 1 221 2 46 1
! ddroar 2108 1
! dijimo 280 1
! daemon 1573 6 4550 1 2905 5 1185 1 959 2
! dearth 2805 1 1497 1
! dothat 1106 2
! darker 4225 1 4032 1 4648 1 3339 1 3759 1 3231 1 3579 2 4775 1 3393 1 3265 1 2913 1 3758 1 2194 2 3620 1 2930 1 2490 1 4416 1 1311 1 2093 1 2295 1 1935 1
! dreamt 4063 2 3020 1 2210 1 2279 1 1927 1 1270 1 1591 1 1096 2
! dynamo 4377 1 2751 1 1094 1
! danner 3345 1
! despar 1585 1 1497 1
! deirdr 4648 1
! donahu 1864 1
! dorota 1275 4
! dimmer 3267 3 2404 1
! dallet 4583 3
! darren 1196 1
! defens 398 1 354 1 204 1 160 1 251 4 229 1 252 1 142 2 56 1
! dither 4673 1 2369 1
! ductil 4696 1 4054 2
! dormar 4831 1
! divorc 4618 1 4775 3 2784 3 2327 1 4606 1 569 3 2780 2 1595 1 4488 1 1308 2
! damion 3057 2
! decent 282 2 396 1 221 1 176 1 56 1
! dermat 2698 1
! disord 356 1 123 1
! debunk 4775 1 1870 1
! daikon 4841 1 4251 2 1902 4 2551 2 2438 1 2437 9
! drivel 221 1
! damper 3185 1 1938 1
! doggon 2774 1
! deviat 397 1 223 1
! darner 2874 12
! dunlin 2897 1
! dainti 3738 1
! dieser 3004 10 1769 1 4726 2 1686 2 1513 2
! dawkin 4649 2 4647 2 1153 2
! dinner 254 7
! dieter 237 2
! deduct 4890 1 3745 8 3872 4 978 1 3025 1 3747 1 1492 1 3746 1 1800 1 3748 1 2890 13 2455 1 1914 1 639 1 1628 1 720 1 969 2 1114 2
! devcon 4694 1
! devemo 4239 1
! dispar 3759 5 2321 1 3663 1 2092 1 4611 1 4688 1 2881 1 4047 2 1583 1 3213 1 1431 1
! drukar 4696 5
! delori 1361 1
! dibujo 4175 2
! drenth 1869 1
! dissap 2684 1
! decyph 4300 1 1632 1
! dipnoi 226 1
! deglaz 4303 2 2235 2 2046 1 3832 1 1697 1
! decept 4670 1 4647 1 3459 1 1968 1 2865 14 3247 1 2327 1 2306 1 2323 1 2875 1 708 2 3761 1 572 1
! dentat 1752 1
! dwight 1307 3 829 1 740 1 1310 2 573 1 2223 1 1308 1
! diphon 3149 1
! driven 453 2 495 1 265 1 221 1
! danser 404 1
! deplet 4755 1 1125 2 2698 1 2963 1 4756 2 2952 2 1126 2 2954 1 2717 1 2484 1 736 1 2881 1 2554 3 728 1 722 1
! diatom 354 1 27 6
! donalt 4775 1
! donner 1047 2 754 6
! dankon 402 1
! develp 1461 1
! dosasl 4694 1
! defnit 970 1
! decliv 3023 1
! dueful 4066 1
! docent 4065 1 3499 1
! deform 4696 5 4594 1 4737 2 4648 2 3889 1 3650 1 1158 2 3343 2 2260 1 2403 1 2388 1 2871 1 2387 2 4697 41 2190 5 980 2
! dailey 4671 2
! devote 249 1
! donghu 3053 1
! dieron 280 1
! diplom 2321 1
! dsourc 121 1
! dinero 224 1
! dietet 3620 2 2226 1
! distil 258 1
! denser 4697 1 3289 1 3188 1 3343 1 3046 1 3043 1 3230 1 2325 1 1425 1
! dentin 1154 1
! desper 249 1
! dgrant 40 4
! diaton 3525 1 3485 1 3462 2 3456 3 3283 2
! dimens 94 1 95 2 158 2 58 2 36 2 281 3 465 1 142 3 129 1 359 3 83 10 42 1 107 4 41 6
! direxi 4355 1
! darrer 142 1
! decupl 1166 1
! dehydr 358 1 6 8
! ducass 2314 1
! dammit 242 1
! devcpp 2683 1
! drawer 4392 1 4325 1 4693 17 4308 1 3326 1 3612 1 3508 3 3393 1 4694 1 2340 3
! divulg 4765 1 2319 1 736 1
! domino 4869 1 2247 1 740 1
! daoism 244 1
! dignit 796 1
! defint 223 1
! dipper 4897 1 4892 3 2897 3
! defray 651 3
! dessin 142 3
! deprav 1307 4 1306 4
! duabus 562 2
! discor 2897 1
! dhenro 2560 1
! dobson 4766 1
! diluer 583 1
! daiton 3525 1
! damnit 4619 1
! dition 3378 1
! disori 3436 1 2881 1
! davant 142 1
! destin 352 1 251 1 499 1 48 1 202 1 359 3 139 1 49 5
! devalu 3002 1
! digito 1431 1 583 1
! direkt 4831 1 1514 1
! diviti 4012 1
! dontat 56 1
! devant 809 1 726 1
! defaut 1633 1
! dailyj 958 1
! dopant 2589 2 2554 2
! dmitri 2188 1
! dihydr 2115 1
! deciss 4748 2 4571 1 3495 1 1680 1
! denver 4368 2 4367 1 1716 2 1661 2 1595 2 1438 2
! detlev 3701 1
! depart 359 3 444 1 411 1 398 15 142 1 329 2 218 1 397 1 56 1
! damson 3024 1
! dialup 417 1
! dollop 4839 1 2924 1 3561 1 1435 1 4515 1 3560 1
! dreyer 4180 1
! dolent 3663 1
! dimart 3976 1
! dehusk 2730 1
! dismay 4392 1 573 1
! disuse 4668 1
! dodosn 3320 1
! dodson 3772 2
! driver 265 1 121 2 54 1
! dtirol 3004 1 917 1
! duftet 4869 1
! delint 4694 1
! dalton 360 2 362 2 357 2 372 2 361 2 221 1
! digest 359 5 258 2 352 2 231 1 226 1 364 1 229 5 349 3 211 10 464 4 354 1 200 4 230 1
! darwin 397 1 484 1 309 12 251 1 226 1
! donnon 754 1
! dudley 2780 1
! datter 2631 1
! dtterm 4350 1
! dylnug 3780 2
! daytim 2274 1 1624 2 997 1 3697 3 1585 2 993 1
! dormir 198 2
! denyer 3265 4
! droogt 1497 1
! debtor 3025 1 593 1
! durant 4252 1 4162 1 3024 4 1431 2
! daylon 4610 2
! derart 2782 1 1514 1
! detent 1447 2 1186 1 573 1
! devoir 939 2 806 1 805 1 1044 1 824 1 814 1 799 1
! deweez 726 1
! diffus 365 4 363 2 359 1 217 1 211 2
! dissip 4648 1 2404 5 3025 1 4697 2 2589 1 4567 1 4291 1 2751 1 2452 2 4063 1 4040 1 2698 1 2403 19
! dodiss 1186 1
! dotnet 4169 1
! dretsk 4648 1 4582 2
! danson 823 1
! donkey 3025 3 4119 3 2865 2 4768 3 2775 2 2164 1
! disent 824 1
! dexbot 427 3
! daniyl 194 1
! dunlop 1445 2
! deplor 2327 4 4038 1 2323 1 1985 2 1741 1
! demest 2340 1
! dillun 3976 1
! dustin 56 3
! dektop 392 1
! diminu 3965 1
! dequeu 3778 4
! despis 4416 1 1306 2 4066 2 2784 1 4072 2 1057 1 4038 1 4063 2 1400 1 2057 1 3342 1 1307 3
! deterr 2890 1
! devenu 3965 2 809 1 726 1
! dexter 4781 1 4584 1 3213 4 1431 1 2935 1 740 1
! discov 356 1 185 1 369 1 7 1 237 1 398 1 358 1 160 2 428 1 221 1 83 1 12 1 491 1 54 1
! diuret 4885 1 3789 15 1974 1 1938 1 1591 2
! dotter 4573 1
! duarum 562 1
! dispon 4238 1
! despit 379 1 240 1 427 1 473 1 496 1 499 2 223 1 428 1 221 1 7 1 398 1 160 1 248 1 6 1 249 1 458 1 205 1 107 1
! disast 428 1
! deputi 4668 1 2788 1 3017 1 2786 3 2785 1 1802 5 2883 1 2784 1 1064 1 593 1
! disset 4102 1
! dictum 4673 1 3760 1
! diglym 6 1
! darfst 971 1 970 1
! duluth 4860 1 2865 1
! dispit 3042 1
! duster 2471 2
! daimyo 1872 1
! dubius 3873 1 2897 1
! dijist 280 1
! daucus 1931 1
! dekiru 473 1 379 2
! deniqu 4012 1 584 1
! dentit 4781 1 4770 3
! desert 467 1 249 1 248 1 158 4
! djeimz 194 1
! duplex 3945 2 934 4
! dynast 3638 1 1772 2
! doskey 1361 1
! devast 251 2
! devint 3965 1
! doctum 1557 1
! doctor 237 2 192 1 27 1
! domest 309 1 200 1 142 1
! dobriy 1366 2
! disney 4763 1 1872 1
! disson 3485 6 3462 1 2927 2 3455 1 3459 1 3454 23 3123 1 3082 3
! dodssp 1186 1
! doesnt 223 1 153 2
! duobus 562 4
! daoist 1591 1
! drowsi 3620 1 2327 2 1678 1
! discus 56 1
! dansez 823 1
! dyslex 2864 1 1898 1
! depriv 4059 1 3780 1 1740 4 2323 10 1311 2 4046 1 2804 9 1306 1 708 2 570 1 4790 1 2881 2 581 1 650 1 2327 6 648 1 703 1 702 3 651 1 649 3 3731 1 739 1 574 1
! divers 359 2 358 5 218 2 284 1 217 2 220 1 121 1 364 1 210 1
! dosbox 4693 1
! detest 736 1
! dawson 113 1
! dajesz 1269 1
! deserv 447 1 265 1 253 1 251 1 221 1
! divest 3638 1 3023 1 2327 1
! darius 2340 6 1479 2
! dayton 56 1
! dentro 4175 2
! dilult 506 1
! dzdydx 2888 2
! divert 3220 1 2865 1 2319 1 2404 1 2327 1 703 1 1869 1 1310 2 3780 2 843 3 708 1
! duress 1764 1 735 1 4508 1 703 1
! dmytri 4610 2
! derriv 2571 1 1962 1
! dydzdx 2888 1
! dicuss 486 1
! dydxdz 2888 1
! dutton 2902 1
! dispos 2323 1 3979 1 4606 1 3272 1 650 1 4584 2 4377 2 3813 1 1916 1 3181 1 1918 8 2952 2 649 1 1636 1 2360 1 2171 1 1184 1 3025 3 702 1 2166 1 2327 2 3638 1 3920 1 3230 7 3620 1 4748 1 571 1 1370 1 2014 3
! ddntps 1139 1
! desist 4714 1
! despot 245 1
! docstr 3334 8
! disown 709 1
! dxdydz 2888 2
! duorum 562 2
! deport 249 4
! dolsot 4839 1
! diprot 4051 1
! dupont 3025 2 2666 1
! devolv 3350 1 2788 5 2786 5 702 4 1758 1 2784 1 649 4
! divuit 4102 1
! dijous 3976 1
! distro 4694 2 3996 2 3541 10 4693 3 2944 17 2379 1 3437 1 3045 1 3936 2 3402 2 3171 2 3399 1 935 2
! darunt 2782 1
! dryest 3538 1
! deploy 4791 1 4584 2 3203 1 2952 2 2787 1 1628 5 2341 3 1560 1 2319 2 571 1 3662 1 4743 1 3363 2 3121 1 1504 1
! delrow 3557 1
! dobroy 1366 1
! doctyp 216 3
! downto 4215 1
! depost 1431 1
! divsor 604 1
! dissyl 1166 1
! devour 4063 1 4038 1 3025 1 1979 2 3024 1 2279 1
! detour 6 1
! dziesz 1278 2
! dpopov 2669 3
! disloy 4673 1 573 1
! divokz 1906 1
! devout 249 1
! drizzl 3188 1 1488 3 2247 2 1675 1 1666 1 939 1
! dessus 3272 1 1199 1
! disput 386 2 271 4 491 5 385 7 176 1 383 9 389 1 251 2 246 1 384 2 230 1 180 2 135 5 56 7 221 3
! dopisz 4270 1
! dasyus 3023 1
! downsw 1916 1
! deruyt 4066 1
! deseada 142 1
! decided 702 1
! dimebag 3269 2
! derecha 4236 4 4175 1 3592 4 3024 1
! deadfal 4454 1
! diagaam 668 1
! dynalab 3053 3
! dunciad 4038 1
! djeikeb 194 1
! daurada 3282 1
! delenda 3376 1
! drachma 2865 1
! deberea 1352 1
! diengag 1300 1
! defianc 4600 1 2871 2 2121 1 1307 1 593 1
! dodecan 123 1 122 1
! drupada 2323 4 1879 6
! deadend 113 1
! decibel 3980 2 2767 1 2452 1 1008 9
! deniabl 3260 1 1628 1
! direcci 3024 2
! dharana 2323 1
! deseabl 3634 1
! digicam 4035 2
! dihalid 6 5
! deshalb 2782 1 2377 1 1489 1
! daniela 142 3
! disable 4653 1
! delfeld 460 2
! defined 1800 1 1504 1 962 1
! drainag 4781 1 4632 1 2928 1 3789 1 2879 2 2340 1 571 1
! digamma 4608 1 3149 1 3145 1
! diminea 1256 1
! disband 249 1
! dumbbel 35 1 36 2 21 2
! dziadek 890 1
! dimanch 404 1
! debrief 3441 1
! depalma 1870 1
! derrida 4582 1
! djeseka 194 1
! daurica 2897 1
! despeja 4254 1 4175 1
! descend 495 1 470 1 210 1 6 1 226 1 21 1
! defendi 1972 1
! defranc 3350 1 3053 2 3016 1 1656 1
! diehard 1361 1
! disgrac 4038 1 2323 6 1741 1 1884 4 1985 2 1880 2
! dominec 4392 6
! displac 123 1 100 1 99 7 94 7 105 11 6 3 83 3 58 6 54 2 95 4 40 1
! devalla 142 1
! deshima 3450 1
! dilemma 398 1 9 1
! dilapid 3054 1 1306 1
! dynacap 2403 1
! discard 331 1 48 3
! detaild 1494 1
! decharg 2717 1
! databas 391 2 423 1 398 2 431 1 392 2 389 4 232 9 255 1 176 1 108 1 154 2 165 1 284 1 330 1 265 2 56 3 424 1 160 1 317 1
! declare 4653 3
! deleted 2927 1
! dezelfd 1816 1 1459 1
! dvapara 2323 2
! danaman 1535 3
! delphic 4673 1
! deictic 4649 1
! dogmata 504 2
! deltake 1034 1
! diydata 1445 1
! deborah 3014 1
! depreci 398 1 397 1
! distaff 4690 1
! dracula 4605 1 3592 1
! diaphan 798 1
! dataine 3790 3
! digilif 3790 1
! diagram 499 2 417 1 468 1 54 1 336 1 83 15 318 14 467 2 444 3 113 4 442 1 207 32 212 1 235 1 488 1 297 16 438 1 67 1 263 2 493 1 211 2 27 1 142 2 260 1 25 3 105 1 167 3 6 1 453 1 359 1 30 1 40 2
! darjeel 3387 1
! discedo 612 1
! dreimal 3729 1
! dignifi 4648 1 3144 1 2327 2
! dosbase 4715 1
! dunkeld 2855 1
! dazibao 3320 1
! diffold 4550 7
! delapan 4446 1 838 8
! dismemb 1306 1
! deleita 142 1
! dealloc 472 1 50 1 49 1
! dasheen 2259 1
! disdain 661 1 4038 1 3663 2 2688 1 593 1
! discarg 2403 1
! disease 4668 1
! darkacq 4693 1
! dzhandl 4533 5
! diabeti 2798 1
! disarma 251 1
! disiang 4444 1
! diagran 440 1
! digtial 2865 1
! deadlin 4647 3 3662 3 1867 1 3864 1 1876 2 1848 1 1197 1 581 1 1866 1 1071 2
! dialect 494 1 477 1 473 1 190 3 371 1 173 1 232 2 166 1 266 1 167 1
! dzisiaj 890 1
! diatrib 4855 1 3025 1
! despenc 1764 5
! deadmin 491 1 160 1
! decagon 3190 1 504 1
! deliber 499 1 491 1 221 1 142 2
! dennoch 1513 1
! diaxial 916 1
! displai 3557 4 1576 1 1575 2
! distanc 453 1 248 1 204 1 397 1 467 4 260 3 95 3 83 7 106 1 67 1 113 1 102 1 105 1 123 1 54 2 101 1 57 3 103 1
! dostack 4715 3
! dynaloc 50 1
! digulla 4715 1 4693 2
! disagre 427 2 402 1 422 1 411 1 398 3 393 1 318 1 285 1 282 1 167 4 223 1 221 1 175 1 251 1 383 1 176 1 165 1 160 1 56 1
! delslic 3334 2
! dateien 3141 1
! domicil 3921 1 3920 4 3025 2
! delapsa 583 1
! deincep 582 1
! demangl 4694 1
! dirigen 4252 1 4175 1
! daniell 1870 1 1560 2
! deflect 4408 1 627 1 2789 1 3207 2 3382 2 2830 5 2323 1 4669 1 1055 4 637 1 2695 5 4052 1 2072 7
! dislike 4668 1
! diploid 230 2 229 3
! diamond 224 1
! downfal 249 1
! digraph 166 3
! decidir 1526 2
! decreas 427 3 342 5 211 1 131 1 106 1 99 2
! deltape 1034 1
! denarii 504 1
! digital 1027 1
! diploma 4050 1 4080 1 4058 1 4043 4 4046 2 2500 1 4495 1 799 1
! divulga 142 1
! deceler 3730 1 2595 1 2485 1 4105 1 2697 1 962 2
! dislodg 4673 2 4563 1 572 1
! dadurch 1514 1 1513 1
! deshita 481 1
! diapsid 226 1
! dobject 3372 2
! decenni 653 1 641 1
! daniken 2882 1
! dunedin 2285 1 1695 1
! damasco 254 1
! dziecko 1279 3 1278 3 1276 3 1277 3 892 1 889 1 1274 3 1269 1
! dorfman 4671 1
! dupaign 3231 1
! darksid 3260 1
! defense 4668 1
! derbeth 491 10 444 8 428 11 393 6 173 2 165 3 366 6 56 4
! dvaitam 1837 1
! divorce 4668 1
! dresden 4874 1 2949 1
! duchamp 1492 2
! dudleya 2471 4
! degencr 2327 1
! dirumah 1177 1
! dreamer 2747 1 2210 3 3780 3 1624 7 2977 11 1591 1 1678 1 2327 1 1585 3 1259 2
! dispali 113 1
! degreas 1549 6 1487 1 1486 1
! dielect 2810 1 2403 1
! dablink 2804 1
! derefer 4971 1 3870 1 3790 2 3479 1
! dramati 142 1
! degener 221 1
! denunci 709 1
! delicti 502 1
! drastic 165 1 398 1 163 1 427 1 417 1 162 1
! desalin 3509 2 3102 1
! dainamo 2228 2 585 2
! dastard 3377 1
! dattera 2631 1
! descibt 4392 1
! diptera 2811 2 2263 1 2130 1 2114 2
! diumeng 3976 1
! doublen 6 1
! dropoff 4454 1
! drucken 1513 1
! ducahon 3965 1
! dhaniya 2560 11
! distend 3789 1
! diboran 6 3
! dunwich 2783 1
! diccion 4239 1
! defacto 221 2
! deficit 3620 2 1311 1
! dselect 1782 11 1576 1
! deistic 4138 1
! djorden 193 2
! dwmlgen 3363 19
! dblflat 3456 1
! discord 56 4
! duplcat 3412 1
! deparar 3499 1
! delikat 3004 1
! desembr 3976 1
! doerder 1132 1 1121 1 1146 1 2147 2 1139 1 1128 1 1138 1 1122 1 1129 1 1118 1 1114 1 1137 1 1119 1 1142 1 1131 1 1120 1 1125 1 1127 2 1196 3
! dawoodi 2865 1
! danmark 4690 1 1303 2
! darvian 1718 2
! dietari 200 3
! diatome 1772 2
! distinc 142 1
! dmonego 1450 2
! duchenn 1162 1
! dukedom 2018 1
! dehuman 4673 1
! dejongk 4693 1
! dotzena 4102 1
! docbook 3257 1 2322 1 3266 209 1906 2
! dispref 1012 2
! definat 1493 1
! draperi 1980 1
! dominik 3622 1
! docosan 122 1
! doctora 4495 1
! dualpng 4693 1
! drawing 2323 1
! daarvan 1710 1
! degrees 4668 4
! denmark 4958 1 1438 1 4690 2 4932 2 3414 2 2952 3 917 1 3685 3 4021 1 3449 1 740 1 2327 2 3638 1 2855 1 739 2 4790 1 3456 1 765 1 3160 2 3413 2 1303 3
! diaeres 504 1
! diaresi 2139 1 1058 1
! dopamin 3620 1
! dowitch 2897 2
! drinken 4496 2
! duizend 1986 5
! dakotan 1307 1
! dunnock 2897 1
! downcas 3275 1
! dispdat 51 2
! dissoci 142 2 26 2 6 5
! delawar 829 1 651 1 571 1 663 1 655 1 702 2 708 3 593 8 570 2 703 1 664 1 572 1 649 1
! danelaw 2855 1
! deserta 3019 2
! djtjtdj 142 1
! dordogn 1923 1
! dieteri 1259 1
! dragonl 1864 1
! decapit 1469 1 2798 1 703 1
! delight 4903 1 4038 1 4690 2 3260 1 3062 1 2677 2 2323 11 3266 1 1883 1 1032 1 3830 1 3025 2 1881 1 3751 1 1848 1 1526 1 1810 2
! daimler 2954 1 2717 1 733 2
! deducir 4239 1
! defiant 397 1 242 1
! delitem 3334 2
! depolar 4669 1 1156 2
! descipl 4958 2
! dirmark 160 4
! discipl 4958 4 4038 1 4180 1 3760 1 2327 1 2323 14 3145 1 3024 1 1884 2 951 3
! diurnal 4898 1 4770 1 2274 3
! doorman 2330 1
! dragnet 573 1
! durango 1307 1 1306 3
! drinnen 973 1
! diamant 224 1
! degaull 252 1
! detract 398 1 56 1
! difftim 1107 1
! dieresi 404 1
! dunklen 963 1
! denomen 4682 11
! dentari 226 2
! dialekt 2609 1
! denario 4012 1
! dissabt 3976 1
! drafter 2881 1
! druidri 2902 1
! docenti 4065 1
! deutsch 249 1 142 2
! debilit 2016 1
! dryobat 393 1
! darkish 3025 1 3022 2
! drucker 56 1
! discrep 4541 1 4500 1 1797 1 3149 3 1059 1 4670 2 3900 2 4648 1 568 1
! declens 499 26 498 30 496 55 307 7 494 6 285 1 495 1
! denounc 251 3 249 3
! derivan 4254 1
! desliza 4245 1 4175 2
! despair 398 1 204 1
! despond 2323 1
! desteni 193 2
! diminer 3620 1
! discern 3920 1 4870 1 3145 1 4608 1 3751 1 3025 1 2960 1 2817 1 2955 2 2323 1 4577 1 2875 1 2582 1 2825 1 3342 1 2169 1 4649 1 509 1 1884 2 4894 1 2364 1 934 1
! dividir 4281 8 4203 8 4175 1
! dolphin 226 1
! domingo 199 4
! downsid 4715 1 3480 1 3260 1 2840 1 3759 1 3283 2 3053 1 4618 1 878 1
! dresher 3061 1
! dualiti 428 1 132 1
! dungeon 4610 1 4616 1 2977 1 869 7 3023 1 868 4
! dweller 4673 1 1883 1 2323 14 3059 2 4324 1 4038 1 1884 6 4062 1 3596 2 3024 1 3018 1 1881 1
! definet 3815 1 1365 1
! dbmopen 3041 2
! dipolar 4537 3 2403 1 916 1
! dertien 1986 1
! diddley 740 1
! dodecyl 2933 1
! dirtmap 2295 4
! digniti 4790 1 4775 1 3024 1 4648 2 2327 2 2015 1 2323 10 3694 1 1560 2 796 1
! diplura 2811 2 2263 1
! diffnew 4550 9
! dirtmod 2295 1
! degotar 142 1
! degoten 142 1
! deities 4668 2
! delicto 502 1
! delimet 1585 1
! derecto 1431 1
! derkalt 573 3
! despite 3059 1
! devoran 3024 1
! diligit 582 1
! dochter 2006 1 1458 1
! domdocu 1504 3
! doublet 359 7
! downhil 358 1
! dirigir 1526 2
! divendr 3976 1
! differr 1461 1
! drunken 242 1
! dogwood 2471 4
! diacrit 190 1 166 2 157 4
! dataset 154 2
! dissati 4673 1
! datetim 3363 2 2632 2 2626 1 1504 1
! derksen 2152 1 2163 1 1703 1 1474 1
! darkblu 15 6
! delenit 3844 2 3843 2 3841 2 3842 2 3837 2
! denomin 484 1 458 1 480 3 202 1 148 5 58 2
! descrip 3028 2 3027 1 2164 1 3055 1 3054 1 3029 4
! dichrom 4784 1 4537 3 4051 3
! dissect 2865 1 4775 1 2949 1 2369 1 2357 1 2327 1 1377 1
! dixmier 3889 1
! dominio 142 1 56 2
! donovan 375 4 165 1
! directo 3592 3 991 1
! definit 328 1 260 20 419 1 90 1 258 43 355 5 493 1 176 1 458 14 223 6 472 1 331 1 390 1 108 2 330 5 491 2 297 3 207 2 232 1 290 4 431 2 257 19 160 2 398 2 301 2 277 3 230 5 227 1 222 1 318 3 124 1 221 2 499 1 208 2 305 1 173 1 168 5 298 1 7 2 51 22 148 15 414 2 123 2 26 15 57 10 154 1 165 10 118 4 253 1 447 3 397 2 9 1 494 2 441 1 150 3 50 2 285 3 94 3 191 1 186 1 380 1 95 2 192 2 48 1 142 3 282 1 47 3 139 3 58 3 281 1 46 1 41 15
! dadaist 4180 1
! dummthi 142 1
! djezmen 205 1
! damnant 502 1
! destini 4775 1 2327 13 2902 2 4673 1 3544 1 4648 2 2871 1 2864 1 828 1 2323 9 2369 1 708 1 829 1 4668 1 827 2 4790 1 2214 2 1741 2 703 5
! descent 309 2 225 1
! detoxif 465 1 359 5
! duocent 3361 1
! deviant 3061 1
! dedisti 582 2
! derivar 4250 1 4245 1 4256 1 4244 1 4238 23 4242 2 4237 1 4241 1 4236 16
! departi 4831 1
! dlessli 1777 1
! dorerin 1457 1
! douzain 404 1
! draught 754 1
! drawlin 1801 1
! dualism 12 1
! dziekuj 888 1
! deletet 3260 1
! descart 142 2
! defunct 379 1
! demessi 2902 1
! dotpubl 3492 2
! dialogu 402 5 282 10 190 9 162 2 404 2 174 1 426 2 173 1 499 1 154 1 223 3 168 1 406 5 199 1 166 6
! demodul 4696 4 3945 5 4498 2 2698 2
! dorothi 736 1
! discrip 1018 1
! dinasti 1763 1
! diction 1423 3 1245 1
! dashmon 4048 2
! diuresi 3789 5
! donburi 4251 2
! dossier 3920 2 1085 1
! deliver 2323 1 4647 1 3957 1 1312 2 1311 1
! deactiv 211 1
! dynamit 1044 1 733 1
! diagnos 284 1
! darklon 4449 2
! delimit 265 1
! diametr 398 1
! disobey 2327 1
! drufino 4789 2
! discret 444 1 399 1 491 1 447 1 282 1 318 2 186 1 278 1 308 1 21 1 297 2 458 1 207 4 184 5 142 11 131 1 185 2 35 1
! doubter 398 1
! devenir 3965 1 1431 1 809 1
! denizen 4775 1
! doppler 2830 1 4697 2 2079 8 1008 1 2075 1 1495 1 1025 1
! dijeron 280 1
! dervish 4958 1
! deltion 4197 1 3412 1
! dibromo 6 1
! dispose 4716 2
! dendrit 2407 1
! doubley 3778 1
! demerit 736 1
! default 431 1 337 1 297 1 265 1 193 1 216 3 169 1 152 1 336 1 484 1 108 1 47 3 304 2 51 4 50 2 417 2 49 4 158 27 181 4 186 1 48 3 157 4 167 1 496 1 266 7 46 6
! drummer 3957 1
! derriti 3024 1
! deserti 2897 1
! develop 485 1 353 1 359 2 265 10 277 1 418 1 484 27 249 1 231 2 427 4 338 1 217 12 358 1 402 2 499 1 496 1 398 24 492 2 397 2 491 6 389 1 373 2 232 1 339 1 245 1 334 2 428 2 322 1 419 1 319 1 285 1 255 1 449 1 396 2 202 1 252 3 54 1 248 1 36 1 230 1 220 1 121 2 218 10 260 1 163 1 211 1 223 3 176 1 213 1 354 1 160 3 207 1 113 16 142 13 132 1 229 11 423 1 282 1 141 1 102 1 243 1 149 1 162 1 356 3 139 5 333 1 115 1 226 5 323 1 167 2 410 1 216 2 460 2 169 2 422 1 131 2 112 1 253 3 174 2 12 1 56 16
! devient 3965 1 799 1
! disccus 3778 1
! dimitri 2521 1
! dimorph 4770 2 4297 1
! dormimo 1517 1
! dormant 358 1
! duchess 2781 1 1870 1 504 1
! dynasti 247 1 253 3 243 3
! dimgray 2788 1 2787 1 1764 1 2785 1 2786 1 2855 1 2784 1 2783 1 2780 1 2779 1 870 1 1763 1 2781 1 1802 1 1758 1 2778 1 1414 1 827 1
! densiti 458 2 453 1 294 1 6 1 292 4 25 1
! durstig 3004 1
! dedalus 4500 3
! doctrin 391 1 149 1
! dworkin 4528 2
! dieletr 3343 1
! deftool 4694 1
! dubnium 2585 1
! donoghu 4572 4
! dritten 3887 1 3729 2 4586 2 1686 1
! dateest 2632 1
! discusi 56 1
! djkrysa 1703 4
! droplet 445 3
! defocus 4696 1
! disturb 297 1 242 1 94 3
! decentr 251 1
! decoupl 4688 1 3978 1 2403 14 1000 1
! deixant 142 1
! desculp 142 1
! dhanyav 1190 3
! disclos 428 1
! disspat 1056 1
! decolor 6 1
! doctype 3266 22 2732 15 3962 1 3203 2 2735 4 2605 7 2531 3 4665 2 2753 1 1961 1 1504 1
! destrog 2207 5 2175 2
! dialysi 4063 1 3789 7 2791 2
! dinomit 2956 2
! dispens 4673 1 3023 1 4885 1 2780 2
! denison 1040 2
! deepest 2327 8 3027 1 3544 1 2323 3 1306 1 1159 1 2875 1 3663 2 1144 1 1624 1
! diastol 1156 2
! donavit 582 1
! donnent 754 1
! drought 4755 1 2875 1 3509 1 2881 4 3530 2 2340 3 1497 1 1146 1 843 4
! dunaway 1876 1
! doppelt 3201 1 1285 1
! dglover 1186 1
! dialist 4066 1
! display 436 2 181 1 158 18 444 1 477 1 169 1 216 3 428 1 417 1 302 1 320 2 266 1 176 1 411 1 127 2 150 1 51 24 374 1 47 3 282 2 167 2 46 3 257 1 418 7 50 19 157 5 25 1 48 4 301 1
! douceur 3921 1
! debussi 3454 1
! dethron 1764 1
! diderot 4790 2 2334 1
! dolomit 4051 4
! discont 249 1 248 1
! diethyl 369 4
! departo 4831 1
! decript 3638 1
! derzeit 3141 1 2782 1
! dodoson 3320 1
! dueness 4668 1 4066 1
! daifuku 4251 2
! digress 3053 1 4748 1 1492 1 2889 1 3145 1 3013 1 1619 1 3041 2 1351 1
! dissens 4673 1 2327 1 722 1
! downtim 4563 1
! disciss 135 1
! dimness 4668 1
! dampudu 2560 1
! delevop 3776 1
! distant 409 1 307 1
! doivent 824 1
! durakov 2393 1
! dextrin 211 1
! dilexit 582 1
! disguis 4066 1 3638 1 2323 1 1308 1
! dissent 414 1 285 1 56 1
! distens 3789 1
! dualist 4648 1
! decorum 504 1
! duquesn 571 6
! delattr 3334 5
! dennett 4975 6 1872 1
! devroom 3449 1
! directx 265 4 142 5
! dispers 105 3 259 1 104 3 106 3 96 3
! divison 4523 1 1726 1
! duquens 571 1
! diskett 3320 2 2905 1 2772 1
! dumorti 2416 1
! didymop 2874 1
! distent 3789 1
! depress 251 4 249 2 398 1 253 2 243 1
! dormint 142 1
! dparvaz 3273 2 3255 1 3254 1
! destaqu 2230 1
! delinqu 242 1
! depopul 2340 1 593 1
! datastr 3182 4
! detroit 2092 1 2881 2 736 2 2698 1 733 1
! dezoito 3361 1
! dipukul 840 1
! dropbox 208 1
! distast 2783 1 661 1
! diverso 142 1
! dostype 4693 1
! drivers 4715 1 4694 1
! desktop 392 1 323 1 300 1 255 1 233 1 298 2 329 4 472 2 142 1
! durazno 254 1
! dcowley 1628 1
! densest 2287 1
! deposit 475 5 359 1
! disastr 2781 2 2323 1 728 1 708 1 3003 2 572 1 2327 1
! doposit 2756 1 2717 1
! dayflow 2471 4
! desript 3436 1
! dezenov 3361 1
! dialout 1574 1 1573 1
! dismiss 398 1 253 2 160 1
! disunit 2781 1
! dolsson 1743 6
! drayton 593 1
! dubious 3059 1 4714 1 3350 1 2957 1 2539 1 1560 1 3203 1 1308 1 1059 1
! duzento 3361 1
! denatur 342 16 211 1
! dessert 239 3 238 4 237 1
! dissert 88 1
! dicount 3053 1
! demoivr 687 1
! darksun 4809 1
! datestr 4653 3
! draxvaz 3639 1
! divisor 4183 20 2711 11 1391 1 731 2 780 1 4696 2 604 32 969 1 669 5
! devlist 4693 1
! dryness 4668 1 2889 1 2327 1
! desatur 4710 3
! dormist 1517 1
! dineout 2857 1
! dreyfus 1628 2
! dentist 4576 2 2279 1 2014 3
! discuss 389 5 414 1 473 2 266 1 460 1 169 10 421 2 214 1 355 1 352 2 428 20 234 2 422 1 419 4 358 1 208 5 499 3 111 1 14 7 396 1 493 3 176 14 373 1 458 2 167 13 416 1 383 2 186 3 397 7 392 2 353 1 133 2 330 4 427 54 297 2 6 9 103 1 491 7 294 1 271 3 56 15 253 1 24 1 221 2 418 1 318 1 410 3 216 6 207 2 498 1 205 2 402 7 495 1 298 6 398 28 201 1 107 1 84 1 281 1 184 1 381 1 90 2 177 16 369 2 272 1 175 3 173 2 171 9 166 1 260 1 163 4 157 5 41 2 138 1 329 3 132 3 160 9 113 5 57 2 154 2 88 1 285 1 282 8 479 1 148 1 48 3 245 1 51 5 145 13 54 1 444 5 50 5 129 1 220 1 417 10 223 7 26 3 120 1 93 3 243 1 46 1 135 4 49 2 165 4 142 9 83 2 180 1 252 1 58 1 152 19 36 1 149 2 153 1 12 1 47 5 162 21
! discurs 204 1 202 1 191 1
! datatyp 4715 14 4693 18 1504 1 4356 1 2056 1 4655 1 4653 11 1804 1 4694 7 2319 1 4550 35 2680 5 1365 1
! doorway 3647 1 4583 3 3638 1 4566 1 1591 1
! demonst 560 1
! diminut 499 1
! dominus 498 5 495 1
! donatus 499 1
! defrost 2361 4 2360 11 2180 1 2179 7 2171 10 2166 5
! devoist 1503 1
! darboux 4697 6 1894 2
! devious 1632 1
! diskuto 427 1
! dissolv 475 3 200 1 118 2 26 2 7 1
! disavow 650 1 569 1
! didymus 1752 1
! desorpt 2310 1
! doenitz 739 1
! demostr 4016 1
! decrypt 4765 3 4300 1 3840 14 4791 1 3848 1 3602 6 4994 2 1636 2 3913 3 2967 10 3171 2 1631 2 1773 4 1628 3 1627 5
! devolut 4648 1 2788 8 2786 2
! disgust 398 1 242 1 142 1
! dillwyn 4072 2 4062 3 4063 2 4038 2
! dwmlout 3363 1
! desysop 428 18
! drsturm 120 3
! diutius 4012 1
! diskuss 4319 1 4224 1 4178 1 3201 1 1285 1
! drstuey 4910 1 878 2
! dextros 3615 1 2200 1
! disprov 201 1 12 1
! downtun 3046 1
! diropus 4693 1
! dissort 2164 1
! distort 231 1 36 1 329 1 24 1
! dropout 1447 2
! downsiz 4673 2
! disrupt 427 1 356 1 165 1
! destroy 389 1 359 2 342 1 453 3 464 1 200 1 266 1 251 5 175 1 142 1
! dedicada 142 1
! dfdddfdf 142 1
! delicaci 4673 1 3339 1 2327 3 2107 1 2052 1 1929 1 3069 1 1595 1
! diomedea 2897 1
! dibujada 4239 1 4195 1
! dodgebal 2644 2
! defiance 4668 1
! definida 4788 1 4239 1 4175 14
! distacia 4175 1
! dabchick 2896 1
! drumhead 36 2
! derivada 4281 2 4237 1 4245 1 4175 5 4244 5 4203 2 4236 3 4241 2 4195 2 4216 2 4239 4 4252 5 4238 3
! discedam 612 1
! deadbeat 223 1
! diagrama 4544 1
! dominica 2897 1 4021 1 886 2 765 1
! deviceid 3041 1
! drawback 414 1
! digullaa 4693 1
! dblspace 2753 2
! demoniac 2323 2
! dalchina 2560 1
! database 4297 2
! deubandi 4958 1
! dioecian 1178 1 967 1
! disambig 3616 1 3768 3 3603 1 3522 1 2180 1 1059 1
! diapsida 226 2
! disobedi 4063 1 4038 1 2877 1
! darklama 460 2 163 2 427 2 397 2 167 21 165 3
! diarrhea 242 1
! dicorcia 4031 2
! dilaudid 2977 2 1585 2
! darkplac 2295 1
! databank 2865 1
! dopdfpag 4279 3
! dotlabel 2547 3 2467 5 2465 4 2466 4 2456 4
! daniellc 330 2
! dreammak 1591 4
! dalmatia 2653 2
! definici 4239 1 4236 1
! desciend 4236 2
! destacan 3024 1
! difficil 498 1 142 1
! demarara 1439 1
! dedekind 1894 2
! drscheme 1281 3
! diskimag 4693 4
! daybreak 404 1
! draupadi 2323 2 1879 4
! dialaect 3057 1
! demerara 3450 1 1439 1
! dielsald 2839 2
! distance 4668 1 962 1
! deadlock 4884 5 4550 6 3167 1 2341 1
! decrease 4668 1
! dividend 3010 4 604 1 1253 1 4696 1 4673 2 1309 1
! dzongkha 4608 1
! drawimag 1801 1
! disparag 3016 1 702 1 679 1 649 1 648 1
! daemonia 582 1
! daargind 1710 1 1497 3
! dannagar 1308 2
! dominika 890 1
! duodecim 582 1
! demandar 1431 1
! derivaci 4240 1
! dorothea 4760 1 4031 2
! destacar 3024 1
! dirhandl 3041 3
! deshpand 4708 1
! dankesch 3815 2 3775 1 3004 2
! desegreg 3377 1 740 1
! differnc 2817 1
! dinwiddi 571 4
! disceder 612 1
! disclaim 398 1 253 1 413 1 149 3 180 1 150 9 120 1 243 2 56 3
! discharg 475 4 438 1 349 1 249 1
! destabil 249 1
! downgrad 491 1
! delaroch 3663 1
! download 494 1 391 3 424 1 398 2 444 3 321 1 392 21 484 1 302 1 417 1 173 5 9 1 150 1 56 4 291 2 431 4 337 1 40 1 190 2 121 1 423 13 282 1 216 3 389 5 113 1 223 4 232 1 221 2
! disaggre 56 1
! doblando 4257 1 4175 1
! datagram 1185 1 1149 1
! diastema 4781 2
! dependen 4175 1
! decembri 1258 1
! dhushara 2865 1
! diciendo 198 1
! disoblig 4072 1 4063 1
! daydream 3780 1 1869 1
! dreaming 2339 1 1591 1
! dobranoc 888 4
! diagraph 4369 3 2134 1 1074 1
! dosakaya 2560 1
! diegenen 1710 1
! dementia 4885 1
! dropbear 3171 1
! dalchini 2560 5
! daaracht 1497 3
! disulfid 2934 1 2933 7 1805 2 916 1
! diploidi 4647 1
! dietrich 142 1
! defender 1972 1
! darchini 2560 2
! dewikifi 1743 1
! disapear 1656 1
! dutchman 1816 1 1497 2
! dchmelik 639 6
! despacio 3192 2
! dialogen 2782 1
! degelijk 1816 1
! decistag 666 9
! diocesan 1802 1
! diffract 112 4 107 6
! datamath 4748 2
! dispatch 359 1 251 1
! dictando 4199 1
! deutlich 1066 1
! diatonic 3462 1
! differen 4297 1
! dipthera 2164 1
! dajalnik 2134 1
! dongarra 4550 1
! dreamlik 1585 1
! drisheen 3387 2
! diagramm 142 1
! doggerel 736 1
! dibromid 6 1
! dlastpag 4279 3
! dihybrid 4080 1
! dirtscal 2295 1
! daggmask 4690 1
! danemark 765 1
! dissagre 2210 2
! dormirai 805 1
! downbeat 3477 1 3110 1 2935 2
! drunkard 593 1
! demorgan 4104 7
! djaharya 2865 1
! dayinlif 1090 1
! deselect 3349 1
! dormigar 4831 1
! dockyard 702 1
! databook 2774 1
! descendr 813 1 809 2 726 1
! ditalini 2490 2
! dvitiyad 2323 1
! deswegen 3141 1
! denotata 4649 1
! dwheeler 449 1
! domethod 4813 8 4716 8 4694 1
! defmacro 2341 10
! deaminas 934 2
! distinci 3024 1
! dienstag 3887 2 3729 2
! derivado 3499 2
! despejar 4281 17 4203 17 4175 1
! dipeptid 2933 1 1119 1
! delichon 2897 1
! dearmond 3234 5
! dlaczego 142 1
! demagnet 3110 1
! dyslexia 2772 1
! drudgeri 3480 1 2319 2 1307 1
! devonian 1146 2
! disculpa 4772 1
! definite 1429 1
! dovetail 4582 1
! disorgan 397 1 285 1
! defendit 1972 1
! decipher 3055 1 4300 1 3057 1 3144 1 2902 10 2883 3 1568 1 1554 1
! diaeresi 166 1
! demandon 754 1
! displeas 2327 6 2323 1 2780 1 1830 1
! domestic 1914 1
! dbmclose 3041 2
! despedir 1526 2
! dhyayami 2323 1
! delhanti 4647 1
! dailylif 3146 1
! dcabrilo 524 2
! deadwood 4395 1 3063 1
! dialecto 3024 1
! disunifi 3057 1
! downpick 2935 1
! dressmak 3193 1
! datacent 142 2
! deepcopi 3716 3 4119 1 3334 2
! dbeardsl 1641 4
! drygrain 3490 1
! descendu 809 5 726 4
! decaocto 2897 1
! destalin 4790 2
! devenait 3965 2
! deflgrat 132 1
! direcori 1573 1
! debugaxi 2295 1
! deducimo 4239 1
! discreet 2210 1 1935 1 1847 1 1591 4
! dysposia 792 1
! disquali 4673 1
! doisneau 4031 2
! danneskj 1308 1 1307 2
! decalogu 3145 1 2882 1
! decompil 2291 5 1108 2
! deleteri 3773 3
! democrat 252 1 251 1 249 1 245 2 243 1 158 8
! diaspora 4647 1 3026 1
! docindex 3978 1
! dorminta 4831 1
! dijistei 280 1
! displayd 2824 1
! dalgarno 4583 1
! dicologo 1027 2
! dziernik 890 2
! dartford 2897 1
! deptford 2471 1
! detoxifi 359 1
! diachron 4616 7 3061 1
! dialectr 2403 1
! dioptric 504 1
! disptime 3557 2
! diversif 4771 2 3010 2 733 1
! duplicit 1739 1
! dreizehn 3887 1 2317 1 825 1 3729 1 1484 2 2800 1
! dismbigu 1237 1
! diminish 148 1
! differti 3890 1
! deathcor 3046 1
! deceiver 4668 1
! dinuguan 2023 2
! debromin 6 2
! datteren 2631 1
! dielectr 67 2 6 2
! demolish 4790 1 1047 1 722 1 574 1 573 1
! dotterel 2897 1 2896 3
! dezessei 3361 1
! demeanor 2281 1
! diyplann 2210 1
! distract 415 1 330 1 221 1 56 1
! devilish 2323 2
! dewberri 4368 1 974 1
! diagnosi 154 1
! disorder 4668 1
! dissemin 3350 1 4399 1 3024 1 3021 2 3016 1 2956 1 2016 1 4191 1 3025 1 2530 1 1775 1
! dipthong 405 2 194 1
! dethklok 3269 1
! distinta 4827 1
! dblsharp 3456 1
! diligent 562 1
! deliveri 479 2 374 1 349 1 398 2 322 1 300 1
! dishwash 280 1
! downward 444 1 83 1
! diplomat 251 1 248 1
! datasync 4859 2
! decision 4696 2
! dnopause 4279 2
! dasgupta 4365 1 1316 1
! determin 499 2 266 1 398 2 495 3 462 1 406 2 222 1 458 1 176 2 35 1 366 1 373 2 391 1 355 1 496 11 310 2 498 1 211 1 231 2 418 1 83 2 277 2 27 1 318 1 221 2 271 1 148 3 342 2 7 2 201 1 160 1 105 1 149 1 384 1 50 1 244 1 444 2 56 3 106 3 397 1 21 3 41 15 173 2 379 2 259 1 165 1 49 2 6 9 47 1 241 1 57 4 168 1 54 1
! dosometh 4998 2
! derivamo 4239 2
! dijsktra 4372 1 1316 2
! dolphinn 84 2
! duringth 3149 1
! dezembro 4107 1
! daylight 4898 2 4770 1 4897 1 2952 2 504 1
! deoxidis 4454 1
! deerskin 3017 1 2323 1 1880 2
! dominion 4584 1 2784 1 4072 1 2865 1 4063 1 1764 1 1763 1 572 1 680 1 570 4
! daughter 465 1 355 1 198 1 242 1 142 1 27 1
! deletion 113 2
! diferent 142 1
! diphtong 4493 1 992 1
! dipluran 2811 1
! dwarfism 4584 1 4582 1
! decrepit 3596 1 1307 1
! dijkstra 4967 1 4372 2
! deafness 4668 1
! drupelet 4368 1
! dimensin 4550 1
! downwind 4859 1
! drishtva 2323 1
! decimetr 1780 1
! dismantl 427 1 359 2 251 1
! duisburg 3026 1
! delaunay 1400 1 1350 2
! deoxygen 4770 1
! delicius 724 2
! distinct 356 2 226 1 157 1 359 2 175 1 398 2 258 1 192 1 427 1 266 2 231 2 369 1 498 1 216 1 207 2 202 1 201 1 183 2 230 2 150 2 56 4 358 2 499 1 123 1 146 1 142 1 48 1 285 1 50 1 24 1 165 1 57 1 46 3 166 3 495 6 26 2 496 1 120 1 36 1 444 1 21 1 47 2
! duodenum 1154 4
! davidson 4582 47
! danforth 829 1
! diphosph 453 1
! disproof 4859 1 1036 1
! djimenez 1186 1
! dorchest 572 4
! duration 4668 1
! darkgray 4706 2
! dreamdoz 1591 2
! differnt 4607 1 3125 1 995 1
! demotiko 3055 1
! dichloro 7 1
! dosubmit 56 1
! dagogiqu 3272 1
! dysregul 3620 1
! district 56 1
! damascus 3026 1 3024 3
! dificult 2139 1
! dataflow 3527 1 3416 2
! denkverm 2782 1
! diametro 4245 1
! dichotom 225 1 56 3
! discover 4405 1 2015 2 1139 1 722 1
! donneron 3965 1
! douglass 735 1
! disfunct 4648 1
! djibouti 2865 1 765 2
! duplessi 4509 1
! disparit 4184 1
! demercur 6 1
! division 4215 1
! doopdoop 852 2 780 2 721 4
! disjunct 4649 1 4063 1 4038 1
! dircolor 2905 1
! dpreview 4035 2
! dearness 4668 1
! director 205 1
! diverser 4159 1
! document 417 5 302 1 391 2 149 6 431 7 418 1 321 1 389 1 301 1 398 3 392 2 142 8 336 1 48 1 331 1 219 1 316 1 307 2 113 1 282 1 423 2 329 1 220 3 158 2 482 1 56 2 153 1 444 1 212 1 115 2 9 1 397 1 497 1 303 1 256 1 165 7 306 2 218 1 121 3 171 1 312 1 265 1 51 1 380 1 186 1 50 1 46 2 93 1 167 5 150 91 216 3
! detector 397 1
! delirium 4885 1 4063 1 3663 1
! diphenyl 369 3
! donelson 708 3
! dinosuar 1259 1
! devilray 142 1
! darkroom 142 4
! disarray 249 1
! darkness 4668 1
! defensor 502 1
! deterior 4673 1 3028 1 1764 1 2292 1 2875 1 2865 2 3620 1 573 1
! diabolus 3485 1 3454 1
! disfavor 3185 1
! disunion 2323 7 1880 2
! docbookx 3266 4
! dosexten 4694 1
! dromaius 2158 4 2130 1
! dysfunct 3789 1 2015 1
! diaphysi 2558 1
! discolor 3652 1 2514 1
! dentibus 584 1
! depscrop 4279 1
! difigunt 583 1
! desierto 3024 1
! distingu 3965 1 3272 1
! dynamiqu 142 1
! descript 460 1 405 1 422 1 444 2 397 1 266 1 496 1 211 1 142 3 418 2 498 1 216 1 285 1 428 1 193 1 146 1 157 2 154 1 436 1 278 2 137 1 149 2 57 2 232 1 25 1 113 1 20 2 158 3 7 2 383 1 176 1 83 1 6 1 41 2
! delusion 398 1
! donoughu 3056 1
! diskfont 4694 2
! dimethyl 369 5 6 3
! deuteron 27 1
! dokument 1513 11
! disjoint 303 1 447 1 207 6
! devotion 2327 1
! dezesset 3361 1
! dinosaur 353 1 226 6
! duellist 4066 1
! discussi 223 1
! decompos 284 1
! downplay 3759 1
! delcomyn 3213 1
! dispirit 284 1
! disallow 3710 1 3638 1 2934 1 2342 1
! denarius 4012 3 504 2
! dullness 4668 1
! discript 920 1
! dominiqu 3054 3 954 1 765 1
! diagnost 226 1 142 1
! doolittl 251 2
! doorstep 4649 1
! driveway 4634 3
! dropdown 4083 1 1801 1 1497 1
! demolist 3698 2 3697 71
! desirest 3023 1
! desmosom 230 1
! diocious 1146 1
! doorless 3705 1
! duquensn 571 1
! discutir 224 1
! diminuit 1276 1
! deposito 4175 1
! doctypes 2688 2 2530 1
! dimittit 582 1
! dispress 94 1
! debentur 2945 1
! destruct 349 1 342 1 252 2 102 5 160 2 453 1 101 1 106 2 359 1 99 2
! deproton 123 1
! drpython 2503 2
! dpoisson 4805 1
! desayuno 254 10
! discount 4138 1 3060 1 2950 1 3920 5 3979 2 4668 1 3265 1 3863 9 3112 1 1962 2 3010 4 3053 1 2129 1 4582 1 2236 1 1306 1
! disillus 251 1
! disposit 458 1
! doughnut 4361 2 4180 1 2695 1 1642 2 1293 1 901 1 1404 1 884 1
! downslop 4877 1
! demuestr 4239 4 4281 1 4236 1 4216 1 4203 1
! distress 4066 1 3663 1 3650 1 2327 1 2334 1 2323 8 2210 1 3125 1 2014 1 4038 1 2443 1 1884 2
! dikaryot 1145 4
! destruir 1526 2
! diodorus 3145 3 3025 2 2865 2
! discours 204 3 380 1 160 1 41 1
! departur 4697 2 4376 1 4584 1 2327 1 3638 2 4673 1 3921 3 3920 2 892 1 2962 1 2387 1 703 1 2865 2 2943 1 508 1 2323 1 1740 1 4781 1 2872 1
! disreput 4509 1
! disscuss 1069 1
! diodotus 3025 1
! decrypto 3600 1
! demonstr 285 1 428 1 244 1 56 1 221 2 444 1 26 1 49 2 210 1 398 3 248 1 342 1 47 1 282 1 453 1 218 6 57 1 177 1 458 2 223 1 431 1 8 1 51 2 192 1 427 6 373 1 231 1 217 7 48 1
! doorstop 3436 1
! drugstor 4391 1 3917 1
! downturn 2341 1 3663 1 703 2
! disminuy 4281 1 4203 1
! downtown 3059 1 3014 1 2881 1 1600 1 1428 1 1414 1 1306 3 1047 3
! dissolut 249 1 26 1
! diospyro 974 2
! daaaaiaaj 2388 1
! destroys 3343 1
! dionysus 4648 1 2865 1
! distrust 4416 1 2323 1 3650 1 1740 2 735 1
! dionyziz 398 2
! diabetica 3789 1
! drepanida 2273 1
! declaraci 3331 1
! danceimag 3879 1
! diffchang 4674 1 4463 1 3768 2
! dragonecc 3457 5 1560 6
! despojada 3024 1
! doubleedg 987 1
! difundida 3024 1
! datafield 2321 1
! dialectec 2364 1
! dissipada 142 1
! dulcamara 3739 1
! deafblind 3263 1 3254 1
! disbelief 204 1
! dendroica 2897 8
! discoteca 223 1
! dormienda 584 1
! democraci 252 1 251 2 218 1 249 2 389 2 246 1
! distancia 4254 1 4175 10 4252 5 4242 1 4216 2 4256 1 4245 1
! dreamland 2210 1 1624 2 1591 1
! designbal 142 1
! desirable 2327 1
! dialectic 4648 2
! dataangel 2804 1 4700 1 920 2
! dirhandle 3041 1
! difficili 498 1
! dissacoci 2210 1
! diplomaci 248 1
! deschanel 3345 1
! dharmarai 2323 1
! darkkhaki 2114 1
! diferenci 142 1
! dongjiang 2928 1
! dominican 164 3
! davidcari 444 1 398 2 163 3 396 8 330 2 142 1 397 13 56 6 381 2 216 19
! disembodi 4648 2
! diarrheal 2360 1
! dodecagon 504 1
! demasiado 3024 1
! danenberg 1718 2
! domestica 2226 1 974 1
! devavaani 4868 1
! downfield 916 2
! dharmaraj 2214 2
! disregard 221 1 160 4 176 1 266 2 57 1 157 2
! dravidian 3149 2 3017 1
! dreamscap 1624 7
! dimicelli 2892 4
! datamodel 3328 1
! draconian 4584 2
! dmccreari 3412 1
! dfdfdffxf 142 1
! descendre 809 3
! druckfehl 142 1
! dehalogen 6 2
! dorofeeva 3026 1
! dardanell 728 2
! dicrurida 2290 1
! dieciocho 168 1
! dioscorea 2256 1
! desdemona 2865 1
! devadatta 2323 2 1879 2
! diaphragm 3789 2 1157 1
! derivadas 4258 1 4253 1 4238 2 4256 1 4254 1 4240 1 4175 1
! daveperci 1203 3
! dietrichj 4693 1
! disembark 3025 2 787 6
! dougallii 2897 1
! diplopoda 229 1
! damselfli 2811 2 4690 1 2130 1 2439 2 2114 2
! determina 4256 1 4175 1
! direccion 4252 1
! dusenberg 736 1
! diamagnet 3196 1 2751 1 2695 6 1294 2
! destinado 142 1
! dotandcom 4571 2
! dohongnam 1566 1
! dragonfli 397 1
! diaryland 3320 1
! disappear 331 1 285 1 249 1
! disinfect 4669 1 4865 1 3125 1 2698 3
! demograph 4421 1 3101 1 4120 1 3203 1 3663 2 1186 1 703 1 3509 4 2016 2 2340 1 899 1 2529 1 1494 2
! dbroadwel 186 4
! disqualif 2786 1 702 2 649 1
! dissapear 3533 1
! dreamwalk 3780 1
! darwinian 4745 2 4648 1 4582 1 4755 3 4733 1 4018 2 3901 1
! datasheet 4835 1 2403 5
! deacuerdo 4239 1
! delocalis 4054 1 3446 1
! dicalcium 2115 1
! disulphid 4377 1
! despejamo 4252 1 4236 1
! disambigu 418 1 202 1 166 1 165 1
! deutschen 1285 1 1027 1 4478 1 1018 1 943 1
! discipula 2729 1
! dordrecht 4696 2 4697 1 4582 2
! dirichlet 3026 1
! dmforcier 1451 6
! durmiendo 198 1
! derivando 4236 1
! dietitian 3621 2 3620 1
! dandelion 4454 1 3250 2 2471 4 3616 1 2164 1 2443 1 1928 17
! dependant 2723 1
! descansar 1526 2
! disinclin 1623 1
! dimencion 4239 2
! dayofweek 3041 2
! downchuck 398 2
! discourag 402 1 162 1 415 1 186 1 417 2 222 1 153 1 216 1 150 1 46 1 421 1 398 2 167 1 166 2 56 1
! dknollman 2774 3
! dreamcast 4204 2
! discredit 249 1 221 1
! dobsonfli 2114 2
! disposici 3024 1
! disbeliev 3026 1 2865 1 4582 1 1307 1
! devilicon 142 1
! diglossia 4600 2 3149 2
! disassoci 26 1 6 3
! dragontam 398 6
! duncharri 4223 3 4222 2
! diversifi 4770 1 3901 2 3876 1 2327 3 3003 1 4094 1 2323 3 1616 1 4771 1 1504 1
! dignitari 728 1
! dysphoria 4885 1 4397 1
! dreamweav 2530 1
! docklight 4873 1
! dreismann 4697 5
! dienophil 6 2
! derrotado 3024 1
! dictonari 4372 1
! dfirstpag 4279 3
! diplomati 1085 1
! decathlon 135 1
! decameron 20 4
! dignament 3024 1
! disrepair 3011 1 1310 1 722 1
! dejection 4668 1
! dankeshet 223 1
! demilitar 249 1
! desuetude 4668 1
! disciplin 398 2 298 3 283 1 265 1
! dziewcyna 393 2
! deluxemap 2295 1
! disprosia 4372 1
! despacito 3192 2
! desertric 504 1
! deflation 4582 7
! diphthong 405 2 193 4 496 6 166 1
! dayofyear 3041 2
! differnet 4826 1 3944 1
! discrimin 201 1 154 1
! demoralis 2327 2
! disservic 1535 1
! different 330 1
! docbooksi 3266 3
! dammsugar 4690 1
! decrement 51 1 47 4
! disincent 56 1
! diffculti 2264 1
! drumstick 2560 2 1921 2 3339 2 2179 1 1669 4
! demystifi 4372 1
! dormistei 1517 1
! devicenum 3041 1
! dificulti 4090 1
! digrammit 4831 1
! direction 4668 4 2323 1
! dirtdepth 2295 1
! dparapatr 3873 1
! dysprosia 493 2 273 2 444 8 397 6 463 2 297 10 90 4 182 1 160 13 186 27 120 3 142 193 88 4 111 2 491 6 399 4 330 4 308 4
! diffecult 4523 1
! demuetran 4239 1
! daugherti 736 1
! divertido 289 1
! defininit 4109 1
! disintegr 358 1
! directeso 142 1
! dividiert 1484 3
! dreamless 3780 1 2323 1
! deviation 4668 1
! datestamp 4649 1
! dwavestoc 132 2 99 2 106 1 101 2 105 2 103 2 261 2 100 2 259 1 98 2 97 2 96 2 95 2 104 2 58 1 102 2 94 2
! discoveri 246 1 243 2 218 1 204 1 12 4
! diethylen 6 1
! dichotomi 4649 3 4647 1 3873 1 1726 1
! delicioso 4108 1
! decennium 4690 1
! dictatori 863 1
! dysenteri 1764 1 728 1
! doverpubl 3053 1
! despedirs 1526 2
! deontolog 4783 6 4749 1 4584 5 3650 3 911 2
! deprotect 135 1
! darwinsem 3900 1
! diffkrent 2327 1
! directori 444 1 422 1 47 2 392 6 417 2 142 2 234 1 165 1 167 1 121 2 220 1 46 1
! disingenu 4909 1
! dreamview 1591 15 1585 7
! descubrir 991 1 897 1
! difficult 428 1 265 1 482 1 398 7 491 3 444 1 397 1 284 2 331 3 472 1 447 1 306 1 493 1 396 1 266 1 230 1 83 1 224 1 56 2 385 1 222 1 498 3 263 1 148 1 402 3 120 1 123 1 499 4 458 1 223 3 160 1 113 1 95 1 6 3 133 1 202 1 57 1
! deception 4668 1
! diffusive 4668 2
! diftongit 4831 2
! domparser 2840 2
! dimension 281 3 211 1 123 2 261 1 278 3 83 15 359 2 58 1 127 1 49 1 36 3 47 1 263 3 109 2 21 1 41 2
! deportiva 991 1
! downshift 4634 6
! dennisblu 427 5
! doctrines 2865 1
! distillir 4279 1
! desayunar 254 3
! dickinson 1872 1 4693 1 3883 1 708 1 593 1
! distanzen 3026 1
! demodocus 3228 1
! delacroix 3704 3
! definiton 118 2 26 2
! dcresourc 4035 2
! dignissim 3844 2 3843 2 3841 2 3842 2 3837 2
! dichroism 2934 1 2698 1
! downright 441 1 160 1
! disinform 221 1
! dystrophi 1162 1
! darmowych 4270 1
! datapoint 3790 4
! delecroix 3704 2
! dersonlwd 1333 1
! dickerson 1179 1
! direption 583 1
! definitit 4180 1
! detractor 4668 1 504 1
! detriment 398 1
! downstair 1497 1
! dioecious 946 1
! discipulo 3024 1
! disorient 589 1
! derbyshir 4878 3
! devonshir 2783 1 2781 1
! desychron 165 1
! dispmonth 51 1
! defenestr 4790 2
! demostrar 4216 1
! disentitl 1307 1
! diastatop 2874 1
! documento 142 1
! departure 4668 1
! dramatist 4180 1 1872 1 1864 1
! disrepute 4668 1
! dbengston 4672 1
! disproven 3849 2
! doubtless 4649 1 3026 1 4012 1 1307 1 4828 1 1165 1 3025 3
! davidhous 1038 2
! ditransit 1497 1
! diutissim 4012 1
! deuterium 27 2
! deslizars 4175 1
! dishonest 242 1
! dwarsdrsn 2150 1
! diazonium 916 1
! datatypes 4715 1
! documents 150 2
! directrix 504 1
! discompos 4038 1
! docsystem 3266 3
! dentistri 142 3
! distribut 458 1 431 1 149 4 417 1 142 1 309 1 221 1 246 1 108 1 154 2 342 3 307 1 25 1 445 1 139 1 468 1 375 1 422 1 93 3 24 1 99 1 220 1 150 18 265 1
! doctoress 504 1
! dorotheus 3021 1
! dinsosaur 226 1
! discolour 3289 1 2087 1
! davidross 1560 4
! dartmouth 115 1 27 1
! desservir 1438 1
! debugport 2293 2
! dotterson 4573 1
! dmissions 4155 1
! desertfox 3219 2 3169 1
! disgruntl 733 2
! divinorum 2804 1 1591 2
! demetrius 2865 1
! divertirs 1526 2
! depositor 3112 1
! downstrok 2935 1
! destroyer 4668 1
! diffissus 584 1
! disapprov 204 1
! dishonour 4038 1
! drawarrow 3107 6 2547 2 2456 6 2467 2 2465 6 2996 4 2466 2
! dumetorum 2897 1
! disclosur 398 1
! desertrix 504 1
! debugunus 2295 1
! downarrow 3475 3
! darbytown 708 1
! dziewczyn 1277 1 1272 14 1275 1 1270 4 1269 1
! decryptor 3602 1
! delsphynx 4076 1
! dionysius 3228 1 3025 1
! devolvunt 583 2
! decadencia 3024 1
! diomedeida 2897 1 2130 1
! desgranada 3637 2
! difficilia 498 1
! dominicana 164 1
! diferencia 2961 1
! degeneraci 36 1
! difference 4668 1
! defendendi 3376 1 583 1
! dreamcatch 1585 2
! dhanyavaad 3264 2
! disacharid 3615 1
! dinoflagel 229 2
! duendecita 3192 2
! discoidali 3213 2
! divergence 4668 1
! duryodhana 2323 69 2214 4 1879 4
! dedicacion 4239 1
! davidboden 1450 4
! dereferenc 50 3
! devanagari 490 1 477 5
! desiderata 504 1
! dominicain 886 1 765 1
! doublespac 2753 1
! dhananjaya 2323 2 1879 2
! demostrada 4281 2 4203 2
! desconfiam 3499 1
! dreamspeak 2804 1
! divorciado 1614 2 1595 2
! disposable 4377 1
! desventaja 3634 1
! dificultad 142 3
! dreamyshad 1956 4
! disicplina 142 1
! debilitado 3024 1
! diocletian 4416 6 722 2
! despejando 4239 1 4236 2
! deviceinfo 4835 1
! doubleflat 4514 1
! diabetogen 3620 1
! deletedlin 4674 1 4463 1 3768 2
! diccionari 4759 1 4757 1
! doostzadeh 3651 1
! declassifi 1628 1
! disqualifi 3541 1 1802 1 702 3
! dnodisplai 4279 1
! discovered 1630 1
! dicondylia 2811 1 2114 2
! drosophila 38 1
! drinkboken 2677 1
! disassembl 453 1
! diagrammat 25 1
! digitalmar 121 2
! drunkasian 2402 1 1059 2
! driyantara 2323 1
! dermaptera 2811 2 2263 2 2130 2 2114 2
! dispatcher 4813 1
! demostraci 4281 6 4239 4 4203 6
! doslibrari 4715 1
! duryodhnna 2323 1
! delaysafer 4279 1
! dissappear 111 1
! decrecient 4281 2 4239 1 4203 2
! defenderet 3376 1
! diglucosid 3620 1
! disentangl 1535 1
! divanadium 723 1
! defaultrgb 4279 2
! derivacion 4238 1
! dyniaethau 1837 1
! disinhibit 4885 1 4671 1
! duendecito 3192 2
! diagonalis 955 2
! dotnetgold 3847 1
! drishtanta 2323 2
! disconnect 397 1
! deliaonlin 2090 1 2257 1 2087 1
! dictionari 477 1 389 2 279 1 285 1 494 3 379 7 407 7 223 5 499 6 337 3 222 7 203 1 173 1 289 1 473 2 220 1 165 4 142 5 191 1 235 1 414 3 276 1 56 1
! declinatio 498 1
! dependient 56 1
! dicionario 1186 1
! dishearten 2323 2
! determinar 4239 1 4175 8
! defragment 4693 2 2379 3
! diariament 4175 1 3499 1
! differenti 331 34 132 3 259 1 121 1 226 2 108 1 356 4 103 3 458 1 67 1 148 1 104 1 330 17 54 11 208 18 349 1 142 2 398 1 283 4 30 1 260 33
! dekorieren 4869 1
! dissimilar 499 1
! doughtydan 142 1
! dunkelgrau 1890 1
! devicecmyk 4279 1
! doisprezec 1257 1
! dermoptera 2359 1 2275 1 2133 1
! didaktuell 1027 1
! donnerstag 3887 2 3729 1 985 2
! dracunculi 504 1
! daigakuimo 4251 3
! dissatisfi 251 1
! doathirdth 4998 2
! darstellen 1513 1
! drivetrain 1487 3 1450 1
! documentel 3433 1
! dreamworld 2977 1 2210 2 1591 2
! detraction 4668 1
! deemphasis 4694 1
! dailymunch 2105 1
! dermatolog 2015 1
! diaphoresi 4885 1
! difficulti 415 1 297 1 214 1 204 1 160 1 200 1 398 1 387 1 427 1 20 5
! dinahmurra 142 1
! diophantin 4697 1 2967 1 1391 1 920 3
! disorganis 4500 1 2783 1
! diamagnest 1294 1
! dateformat 4653 2
! downstream 1158 1 3592 1 3102 1 1137 1
! disharmoni 3574 1 2327 13 2323 1
! danelectro 2930 2
! diastereom 129 2 127 6 7 3 6 2
! definefont 4279 1
! dizionario 142 3
! djkianoosh 1176 1
! diploblast 231 1 229 1
! diagonaliz 41 2
! doriangray 4500 4
! disrespect 249 1 204 1 111 1
! describirt 142 1
! dokumenten 1513 3
! differennt 2572 1
! disconcert 3275 1
! derogatori 242 2
! desborough 1802 1
! dextraliti 4668 1
! dorsolater 3789 1
! dendrocopo 2897 2
! definition 4697 15 1352 1
! demandress 504 1
! disarticul 2255 1
! derailleur 1592 1 1445 1 4504 1 1449 2 1444 9
! debuginset 2293 1
! diskreetti 184 1
! demuestran 4253 1
! defendimus 1972 1
! docprocess 3266 1
! desireless 2323 2
! decembrist 4790 3
! domesticum 974 1
! devtechnot 4279 1
! disloyalti 1764 1 573 1
! desynchron 4748 1
! distraught 1307 1
! dayofmonth 3041 2 2632 1
! dishonesti 4673 1 3003 1 2327 2 1311 1
! darlington 4392 1
! disculpars 1526 2
! descriptio 1782 1
! dispassion 2323 2
! desarrollo 4544 1
! djobserver 4279 1
! dyskusyjna 169 1
! dziewczyna 1272 1 1269 1 1275 1 890 1
! department 300 1 298 1
! dissuasion 4668 1
! disclosure 4668 1
! distingush 499 1
! depression 4668 1
! divineress 504 1
! dispersion 4668 1
! distinuish 2067 1
! desiderius 4775 2
! dostoevski 434 2
! distinguir 1526 2
! dissapoint 253 1
! disappoint 427 1 223 1 56 1
! displeasur 371 1
! discontent 4668 1 2327 1
! defenditur 583 1
! directress 504 1
! despertars 1526 2
! deepskyblu 2114 1
! discomfort 3780 1 2323 1 2046 1 1591 6
! datentypen 1003 1
! dimensions 4670 2 4668 10
! dormitorio 280 1
! doftranspo 1630 1
! domesticus 2897 1
! dougholton 4685 2 3518 3
! dreadsitou 1630 1
! dominguito 3192 1
! divestment 4668 1
! delinquent 2327 1
! dragonhunt 2874 1
! deoxyribos 1131 3 934 3
! deutschkur 1686 1
! docbookxsl 3266 1
! dsyoungesq 801 4
! discussion 2323 1
! decompress 4279 1 3390 1
! depositori 650 1
! decarboxyl 4784 1 916 1
! dvoeglazov 4697 2
! decomposit 475 1 298 1 6 1
! dicarboxyl 4784 6
! dangicourt 4696 1
! debugclust 2295 1
! diuturniti 4668 1
! discontinu 458 1 260 1 67 1
! demonstart 1778 1
! distortion 4668 1
! descriptor 48 14
! dyschorist 2450 1
! dotterdott 4573 1
! desertress 504 1
! dziewczyni 1277 1 1272 1 1269 2
! dontcountm 3897 1 3896 1
! defaultopt 4715 1
! dissymmetr 7 1
! democritus 4180 1 4697 2 722 1
! diminutivo 3192 1
! disjunctus 2874 1
! discipulus 2729 1
! dolichonyx 2897 1
! dysprosium 2695 1 2585 1
! dorsoventr 229 1
! destructor 51 8
! defiguntur 583 1
! descriptus 2874 1
! douloureus 3965 1
! dextrovers 2804 2
! decontextu 1492 1
! dimittitur 582 1
! dictablanda 223 1
! dfghfdfdhdh 142 1
! diamondback 2353 2
! desigualdad 4281 8 4203 8
! disaccharid 3615 11 2775 1 1119 1
! directmedia 265 2
! defendendam 3376 1
! disachharid 3615 2
! devanaagari 4868 1
! diferencial 4239 1
! delphendahl 4671 1
! doubleclick 4870 2 4693 1
! deliverance 4668 1
! davidbspald 3936 4
! decreciendo 4175 3
! dharmakhaya 4648 1
! diferenciar 4175 4
! deutschland 3449 1 4869 1 3417 1 3197 1 2522 1 993 2
! dreaminglif 1591 1
! digitalglob 4737 1
! disadvantag 427 1 397 1 278 1 218 1 158 1
! dividedbook 3266 1
! dedicatoria 4239 1
! dactylifera 974 1
! debugsurfac 2293 2
! deutschbuch 992 1
! differences 2016 1
! dronacharya 2323 5
! dataperfect 4863 5 4861 6 3320 3
! dsflasdgjoj 3232 1
! dmhessmdphd 1196 1
! disfranchis 160 1
! darwincharl 3900 1
! druglibrari 2804 1
! dichotomick 2272 1 2130 1
! delinquenci 2327 1
! determinate 4668 2
! davidsonian 4582 4
! defendendum 3376 1
! dinucleotid 2934 1
! danneskjold 1311 2 1310 4 1309 1 1308 1 1307 3
! deveganwiki 3091 1
! davidcannon 56 3
! diccionario 407 3 337 2 56 1
! docbookmark 3266 1
! dialectolog 3061 1
! denominador 4239 2 4175 4
! difficaulti 473 1
! debugorigin 2295 1
! derangement 4668 1
! determinamo 4175 1
! doublethink 221 1
! deprecation 4668 1
! daylongraph 4610 1
! duplication 4668 1
! dictionnari 1428 1
! directament 4253 1 4245 1
! duesseldorf 4859 1
! dictionnair 142 6
! deadminship 428 2
! defendendus 3376 1
! delawarensi 2897 1
! documentari 4757 1 3638 1 3462 1 3024 1 2984 1 728 1
! drehkondens 2403 1
! docbookfilt 3266 1
! declaratori 571 1
! draughtsman 1872 1
! dereliction 4668 1
! declinaison 142 1
! dictionario 1352 2
! distrowatch 3541 2 2944 1 935 1
! dreiviertel 2800 2
! discontinua 4257 1 4239 1 4175 2
! dicotyledon 1377 3
! deutschlern 1027 5
! diffeomorph 4967 1 4692 1 1070 2
! dominicanus 2896 1
! dictionarti 1769 1
! diphiodonti 226 1
! drytasflfqo 3299 1
! destination 4604 5
! defenseless 2881 1
! descubierto 991 1
! desideratum 504 1
! domdocument 1504 2
! dominostein 4869 1
! distinguish 226 1 123 3 473 1 165 1 211 1 355 1 201 1 359 2 37 1 152 1 131 1 465 1 166 1 120 1 158 1 48 1 415 1 47 1 231 1 288 1 150 1 7 1
! darstellung 3026 2 1513 2
! darkphoenix 3260 2 2687 2 2661 2
! dargestellt 1513 1
! disjunction 4668 1
! disputandum 502 1
! defaultgray 4279 2
! development 356 2 231 3 229 2 230 1 225 1
! denominator 221 1
! docbooktool 3266 2
! defaultcmyk 4279 2
! diffuseness 4668 1
! description 218 1
! drunkenness 4668 1
! derivedwork 3368 1
! devolvieron 4239 1
! donburimono 4251 1
! definitions 150 1
! detractress 504 1
! discourtesi 4668 1
! destruction 4668 1
! disillusion 251 1
! disinterest 3759 2 1307 1 592 1 508 1
! deletionist 56 1
! determinist 4125 1 3778 1 4372 1 3602 1 2967 1
! displaytitl 4781 1 4771 1 1801 1 4756 1 4733 1 4755 1 4744 1 3847 1 4752 1 4780 1 2319 1 1931 1 4770 1 1151 1
! dostoyevski 2827 1
! dracunculus 504 1
! dichotomiqu 2135 1
! doppelpunkt 142 1
! diagnostiqu 4184 1
! deconstruct 4648 9 2605 1
! demonstrast 1800 1
! dannymuseum 2669 1
! devabhaashaa 4868 1
! distributor 4694 1 3399 1 3563 1 3541 2 3307 1 2952 3
! deuterostom 231 5 229 1
! dorlddmhuzw 3592 1
! defaultsort 3299 1 2677 1 2197 1 1817 1 1509 1 1435 1 4541 1 2462 1 658 1
! disubstitut 4866 2
! displaystyl 2716 10 3810 4 2578 4 1783 6 2454 1 1784 4 4798 4 2453 2 3476 59 1351 14
! disobedience 4668 1
! devanaagarii 477 1
! despentinada 142 1
! devananagari 142 1
! direntrytyp 4694 1
! dioscoridean 3739 1
! descendiendo 4245 1
! darkseagreen 2114 1
! dennisdaniel 4870 1
! defaulthandl 2840 3
! dutchgrammar 4008 1
! doubledollar 3479 2
! dehydrohalog 6 1
! desarrollado 142 1
! diplomarbeit 1513 1
! dissatisfact 249 1
! dhritarashta 2323 1 1884 2
! disciplinari 398 1
! dorocordulia 2874 1
! despejandolo 4245 1
! davidmendoza 2642 6
! demokratisch 2106 1
! desarguesian 4697 1
! dutchenglish 4008 1
! displacement 4668 1 962 1
! deflationari 4582 4
! dedifferenti 4671 2 4648 1
! divisorlatch 4183 7
! dehydrogenas 211 1 209 2
! derdeutschen 1285 1
! disagreement 4668 1 2323 1
! depreciation 1914 1
! dihalobenzen 568 1
! delicatessen 1200 1 1608 1 798 1
! dsfggfsgsgsf 142 1
! dictionaries 4759 2
! dermatogista 3499 1
! davidmckenzi 458 2
! demostracion 4236 1
! discipleship 4958 1
! documentaion 1821 1
! dimethylamin 369 4
! damneinstien 2889 2
! diastereomer 129 1 127 2 6 1
! diveintomark 1560 1
! decipherment 3055 1
! dissimilarit 1040 1
! docbooktempl 3266 3
! dscpagecount 4279 1
! departamento 142 2
! danieljanzon 3802 6 2210 6 2826 2 2804 8 3991 4 2891 2 2803 2 2843 4
! distributiva 4281 2 4203 2
! displaytitle 2551 1 1416 1 1835 1 907 1 1028 1 1369 1 1070 1 2325 1 1621 1 906 1
! disminuyendo 4245 1
! doublestruck 303 1
! droesperanto 402 4 400 2
! dissertation 4668 1
! darmstadtium 2585 1
! demisemiquav 3453 1
! dictatorship 251 1 249 4 253 2 243 4
! dryopithecus 4771 1
! destackprint 4279 1
! dhrishtaketu 2323 2 1879 2
! dostackprint 4279 1
! distributive 4668 2
! drawdblarrow 3107 1
! deflationist 4582 4
! dumneavoastr 3646 2 1049 2
! destructivas 4544 1
! dicerorhinus 2275 2
! deontologist 4783 2 4584 8
! dromogomphus 2874 1
! demostrativo 3024 1
! deformvertex 2291 1
! dwmlbydayout 3363 4
! documentroot 3390 6
! dephosphoryl 211 1
! doesnotexist 2301 3
