! ea 495 1 398 1 193 1 166 1
! eb 142 6
! ec 211 8
! ee 499 1 404 4 405 4 193 2 331 1 491 1 7 2 142 3
! ed 359 2 406 1 285 1 358 2 38 1 16 1 56 1
! ef 318 2
! ei 204 1 198 1 193 1
! eh 405 3 288 1 194 1 282 1 481 1 404 5 190 1
! ej 405 2
! ek 4690 1 4493 1 2624 1 4831 3 1190 2 1872 1 832 1 799 1 1714 1
! em 0 6
! en 416 2 499 1 111 1 337 5 491 8 428 1 424 1 283 1 471 1 280 3 421 1 273 1 226 5 423 3 91 1 288 1 188 1 232 2 429 2 135 5 476 2 282 1 495 2 398 11 411 2 422 1 375 2 328 1 390 2 290 14 93 1 487 1 384 1 389 1 386 1 198 6 395 1 392 14 169 4 366 1 356 17 427 13 330 1 271 1 255 1 158 2 56 29 253 2 444 2 153 1 45 4 242 4 433 4 142 44 223 1 420 1 26 1 220 1 414 1 221 7 199 4 396 3 202 2 435 10 241 1 291 4 194 1 173 1 168 9 406 5 212 1 165 5 401 1 304 1 407 1 13 1 116 1 197 1 244 14 397 4 9 1 113 1 451 1 160 5 381 2 284 2 90 4 43 1 431 3 163 1 25 1 166 2 128 2 175 1 151 1 458 2 167 4 402 11 11 1 42 1
! eo 499 1 494 1 495 1 405 35 427 1 402 4 272 1 401 1 431 1 156 1
! eq 342 6 30 1
! ep 4831 2 4279 3 4693 3 4038 2 3965 1
! es 494 1 435 2 427 1 496 1 254 3 407 1 242 2 288 1 265 1 255 1 232 1 209 1 272 1 224 7 198 4 433 2 498 4 169 2 121 1 168 5 403 1 166 6 213 1 211 1 164 1 180 1 157 1 385 1 56 15 150 1 173 1 283 1 142 22 190 3 41 1 276 1 223 1 176 1 38 1 199 2 149 1 337 4 290 4 431 1 156 1 112 1 116 1
! er 465 1 462 1 352 3 286 1 428 1 198 2 359 54 142 1 349 10 280 5 288 1 199 5 289 1 190 1 340 1
! et 495 1 431 1 397 2 213 1 499 1 281 1 174 1 266 1 404 10 272 1 142 36 267 1 113 1 163 1
! eu 359 1 272 1 20 1
! ev 458 1 242 1
! ew 405 1 404 1
! ex 398 1 330 1 249 1 499 1 224 1 204 1 166 1 142 1
! ey 405 1 462 1 242 1 193 1
! ez 6 2
! eda 4392 1 1186 2
! eba 379 1
! eca 166 1
! eab 4694 1 4693 4
! eac 3046 2
! ebb 4066 1 4038 1 3574 1
! ebc 166 3
! eea 4689 1
! ead 4594 2 3719 1 1096 2
! ecc 495 1
! ecd 507 1
! eia 3945 2 3944 1 2403 2 3861 1 3436 1 1186 2
! eec 3684 2 2210 2
! edc 2403 1
! eae 3046 1 1972 1 4010 1 3620 2 695 1
! ece 2599 1 2477 1
! eed 2441 2 1064 1
! efc 3920 1
! ela 405 2
! ema 194 1
! eaf 2230 1
! eka 4690 2 890 1
! efe 2165 1 2160 1 2721 1 2218 1 1591 6 1422 1 1058 1
! edg 447 43 373 1 226 1 229 1 129 1
! eah 1418 1
! ena 1270 2
! ecf 3789 1 2230 1
! edf 2403 1 3979 1 1774 1
! eee 4706 2 2006 4 3768 1 3057 1 4674 1 1199 1
! ege 402 1
! epa 3620 3 3067 1 1186 2 654 2
! eef 2139 1
! emb 158 1 47 1
! ehf 404 1
! eai 4697 1
! eje 4239 3 4281 6 4241 1 4216 2 4203 6
! eld 4690 1 4673 2 4066 1
! egg 353 3 238 4 242 1 20 1 229 3 226 6 398 1 200 9 230 1
! emc 2403 1
! enc 3363 2 2340 1
! era 486 1 56 1 397 1 342 1 280 4 289 1 229 1
! eeg 4648 3 2791 2
! esa 4831 17 3945 1 3634 1 3024 1 2953 1 2698 1
! ech 3889 1 890 1
! elc 4647 1 1181 1 1008 1
! eie 504 1
! eff 2403 3 3631 1 1636 1 1635 2
! eeh 2441 1 1267 2
! eta 4690 1 4583 1 1888 11 3951 2 3192 1 4449 1 2139 1 2599 2 2841 16 3850 2 2464 17 2441 1 4122 1 965 3
! ehg 796 1
! eme 194 1
! end 216 2 498 14 167 1 458 3 467 2 204 2 495 14 398 26 260 4 288 1 422 1 369 2 427 5 358 1 289 1 444 1 438 1 253 2 56 2 447 2 156 4 494 1 200 1 397 2 329 3 232 3 331 1 285 2 379 22 282 2 290 1 280 1 277 1 473 6 276 1 373 17 229 2 267 3 266 5 224 1 418 2 221 5 222 2 416 1 211 9 208 11 302 1 499 11 402 1 205 1 496 24 265 1 168 1 263 1 166 6 12 1 406 11 115 2 212 1 162 1 359 4 165 5 157 2 52 3 249 8 246 1 49 3 443 1 122 1 120 1 160 2 113 1 57 9 248 1 445 2 54 1 251 2 295 1 392 1 198 2 150 2 223 2 123 13 320 1 29 1 129 2 148 3 342 1 46 4 243 1 43 1 437 1 231 1 328 2 37 1 58 3 252 1 149 1 199 3 190 1 481 1 87 1 281 4 112 1 181 3 41 1 400 2 6 9 194 4 242 1 48 6 142 2 47 2 36 1
! eva 4650 1 4619 1 3769 1 3736 4 3751 6 3701 1 3117 1
! eod 4215 2
! ecj 2786 1
! ele 1058 2 3176 3 951 2 4350 1 4576 4 2266 6 2231 8
! edi 427 1
! erb 1583 1
! exa 4697 1 3434 1
! erd 1350 2
! eal 285 2
! emg 4505 1 2939 2
! eck 398 1 193 1
! ene 369 1 123 1 6 25
! esc 157 2 142 1
! ebl 4831 3
! ehh 4500 1
! elf 4694 2 1713 1 4690 1 3345 3 3416 1 3017 1 2698 8 1573 1 4586 1 825 9 4715 7 3887 2 997 1 1181 1 2317 1
! emf 4679 1 2695 3 2595 1 2452 1 965 1 3196 4 523 1
! erc 4673 1
! ekg 2791 2
! eam 695 5
! eel 404 2
! ese 280 1 56 2
! eek 404 1
! ere 435 2 290 3 499 3 224 2 433 1 291 1 166 2
! eof 52 4 51 2 49 1 48 7
! eyb 4392 1 2477 3
! eng 173 1 135 1
! ean 4891 1
! eni 405 2
! ebn 2865 1 591 1
! emi 2952 2 3733 1 2403 8
! etf 2942 1
! eap 4815 1
! ebo 890 1
! eem 2441 2
! egl 4715 1
! ehk 4831 1
! ehl 404 1
! eli 246 1
! enh 2599 3
! erg 4396 1 1497 9 1459 1
! eve 4765 1 4062 1 4038 1 4869 1 3765 1 2806 1 736 1 2967 10 1438 2 2561 1 2121 1 845 8 3345 1 760 5 3350 1 1766 1
! exc 4671 2
! ete 4690 1 3192 1 3025 2 1441 1 2441 1 1044 1
! eue 798 1
! edn 4873 1 2774 6
! eik 4831 1
! esf 4242 1
! esh 4673 2 2878 1
! een 142 2
! eco 471 1
! eoi 4183 2
! eug 4031 2 3704 3
! eye 498 1 398 1 258 1 460 1 394 1 251 1 249 1 242 2 288 1 160 1 229 1 497 1 221 1 40 1 224 2 158 2 200 1 123 1 167 2 392 1 47 1
! ewe 3342 1 3025 1
! elk 3562 1 2875 22 4119 3 2194 4 4496 2 2164 2 2089 6 736 3 2196 4
! epi 3266 1 2014 3
! eil 3110 1
! ebp 4884 2
! edo 473 1
! exe 337 1 173 1 291 1 121 5 56 1
! ehm 404 1
! esi 211 2
! elm 4690 1 4038 1 2526 1
! eas 160 1 120 1 113 2 56 1 496 1 331 1 265 1 282 1 216 1
! eml 2214 1
! efo 4831 1
! ego 498 1 428 1
! eth 336 1
! ear 288 1 251 1 226 3 242 1 253 1 173 1 142 1 100 2 40 2
! ell 1058 1 803 2 1749 2 1114 1 3851 2 3965 3 3275 1 1044 5 1499 1 809 1 4066 1 754 14 798 1 818 1 3810 3 797 10 951 2 799 3
! eti 2572 1
! eri 4831 4 4012 1
! ein 142 3
! ehn 404 1
! eat 482 1 237 1 379 4 373 6 450 1 496 2 358 2 342 1 204 3 371 2 279 1 200 12 254 5 242 1 12 1 406 7 199 1 359 1 198 2 230 1 142 2 280 8
! eds 4651 1 2864 1 4647 2 2772 1 1972 1 723 1
! eln 4690 3
! eol 3978 1 1299 1
! epl 397 1
! exh 3592 1
! esk 193 1
! eer 2864 1
! eko 4690 1 890 1
! ebs 591 1
! ehr 404 1
! eau 798 1 1047 1 797 2 796 5
! elo 405 1
! esm 4831 3
! ect 428 1 56 1
! eno 3041 1
! eon 4693 1 4032 1
! erl 2474 1 1513 1
! emp 4105 1 2697 1 2602 1 1604 1
! erm 160 1
! edt 3273 2 1459 1 3565 1 1365 1 871 1
! enn 142 1
! emo 199 1 198 1
! esl 285 1
! eav 504 1
! eqn 4232 5 2066 4
! edv 4204 1 1910 1
! eul 3296 1
! eum 4011 1 3841 2 4061 2 695 2 3843 2 3842 2 3837 2 3844 2 951 3
! eet 2441 1 2403 2
! eis 3004 1
! ern 3091 1 1419 1
! eeu 1503 1
! edu 477 1 237 1 398 3 464 1 361 1 494 6 402 1 357 1 265 2 218 1 453 1 337 1 282 1 230 2 362 1 221 1 309 7 499 2 217 1 205 1 158 3 16 3 204 3 360 1 172 1 40 3 93 6 372 1 231 2 427 1 192 1 330 1 142 2 9 5 38 1 203 1 223 1
! esp 354 1 309 1 142 2 40 1
! eto 402 1
! ems 4790 2 2014 1
! eht 724 1
! ero 56 1
! eso 4831 4 4252 9 3634 1 3024 1
! els 413 1 418 1 493 1 373 1 266 1 151 1 10 1 398 4 473 1 422 1 162 1 397 1 491 1 200 1 297 1 6 1 406 1 265 1 253 1 48 1 242 1 221 4 402 4 208 2 499 2 278 1 181 4 177 1 113 1 160 2 152 2 444 4 56 9 150 1 149 2 190 2 146 1 49 2 330 2 427 2 142 9 95 1 165 1 282 2 47 2 458 1 167 1 411 1 120 1 158 1 449 1 176 1 223 2 205 1 393 1 43 1 263 2 28 1 216 2 46 9
! eax 4884 9
! erp 4533 1
! ewn 724 1
! eos 4180 2
! ecx 402 1
! edx 4694 1
! eew 1267 1
! eor 4650 1
! evo 3873 1
! esq 4066 1 3538 1 1492 1
! eps 4279 34
! epr 4648 1
! etr 2878 1 4184 1 1044 3
! ess 499 1 498 1
! ent 198 7 142 2
! eqs 4697 23
! err 4038 1 3778 1 3363 2 2864 1 2327 2 4673 1 4219 1 1612 1 1503 1 4884 1 1166 1 4066 2 1058 1
! esr 3541 2 3206 5 2828 2 2403 37
! exp 142 1 52 1 99 1 49 1
! elu 4831 3
! elv 1059 2
! emu 4694 1 1271 1 2130 1 4693 2 2158 3 4768 2 1270 1
! env 453 1
! est 435 8 433 5 224 2 404 32 496 1 288 3 495 2 498 16 84 1 222 1 199 6 198 4 290 13 223 1 499 3 398 2 168 3 190 1 142 27 51 3 166 14 56 1
! eus 939 3 814 2 798 3
! evs 4697 1
! ewr 404 3
! equ 4215 1
! ets 1586 1
! eur 4860 1 4859 1 2952 1 2522 1
! ert 726 1
! ett 4831 8 4689 5 2634 9 4690 9 2625 1
! ehz 1258 1
! eru 473 2 379 13
! eut 229 2
! evt 3998 5
! emx 4584 1 4582 1
! erw 1514 1 1513 3 1178 4 967 4
! ekz 402 1
! ext 491 1 431 1
! etw 970 1
! ezt 142 1
! euw 405 2
! eww 4518 1
! exx 4360 1
! eaba 4043 1
! edac 3872 1
! edad 4697 1 3192 1
! eeda 156 1
! eedc 199 15
! elca 4831 1 1820 4
! ebbe 166 1
! egad 1977 1
! ecce 3656 2 502 1
! emac 142 2
! enda 4690 1
! eedd 2767 1 601 1
! elea 3701 1
! eadg 3046 1
! elec 1186 1
! ebla 3002 1 2340 2
! edfd 198 27
! elga 830 1
! eech 2441 1
! ebeg 3046 1
! erad 266 1
! efic 3499 1
! emia 890 1
! edna 1007 2
! elia 3024 2 3019 2 593 2
! enia 1274 1
! ereb 2865 1
! exac 3790 1
! edge 242 1
! eide 4958 1 2666 4
! edai 592 2
! ecma 4684 2 3966 5 3967 1 3847 3 3203 1
! ende 4159 1 985 2 1778 1 963 2 943 1
! efbi 3592 2
! eddi 4623 1 4609 1 3701 1 3267 1 2695 2
! elfd 1713 1
! elka 4693 1
! ella 435 3 280 6 290 2 224 8 166 7 254 4 199 1 198 5 142 6
! evad 3024 1 1314 1 735 1
! edlc 2403 4 890 1
! eble 402 4
! enai 473 1 205 1
! emma 194 1
! eame 2952 1 510 2
! ebbl 1591 1
! erde 4650 1
! endg 1513 1
! edif 56 1
! ecke 967 3
! eheh 282 1
! exec 128 1
! eina 142 1
! elid 123 3
! eleg 132 1
! ecnc 4297 8
! epic 3023 1 3266 1 3145 2 2340 1 3638 2 1305 1 4583 1 3663 2 3025 4
! emaj 3482 1
! efgh 3144 1
! edgi 4862 1 3017 1
! egal 1513 1
! eend 1772 1
! eigh 4066 2
! elak 4690 1
! enci 3920 1
! erai 280 1
! edam 4215 4
! eric 120 1 85 1 458 3 108 6 43 2
! elie 3026 1
! enna 194 1
! edta 2287 6
! erla 3751 1
! ebnf 4748 1 3978 2 3416 1
! eadm 796 1
! erie 571 3
! erbi 4693 1
! erna 4690 19
! elle 142 2
! elif 47 3
! eagl 142 2 56 7
! edel 4831 1
! eisa 4498 1
! erch 142 1
! etch 4763 1 3343 1 2452 1 3202 1 2872 1 2875 2 2698 1 4392 1 3666 1 4760 3 888 1
! euch 3004 2 1677 2 2782 1 1022 2 1890 2 2800 1 985 2 963 2
! edan 3776 1
! engg 4392 1
! eind 3562 1
! elig 150 2 6 1
! eula 3563 2
! eggi 4251 1
! exch 4279 35
! elam 2865 1 2340 6
! ease 6 1
! eben 3541 1 1514 1 1513 1 1457 1
! educ 284 1 407 1 499 1 220 1 427 1 174 1 413 1 398 13 444 1 282 1 40 2 322 1 441 2 253 1 223 1 176 1 337 1 202 1 93 1 11 1 341 1 88 1 113 2 166 1 25 1 142 3 373 2 56 5
! eine 3462 1 2246 1 1686 1 967 1 1066 1 1514 1 2262 1 1178 1 963 1
! einf 232 1
! evid 231 1 176 1 165 1 160 2 6 2 173 1 226 1 249 1 149 1 99 1 398 2 221 5 244 1 384 1 177 1 56 1
! enam 4446 1 1032 1 840 1 838 7
! espa 435 4 290 7 433 4 242 1 426 1 429 1 337 3 223 1 407 2 142 6 164 3 166 3 56 6
! eate 371 1
! eram 2403 1
! etal 2989 1
! eden 4688 1 4648 10 4672 1 3320 1 2865 1 890 1
! expa 4697 1
! elua 4831 2
! egen 4690 1
! elan 4648 1
! endl 108 1
! enfj 2222 1 1840 1 1851 1 2239 1 1843 1 1875 11
! erme 142 1
! ergh 1644 1
! edil 3499 1
! enta 562 1
! eddo 2259 1
! eawc 2865 2
! eman 4958 1 4894 1 4737 1 4605 1 1437 1 2327 1 2323 1 1358 1
! ewld 3780 2 2210 11 1585 4
! esfj 2239 1 1874 9 1843 1 2220 1 1840 1
! exif 4033 2
! erod 4604 1 4584 1 4877 1 3920 1 2875 2 3102 1 2783 1 4748 1 843 1 3096 1 736 1
! elli 1772 6
! emsc 1064 1
! esme 4766 1
! esta 402 4 280 1 56 1 199 1 173 1 406 17 142 1
! eule 2571 1
! eval 4655 1 3718 6 3033 1 3274 2 3041 3 2905 1 1560 1
! evoc 4672 1 1087 1
! exig 4203 1 4063 1 3499 1 4281 1 796 2
! emap 3203 1
! exal 4694 1
! equa 4134 1 644 1
! edim 3082 6
! ewhh 3592 1
! egil 2666 4 1470 1 1455 3 1454 2 1453 3 1452 3 1451 2 1450 3
! eran 280 2
! elem 281 1
! ezra 4038 1 3025 1
! easi 460 1 391 1 447 1 419 1 373 1 431 2 40 1 428 1 224 1 418 1 223 2 417 1 458 2 411 4 405 2 114 1 490 1 20 2 402 4 499 1 285 1 473 1 284 4 282 4 265 1 163 2 260 1 398 6 221 1 216 1 202 1 336 1 142 2 21 1 56 1 444 5 115 1 427 3 148 4 51 1 242 1 104 1 7 1 6 1 200 1 58 1 246 1 57 3 173 1 24 1 121 2 271 1 83 1 113 3
! eath 4391 1 1114 1
! elud 330 1
! edio 2935 1
! eesh 2441 1
! eifo 3993 8
! endo 349 1
! engl 2246 2 967 1 2403 4 1178 1 918 2
! ense 1526 2
! epco 2403 2
! erof 462 1
! exam 482 1 447 6 402 1 429 1 253 1 276 1 437 2 492 2 285 1 142 13 224 1 398 6 444 1 112 2 243 2 93 1
! emil 7 2
! echo 409 1 249 1 405 1 121 3 48 3 52 1 32 1
! efas 3230 1
! excl 4696 2 4670 1 1199 2
! erva 1727 1
! evan 4505 1 3121 1 3638 4 3254 2 4031 2 3296 1
! epfl 4991 1
! else 115 2
! eder 4697 2
! eigo 3875 1 1384 2
! enim 4012 2 3844 2 3843 2 3841 2 3842 2 3837 2
! enza 242 1 166 1
! erik 4697 1 3589 1 2210 2 3701 1 1259 1 2161 1 1585 6 1494 2 2977 2 722 2
! eruc 200 1
! etwa 4268 1 3004 2 3815 2 1736 1 2106 1 1677 1 2782 1 1513 1
! exrc 3913 18 1573 1
! emni 3592 1
! endp 4215 2
! eger 266 1
! emph 4967 2 1513 1
! estc 2902 2
! evel 4155 1
! eren 1772 3
! euhl 2625 2
! epsf 4279 1
! ecom 2919 1
! eorg 193 1
! enfp 1848 18 2222 1 1840 1 1851 1 2239 1 1843 1
! emas 840 1
! echr 2786 1
! elat 2327 1 1308 1
! earl 4295 1 2780 1 829 1 2784 2 2783 3 2779 1 2935 2 2781 2 1802 2 1648 2 2778 1 1764 1
! edom 2865 1
! eith 223 1
! emin 4063 1 3023 2 1802 1 1879 2 979 1 2934 1 4038 1 593 1 4066 1 2881 1 3025 2 2783 1 2323 1
! esse 3529 1 951 1
! este 142 1
! eten 4754 2 4496 3 1986 3
! econ 142 1
! ebon 4072 1 4063 1
! ewen 444 2
! eyen 825 1
! esfp 2239 1 2221 1 1871 12 1843 1 1840 1
! erpi 890 1
! einn 1926 2 4844 4 2634 3 1699 2
! evxb 3196 1
! eapo 2865 1
! ebay 128 3
! ends 4668 2 3984 1 1132 1
! ensi 2340 1
! eras 190 1 168 1
! erin 462 1
! erkl 1677 1 1514 1
! esas 4831 1
! esin 4831 1
! evil 398 1 223 7 397 1 221 3 165 1 428 1 142 3 417 1 282 1
! exud 2093 1
! elko 2403 1
! ectl 1064 1
! eggs 238 1 200 1 14 1
! emer 1431 1
! efmo 4024 1
! enth 4601 1 1513 2
! ener 2052 1
! ergo 4012 2 3376 1 1749 1 3760 1 4541 1 606 1 2972 1 502 2
! earn 310 1 145 1 218 2 141 1 56 4 142 4 132 1 27 1
! edwi 2855 2
! enjo 3780 1
! eles 3176 3 2231 1
! eler 824 2
! echt 1772 5 1497 2
! esim 4831 4
! exil 4648 1 3228 1 3673 2 2881 1 722 1 3021 1 2779 1 4749 1 2340 1
! epsi 4279 1
! erth 462 1
! elvi 1839 1 1830 5
! esri 4737 1
! eheu 495 1
! elet 3913 1
! ello 280 6 254 2 224 4 198 3 166 3
! elmo 2890 2
! emet 4454 1 4297 1
! engr 4559 2 3944 1
! enti 3376 1
! eopl 1521 1
! eper 1458 1
! erio 406 1
! etat 249 1
! evas 1914 1 1768 1 1311 1 736 1
! etho 4500 1 2865 1 570 1
! esdr 4541 1
! emfs 523 1
! enol 453 1 294 1
! esug 2314 5
! euml 1000 2 765 1
! erat 499 1
! edit 0 1
! esau 510 3
! ecor 1139 1
! erav 3574 1
! elis 499 1
! evok 1406 1 573 1
! envi 204 1
! eres 224 2 223 1
! esti 498 1 402 2
! etsi 4012 1 2322 1
! euer 1736 1
! entj 2239 1 1876 5 2223 1 1843 1 1840 1
! elft 3729 1 825 1
! equi 1058 1
! emir 3021 1 2666 1
! ergr 142 1
! eter 824 2
! eron 1517 1
! engt 1497 1
! empo 405 1
! emul 484 3 398 1
! etet 142 1
! ecto 2443 1
! elev 200 1
! emit 202 2 83 2 21 1
! etfs 3010 1 2942 1
! estj 2239 1 1873 10 1843 1 2220 1 1840 1
! elit 244 1
! erev 3019 1
! epop 2897 1
! ells 4066 1
! enum 266 1 121 1 51 1 50 2 267 2 47 3
! ekor 839 1 838 2
! eniu 1274 2
! eerr 2864 1
! eton 3578 3 1438 2 2057 2 1402 1
! ewon 3574 1
! erum 561 1
! eaqu 583 1
! esit 4831 1
! ebiz 1650 1
! emsp 1215 1
! east 482 1 251 5 246 1 476 1 200 1 244 1 373 1 282 3 462 1 253 1 248 3 243 2
! ellu 2560 3 2378 1
! erit 499 1
! egot 2804 1
! exon 1138 2 1132 2 1119 1
! eest 2523 1
! ensp 4847 7
! ebus 561 1
! emot 373 2 223 1 204 13 202 1 56 1
! etex 3001 9 2996 4 3107 6 2547 4
! euro 336 2
! erto 462 3
! enos 740 6
! expo 2865 1
! entp 2239 1 1872 23 2223 1 1843 1 1840 1
! exit 359 2 51 2 108 1 482 1 229 1 472 4 265 4 253 1 52 3 50 1 349 3 181 1 49 11 417 1 226 1 48 3
! ezaz 2379 1
! eros 4672 1 4648 2 3900 1 3620 3 2865 1 3096 3 2878 1 2875 1 3102 8 2464 1
! esto 402 1 142 1
! estp 2239 1 2221 1 1843 1 1870 10 1840 1
! ewtn 2865 1
! ehow 4873 1 3110 13
! egyp 2902 1
! emov 1782 1
! eqtr 4818 12
! eius 695 1 583 1 582 1
! eitt 2634 2
! entr 404 1 199 1 142 1
! enyo 2956 7
! etot 2441 1
! eunt 4012 2 4010 1
! errr 1071 1
! expr 4655 9 3978 6 2318 1 2456 1 1946 2 3107 2 1633 2 2465 1 3257 6 1222 3
! eliz 4063 1
! eqqt 3592 1
! elus 221 1
! erot 3025 1 3026 1 3021 1
! ekut 799 1 754 1
! emus 2572 1
! estr 4831 3
! ensu 499 1 282 1
! enru 2328 1
! exot 4616 2 3538 1 4378 3 4183 1 4601 2 4615 1 3485 1 736 1 3450 1 2930 2 3459 1 3003 1 2865 1 4714 1 4599 1 2322 1 2443 1 2932 2 3663 1 2881 1
! equt 1824 1
! esqu 3059 1 1431 1
! esus 4831 1 3082 2 3047 2
! extr 142 1
! esst 3004 1
! erst 4478 1 1686 2 1285 2 4869 1 1514 1 997 5 992 9 1513 4 963 1 1165 1 825 2
! etut 2291 2
! erwt 1503 1
! eeeaa 2210 2
! eaeac 3046 1
! escac 1692 2
! eniac 3945 1
! embed 431 3 266 1 233 1 423 1 359 2 349 1 186 1 48 1 472 2 265 2 329 1 241 1 121 1
! erica 4236 1
! eliad 4648 1
! eddic 3578 2
! enlac 337 1 142 3
! effic 3016 1 2376 1
! eddie 3283 1 3234 5 1309 10 2365 1 1311 10 2939 2 1310 2 1308 5 1307 26 1306 19
! elach 2560 1
! elaid 3067 1
! engag 402 1 398 2 458 1 271 1 359 1 249 1 9 1
! eplac 2864 1
! edema 4885 1 3789 2
! efika 4714 1 4694 1 4693 5
! emaci 4775 1
! esabi 4831 2
! edvac 2341 1
! edici 4281 1 4239 1 4203 1
! efici 3499 2
! espac 3026 1
! execf 4694 1
! erice 4697 1
! enige 3562 1
! ebibl 1186 2
! ebola 2881 2 2538 1
! enabl 398 4 359 1 427 1 358 1 473 1 251 1 342 1 56 3 217 1 349 1 211 2 218 1 207 1 201 1 121 1 298 1 318 1 54 1
! endif 47 4
! erbif 1630 1
! estab 1434 1
! ebene 2246 2
! edred 2855 2
! erabl 4066 2
! eufic 2652 1
! elchi 2560 1
! ewald 3701 1
! erich 249 1
! edifi 56 1
! escal 248 1 221 1 160 1
! estad 2056 1 1057 1
! edoma 3579 2
! ethic 246 1 221 3 244 1 218 1 150 1 217 1 142 2
! edibl 258 5
! egoic 4648 12 2804 1
! elgam 3840 1
! enrag 249 1 242 1 56 1
! emesa 3026 1
! eerbi 1986 1
! eexec 4279 1
! ellie 471 1
! encod 397 1 358 1 266 1 216 1 333 1 223 1 173 1 154 2
! erenc 4066 2 1801 1
! epina 796 1
! echoe 2865 1
! enola 251 1
! ecita 3192 3
! erial 4151 1
! ecirc 157 2
! endem 4673 1 3663 1
! erick 970 2
! enoch 3144 1
! encap 50 1
! erhob 1178 1 967 1
! ecall 753 1
! elian 4178 3
! epoch 4775 1 4648 9 4582 1 3041 2
! elcap 2403 3
! entic 40 1
! exhal 2825 1 2323 3 1882 2
! espai 142 1
! excel 484 1 499 1 158 1 398 2 444 1 402 1 142 4 285 1 216 1 115 1 253 1 132 1 417 1 141 1 251 1 56 2 265 1 397 1 282 1 6 1
! einig 1513 1
! escap 445 2 298 1 242 1 142 1 114 1
! eweek 3363 1
! eocen 4771 7
! echar 242 1
! edgar 3600 2 2855 6 3121 1 2902 1 1632 1 573 1
! eigen 3695 3 3562 2 3141 1 4648 1 2238 1
! elisa 3701 1 2874 1
! email 427 4 398 4 177 3 499 1 375 1 444 4 491 1 169 4 299 1 111 2 414 1 460 2 402 1 241 1 176 1 160 4 142 2 428 3 221 1 56 5 90 1 389 4 233 6 135 2 40 1
! enden 2631 1
! engel 4790 3 2516 1 2336 1 2097 3 1459 1 1497 1 2026 2 1472 2 1702 1 2461 1 2047 2 1992 1 1772 1 1816 1 801 1 1457 1
! eleva 4281 2 4254 2 4258 1 4203 2 4175 1
! erdem 2782 1 2447 1 1736 1
! evene 481 1
! ecosa 2902 1
! evinc 4582 1 4279 1 650 1
! endof 4861 76
! etiam 1431 3 584 1 4012 1 582 1
! eiman 4958 1
! enemi 249 2 398 1 248 1 221 1 142 1
! elsie 736 1
! ethel 573 1
! empal 4637 2
! encas 4092 1 1604 1
! eniem 1274 1
! enkel 4690 1
! erase 3557 2
! essai 4668 1 1199 1
! estai 4576 1
! ethan 194 1 123 6 122 1 6 1
! emeli 3701 1
! elman 4647 1
! elain 996 1
! exile 2883 1
! exibl 4673 1
! eleph 4642 2 4500 2 2971 1 4119 1 2194 1 3439 1 3021 1 2441 1 2162 1 2323 3 2114 1 1979 1 4584 1 1962 1 2865 2 1692 1 2046 1 1881 1 1166 2 1155 1
! edite 491 1 161 1 444 1 389 2 417 5 220 1 418 3 165 1 142 1 163 1 387 1 157 7 180 1 158 3 135 2 167 3 156 3 56 4
! einem 2782 1 2232 1 2106 1 1736 1 1514 1 2246 2 992 2 1513 4 963 5
! eager 428 1 499 1 249 1 56 1
! elfte 3887 1
! elsif 4682 2 3041 2 2318 1
! ember 2631 1 2159 1 504 1
! exerc 3807 1
! eider 2897 3
! emacs 4323 1 935 2
! eseaq 1630 1
! eteen 4831 4
! eggin 4707 1
! emili 194 1
! ethen 4051 1 3475 1 748 5
! erdas 4737 1
! eugen 4031 2 3121 2 2698 1 3480 1 1309 1 1311 2 736 3 1308 1 735 1 1307 6 4780 1 739 1
! einen 142 2
! earli 266 1 380 1 398 1 284 2 237 2 353 1 470 1 282 2 253 1 441 1 251 3 486 1 248 1 229 1 249 2 226 2 131 1 176 1 223 2 265 1 218 2 162 1 231 3 139 1 208 1 12 1 56 2 217 1
! ensam 4690 1
! elath 2883 1
! eliya 3019 3
! ellen 3708 25 3705 6 3726 5 3704 9 3682 32 3725 12 3681 6 2656 7 2489 1
! enact 249 1 165 1
! ender 2631 1 1864 1
! epact 3720 4
! enfin 3514 1 1364 1
! ecoli 517 2
! enrgi 1747 1
! effer 3789 6
! emerg 410 1 398 1 218 2 284 1 246 2 241 1 253 2 217 3
! eject 4669 1 3399 1 3230 1 2698 2 4687 2 1145 1 1142 1 3167 1 2881 1 976 1
! energ 1853 1 1848 1 1852 1 1842 3
! elise 3462 1
! elder 373 1
! elfin 2874 1
! evlne 1630 1
! ertig 1986 1
! eliza 2226 1 1007 1 4874 12 574 1 570 1
! edict 4790 4 2340 1 3483 6 593 1
! eisel 4859 5 3121 1
! exili 2874 1
! entra 168 1
! eclat 3499 1
! edith 3751 1 2865 1
! edlcs 2403 1
! edlin 1830 2
! elite 3369 1 2291 1
! entoc 4239 1
! enucl 2897 1
! ewing 4550 1 2944 2 829 1
! eaten 496 1 256 1 237 1
! elect 428 1 249 1 491 1 56 3 40 1
! emmen 798 2
! eboni 3538 1 3003 1 2930 1 2874 2
! ennen 4831 4
! eplen 2631 1
! effet 3965 1
! engin 389 1 169 1 54 2 246 1 233 1 305 1 157 9 390 1 298 1 12 1 265 3 56 2 398 1 329 1 142 1 87 1
! enlil 2340 2 1059 2
! equal 493 2 266 3 260 2 398 1 297 1 120 3 261 1 330 1 223 1 458 5 453 1 246 1 105 2 303 1 285 1 278 1 267 1 405 1 249 2 204 2 181 1 416 1 158 1 480 6 57 10 104 1 150 1 208 1 67 9 383 1 148 14 7 3 99 4 47 4 329 1 207 7 46 8 24 1 49 1 27 3 221 1 318 11 224 2 83 3 106 2 6 2
! elong 359 2
! elomi 4616 2
! ergat 4616 3 1986 3 1497 1
! estan 4175 6
! evacu 2014 2 708 1 2327 1 572 1 571 1
! exact 499 2 263 1 447 2 486 1 157 2 392 2 417 1 83 1 318 1 221 1 359 1 406 1 472 1 375 1 467 1 185 1 495 1 398 5 280 2 266 1 399 1 211 1 207 4 51 1 148 1 342 1 201 1 7 1 193 3 393 1 158 2 427 3 330 2 48 2 142 12 90 2 175 1 444 1 56 1 438 1 244 1 6 3 103 1 57 3 26 2 355 1 120 1 190 1 331 7 49 1 25 1 413 1 303 1 260 4 47 1 24 2 58 1 35 1 173 1
! expel 358 1 249 2 6 1
! endet 1513 1
! erect 4063 1 3350 1 4736 1 3054 2 3026 1 2865 1 4180 2 2340 1 3025 7 702 2 946 2 1199 1 649 1 650 1 508 1
! exphi 4859 1
! eilat 2873 1
! eduli 3765 1 1996 1 974 2
! enjoi 2772 1
! ellas 435 1
! excav 4733 1 4780 2 3055 1 3638 1 3025 1 3002 2 2950 1 2875 2 3021 2 2883 1 3026 3 2865 3 3014 1 2882 2 4180 1 2340 1 843 3
! egrep 1573 1
! etrem 1509 1
! espen 1479 1
! estel 1259 2
! eller 4690 1
! etask 4715 8
! extra 495 1 406 1 475 1 491 1 444 1 445 1 398 1 284 1 402 1 473 1 379 1 427 1 281 1 207 1 160 1 91 1 223 1 200 2 175 1 83 1 226 1 56 1 208 1 40 1
! ebook 397 1
! einer 1514 1 1500 1 1490 1 995 1 2246 3 992 2 2782 4 967 1 3141 1 1513 1 963 3
! essem 3529 1
! etydj 799 2
! eginn 332 1 115 1
! exorc 3025 1
! enmin 2327 1
! ether 369 12 123 1 31 1 6 3
! ervan 1710 2 1497 1
! eindr 824 2
! ekker 1663 1
! emigr 373 1 477 1 142 1
! elven 4152 1 621 2
! eater 242 1
! elles 808 1 805 1 799 4 809 2 798 1 796 1 726 1
! examp 142 2 83 1
! exier 582 1
! eyong 1457 1
! efnet 3742 2
! essen 4586 2 4427 1 992 1 3729 1 3004 21 4859 4 1777 1 1500 1 971 1 997 1 3887 1 3815 2 2264 4 1461 2
! epler 2631 1
! elner 1040 1
! empat 4446 1 1032 1 898 1 838 11
! elmer 405 1
! entre 3024 1 2180 1
! earth 3 1
! elllo 3035 1
! erinn 462 1
! equil 3807 1
! emori 4759 1 593 1
! eriti 4012 1
! edwin 4894 1 3889 1 4203 1 3600 1 1465 1 3121 1 4063 1 2952 1 4281 1 4072 1 1864 1 934 1
! efter 4916 1 4690 1
! eliev 2865 1
! euler 297 7 142 1
! emper 3731 1
! execv 4884 1
! encul 1199 6
! egrav 805 2 1000 1 824 2 808 1 806 2 765 6
! elion 3021 1
! edvin 3701 1
! excis 152 1
! ewlin 3719 1
! enfjs 1875 3
! estar 435 5 280 4 142 1 430 2 223 1 190 1 198 2 290 4 173 1 288 1 242 3 286 1 206 1 166 12
! ebxml 3363 1
! excit 339 1 499 1 491 1 398 4 444 1 190 1 282 1 173 3 36 1 113 1 135 1 55 1 441 1 56 2
! eroyc 4612 2
! errat 4116 1 3010 1 1830 1 2702 1 722 1
! escul 3804 1
! egret 2897 5
! educt 2184 1
! elaps 105 1 83 1
! elihu 570 1
! ellis 1820 4 1870 1 4697 3 1628 1 1311 2 3345 1 1310 3 571 1 1308 3 1307 4 1306 10
! elyse 1864 1
! emiit 3977 1
! encor 142 1
! eplet 2631 1
! epper 193 1
! estim 398 1 373 1 160 1 6 1 20 1 229 1 249 2 40 1
! ethno 2340 1
! endiv 2494 1 2331 6 3928 1 1928 1
! esfjs 1874 3
! erste 1513 1 1066 1
! estas 1548 1 1518 1
! esimo 4239 1
! expat 4715 1
! equin 3923 1
! epcos 2403 2
! ensjo 1589 1 1352 2
! esser 4065 1 1431 1 1352 3
! enrol 398 4
! equat 3 1
! ecito 3192 3
! extim 1186 1
! enter 498 1 398 1 358 1 248 2 396 1 279 1 152 1 336 1 472 1 265 3 359 1 495 1 229 1 417 2 482 1 247 1 207 2 113 1 160 1 484 1 249 1 226 4 157 4 121 1 168 1 145 1 51 3 282 3 52 1 102 1 149 1 50 1 379 1 115 2 48 4
! entri 359 1 305 1 422 1 427 1 266 2 391 2 396 1 379 3 402 1 329 1 282 1 444 1 491 1 398 1 351 1 306 1 165 5 499 1 358 1 389 1 248 1 409 1 221 1 421 1 186 1 181 2 417 2 88 1 157 1 249 1 180 1 169 1 113 1 160 1 176 1 56 1 338 1 177 1
! estat 142 3 141 1
! eurer 1890 1 1022 2
! eaton 702 1
! eudju 3592 1
! evalu 458 2 384 1 284 1 218 1 221 2 160 1 148 9 398 5 57 3 47 5
! empir 460 3 245 1 248 3 243 1 246 1 99 1 7 1
! exalt 373 3
! erant 499 1
! etern 244 1 223 1 222 1
! eerht 3041 1
! etwas 3004 1
! ervin 4648 1
! exmpl 4431 1
! epcot 3059 1
! ebert 728 1
! elois 2865 2
! emmit 2853 1
! enfwm 4185 2
! erwin 3701 1 2772 1 739 1
! ezion 2882 1 2865 1
! enver 1199 1
! ewnuh 724 1
! eymti 1630 1
! ester 453 1 369 8 354 1 294 1
! elves 142 1
! eprom 3945 4
! erdos 1425 1
! euser 2865 1
! eupon 3025 1
! elbow 251 1
! enfps 1848 34
! eacut 1296 2 935 1 803 1 3453 1 808 2 819 1 807 1 806 2 3758 1 814 6 816 1 1713 2 1000 2 824 10 802 1 805 2 1058 2 3456 1 765 42
! esset 3529 1 2609 1 583 1
! exter 4831 2
! espir 1114 1
! equip 495 1 445 1 397 1 359 2 358 2 248 1 158 1 20 1
! elast 94 1 90 1
! elips 4281 4 4203 4
! elton 2403 3 2279 1 1040 2
! entir 358 2 373 1 363 1 253 2 414 2 445 1 204 1 398 10 260 1 352 1 449 1 167 5 402 1 389 1 51 1 342 1 113 1 207 1 331 1 285 1 165 1 359 2 265 1 423 4 229 1 202 1 47 1 329 3 216 1 240 1 193 1 186 1 223 1 221 2 315 1 121 1 194 1 6 3 491 1 56 1 444 1 397 1 150 1 244 2 152 2 142 16 330 2 427 1 392 1
! epoxi 2403 6 1445 1
! erent 669 1
! eufor 3780 1
! exahz 2698 1
! enron 3010 1
! emers 2125 1 1461 1
! estol 142 3
! enorm 499 1 398 1 251 2 221 1 56 1 12 2
! event 285 2 265 1 485 1 177 1 223 1 394 1 251 1 398 1 260 1 258 1 373 1 253 3 218 9 484 1 162 1 217 8 50 8 280 5 142 2 112 1 248 2 83 26 40 1
! ewart 2783 1
! endur 245 1 221 1
! elkos 2403 1
! ellos 450 1 435 3 290 4 198 1
! elvis 3745 2 2881 1 2221 1 1007 4 3502 1 1830 1 1640 1 740 2
! errno 4715 4 4394 1 1107 4 2381 2 1106 3
! erron 493 1 142 1 49 1
! espoo 142 1
! ethos 1509 1
! ethyl 369 13 129 4 123 5 7 1
! exhum 2781 1
! extol 4790 1 1740 2 2323 13 843 1 4066 1 2311 2
! expir 162 1 149 1 160 1 417 7 153 2 163 1
! expon 331 1 330 1
! esfps 1871 9
! epson 4693 1 1782 1
! endow 4582 1 2327 1 3098 1 2633 1 2711 1 3694 1 650 1 2352 2 1881 1 4038 1 1880 4 2323 7
! eliot 570 1
! emolu 702 2 651 2
! entjs 1876 4
! endus 4693 1
! envis 282 1 398 1 278 2 113 1
! empez 4842 1
! ector 3578 6 996 4
! emiss 83 1
! essay 499 1 135 1 434 1 398 10 329 1 142 2 165 1 396 1 253 1 397 1 221 1 300 1
! eduns 2632 1
! ergst 1458 1
! evert 4297 1 3827 4
! eintr 2238 1
! exert 496 1 359 2
! emuls 258 1
! essex 3101 1
! estjs 1873 3
! europ 462 1 307 1 285 1 246 3 405 1 290 2 249 2 248 4 251 5 435 2 245 2 243 9 218 3 253 1 495 1 242 1 252 2 142 1
! enerv 1199 2 1162 2 1161 2
! excus 481 1 371 2 200 1
! ekorr 4690 1
! equit 4416 2 1913 1
! ethyn 3478 2
! ellow 193 1
! easqu 583 1
! elulu 2340 1
! emitt 3980 2 2830 1 4392 1 2684 1 2853 2 2589 7 2428 1 2452 4 2397 1 1627 3
! equiv 104 3 318 10 58 2
! estiu 3976 1
! expor 3499 1
! eserv 2960 1
! epopt 2258 1
! error 392 1 393 1 48 13 142 7 389 2 297 1 458 2 431 1 453 1 266 1 427 3 249 1 108 2 173 1 472 1 284 5 49 3 190 2 181 1 50 1 285 2 473 1 494 1 165 1 221 1 152 1 385 1 56 4 148 1 397 2 162 2 256 1 329 2 47 2 163 3 398 1 90 2 278 1 253 2 46 4 281 2
! ebsus 3459 1
! eerst 1816 1 1713 5 1465 1
! eloqu 409 1
! enjoy 444 1 239 1 393 1 282 1 249 1 223 1 246 1 200 3 199 1 185 1 238 1 192 1 181 1 132 1 235 1 389 1 113 1
! evolv 398 2 355 1 152 1 83 1 313 1 282 1 249 1 226 1 473 2 358 2 162 2 499 1 154 1 229 1
! exist 478 1 383 1 157 2 392 1 366 1 462 1 416 3 411 1 458 6 167 2 355 1 397 3 260 4 495 1 398 19 358 3 427 4 330 1 353 1 165 6 447 2 428 1 331 2 190 1 285 1 379 3 473 1 279 2 373 1 267 1 265 1 248 1 221 1 211 1 405 2 183 1 278 1 472 1 181 3 410 1 216 2 169 1 266 1 460 1 158 1 352 1 14 1 499 5 111 1 202 1 396 1 496 3 108 1 152 2 249 1 57 1 342 2 51 1 148 11 7 3 150 1 153 2 56 3 142 6 48 2 133 1 41 2 320 1 223 2 417 2 246 1 58 1 12 2 35 1 277 2 83 1 32 1 220 1 414 1 46 1 160 2 113 2 207 3 498 1 453 3 162 2 21 3 50 1 6 2 121 1
! expos 139 1 464 1 453 1 132 1 120 1 41 1
! exslt 2680 3
! extro 4392 2
! ehost 3620 7
! entps 1872 4
! ensym 142 1
! estps 1870 4
! estos 4239 1 4195 2
! empow 4416 1 3059 1 1802 1 2952 1 593 2 662 1 1076 1 702 1 2772 1 649 1 3363 1 703 1 945 1
! eport 2320 1
! erunt 499 1
! etext 494 1 462 1
! extiw 3906 2 3768 4
! ernst 249 2
! esptr 4740 1
! exult 2323 1 1884 2 722 1
! egypt 248 1 243 1 218 1 217 1
! exlst 2327 1
! ensur 349 1 305 1 428 1 329 2 398 2 445 1 284 1 427 1 151 1 177 2 216 1 183 1 150 1 113 1 417 1 49 1 149 3
! estou 4576 3 3731 1
! erupt 342 1 248 1
! etnus 4550 1
! enzym 366 2 358 1 352 1 7 1 359 19 211 60 464 6 349 2 354 4 453 3 200 1 230 1 342 2 210 1 465 3 212 1
! estov 504 1
! exixt 4239 1
! envoy 4184 1 3529 1 806 1 805 1
! estoy 435 2 290 3 433 1 198 1 173 1 166 8
! ennuy 798 2
! estuv 291 1 280 1
! essuy 798 2
! echada 3024 1
! eceaec 2188 3
! embbed 4498 1
! eadgbe 2960 3 2968 9 2938 1
! ecfefc 2585 1 2188 1
! ebegbe 3046 1
! embedd 2535 1 2319 2
! ebcdic 277 1
! eeeeee 1368 1 2978 10 888 1 1371 1 4693 1 4463 5 3635 2 2139 1 1288 1 2003 1 1428 2 2858 3 1190 1 1366 1 1320 1
! estaba 56 1
! eingab 1513 1
! enlace 588 2 587 2 567 2
! ededff 1055 1
! enddef 3107 2 2465 1 2456 1
! efffef 2210 2 1591 8
! engage 2825 1 2323 2 1883 1
! exceed 417 1 297 1 202 1 200 1 271 1 106 1 6 1
! efefff 4907 1
! efefef 4784 3 2419 5 1055 2 3750 5 857 4 2061 40 2015 4
! egamia 3495 1
! eeeeff 2139 1 1368 1 1288 1
! espace 4193 1 2526 1
! edific 2327 2 2323 2 2211 1
! eiscaf 2246 1
! effeci 3185 2
! embrac 165 1
! elakka 2560 1
! encara 142 2
! enfanc 142 4
! edible 4649 1
! exhibe 3592 1
! encode 431 3 304 1
! enhanc 491 1 359 1 40 1 265 1 50 2 6 1
! equida 2275 2
! ezanga 2902 2
! ecuaci 4281 2 4254 1 4245 1 4242 1 4252 2 4175 1 4241 1 4216 1 4203 2 4240 1
! elijah 3021 1
! encima 242 1
! eyebal 4748 1 3025 1 1350 2
! effici 353 1 278 1 312 1 281 1 226 1 211 1 121 1
! euboia 3145 1
! ecomed 4759 1
! emilia 4236 46
! endfig 3107 2 2547 1 3001 2 2456 1 2467 1 2465 1 2996 2 2466 1
! ednmag 4873 1
! emanla 441 1
! enigma 221 1 142 2
! encend 2961 1
! effigi 4024 1
! endang 3582 1 2872 1 3096 7 3061 1 3028 1 2323 1 2859 1 2164 1 3770 1 2825 1 790 1
! eiffel 265 1 142 3
! elucid 4756 1 4038 1 2323 1 3023 3 1307 1 4582 1 556 1
! engend 3350 1 2327 1 1504 1 574 1
! espana 291 1
! estaci 3024 2 991 1
! elegan 229 2 38 1
! euclid 4890 2 4816 2 4818 2 4180 1 4814 1 920 1 4817 1 604 5 639 13
! elipha 4582 1
! einand 1163 1
! escape 142 1
! ekalam 477 1
! execel 3260 1
! esfera 4281 2 4203 2
! escrib 429 1 199 1
! ethane 3 1
! eureka 1445 1 581 1
! ecokid 471 1
! embodi 3758 2 4647 1 4582 2 4648 1 4104 1 3254 1 2214 2 2881 1 2323 6 2875 1 4669 1 3025 2 2772 1 2327 2 1740 3
! endian 4693 3 4714 4 4694 4 4394 4 3041 4
! erembi 3019 1
! especi 380 1 427 1 229 1 252 1 113 1 160 1 251 1 359 1 428 1 282 3 249 2 216 1 253 2 200 1 12 2 222 1 175 1 176 1 223 1 24 1 165 2 142 1 284 2 190 1 121 1 491 1 397 1 115 2 375 2 281 1 93 1 139 1 389 2 248 1 201 1 40 2 499 2 123 3 54 1 383 1 26 1 496 3 56 3 210 1 398 3
! etlich 963 2
! escali 1047 2 809 1
! elisha 4066 1 709 2
! elseif 115 2 46 1
! eplidi 3056 2
! eyelid 3759 3 2323 3 1591 2 1581 1
! estela 3024 1
! ehandl 4279 1
! easial 4605 1
! egregi 427 1 152 1
! enrich 282 1
! equabl 2323 1
! esenci 4544 1 4175 1
! ethnic 251 1 218 1 217 1 249 3 14 1
! elkaar 1713 9 1497 2 1465 2 1459 3
! ehenck 142 1
! establ 2865 2
! exilic 2882 1
! endcas 4861 9
! epidem 4766 1 2881 3 890 1 4416 1 2877 1 843 1
! elchem 2403 1
! endear 398 1
! exclam 495 2 373 1
! elakki 2560 1
! errand 3025 1 2106 1 2327 3 1047 1
! ecguid 2095 2
! embalm 4038 1
! enamel 354 1 226 1
! erlang 142 5
! expand 249 1 379 1 330 1 131 1 417 1 252 1 331 1 49 1 398 5 204 1 480 1 389 1 201 1 154 2 175 1 359 1 171 7 496 1 26 1 167 1 402 2 21 1 162 1 208 3 207 1 467 1 138 1 117 1 278 1 90 1 427 1 145 2 306 1 141 1 27 1
! expedi 4727 1 4063 1 3125 3 1626 1 702 1 1096 1 651 1 2090 1 649 1
! excerc 4061 1
! ethene 369 1
! engine 255 1 142 1
! eckerd 1069 1
! endgen 2541 1
! ending 379 1
! endiva 2331 1
! estima 4495 1
! enfold 4648 1
! essenc 444 1 414 1 244 1 57 1
! einmal 2782 1 3729 5 1514 1 1513 1
! eneral 4151 1
! enceph 4582 1
! errcod 3221 1
! eubank 1308 2 1307 4
! eplmna 3056 7
! explic 308 1
! emblem 4023 1 3294 2 3002 1 1232 1
! errata 142 7 113 1
! excact 4046 1
! entend 450 2 198 2
! encumb 4038 1 2211 2
! echini 504 1
! embark 249 1 248 1
! enlarg 359 2 211 2 223 1 158 1
! envarc 4715 1 4694 5 4693 4
! eteocl 3020 1
! exerci 3844 2 3843 2 4523 1 3841 2 3842 2 3837 2
! expend 3680 1 1916 1 1377 1 1739 2 589 1
! edycji 142 1
! essera 1431 1
! engelk 3889 1
! exanod 458 2
! effect 438 1 417 1 499 1 123 4 246 5 216 6 222 3 337 1 266 3 437 2 243 2 146 1 331 1 428 2 237 1 284 1 24 1 218 1 359 1 258 1 211 2 398 3 204 2 251 4 57 1 245 2 342 1 7 6 201 1 330 1 427 4 127 1 174 1 282 2 191 1 94 1 241 1 47 1 238 1 141 1 235 1 329 1 142 4 189 1 200 1 6 7 132 1 217 1 56 2 150 2 25 4 108 1 167 1 101 1 83 3
! edward 201 1 142 1 93 1
! ennobl 4582 1
! eclect 398 1
! enciph 3848 1 1628 2 3751 1 1631 1 3015 1 1773 1 3252 2 1627 1
! examen 429 1 342 1
! etrang 1085 1
! espagn 765 1
! entail 152 1
! evolif 3901 1
! empuja 2961 1
! enunci 2323 1
! estado 164 1
! extend 222 2 330 1 253 1 249 1 281 1 396 1 329 1 427 1 51 1 229 3 160 1 7 1 477 2 40 1 181 1 158 2 315 1 154 1 36 1 83 2 359 8 30 2 24 1 358 1 266 1 58 1 331 1 190 1 6 1 50 1 56 2
! energi 355 3 346 3 221 1 359 7 453 33 246 3 475 2 84 3 37 11 296 2 342 19 351 3 257 2 210 1 445 2 398 2 7 2 54 1 482 1 12 1 200 1 29 1 358 8 123 17 35 1 129 2 36 13 162 1 444 2 209 2 21 18 142 3 189 3 24 2 212 4 354 1 25 7 117 1 352 2 211 12 27 1 93 5 6 4
! encamp 2875 1 703 1
! epydoc 3334 2
! eminem 142 5
! easili 491 1 473 1 418 1 398 7 431 1 438 1 453 3 202 1 108 1 484 1 363 1 402 2 428 1 381 1 480 2 292 1 331 1 284 3 282 1 47 2 447 1 212 1 165 1 211 1 204 2 157 1 336 1 148 1 263 1 56 1 25 2 48 1 67 2 223 1 458 1 113 2 177 1 174 1 358 1 123 1 253 2 46 1 375 2 43 1
! egrave 1000 1
! exager 223 1
! eerili 2956 1
! eczona 890 1
! epider 1154 1
! esteem 4038 1 3759 1 3055 1 3025 1 1311 1 2323 2 2369 1 3979 1 1884 2 1578 1 4066 1 570 1 4673 2 1591 1 1547 1
! educat 492 3 379 1 341 1 300 1 298 1 218 1 373 1 142 5
! enchuf 3592 1
! encoil 4648 1
! enforc 284 1 491 2 271 2 414 5 246 1 180 1 249 1 165 12 416 4 186 1 221 1 428 1 175 3 153 1 160 1 135 2 56 3 49 1
! eggnog 2677 2 1595 2
! eurail 3979 4
! eglise 3965 1
! excise 649 2
! erotic 2881 1
! englar 570 3
! eerder 1710 1 1465 1
! evildo 2323 2 2214 2
! estate 142 6 141 1
! ecolog 3 1
! eighth 444 1
! exotic 3538 1 4377 1 3057 2 2520 10 4378 2 2156 1 3276 1
! elleve 2634 1
! encycl 2403 1
! endive 2494 2 2331 1 1902 2
! esseva 3439 1 1431 2
! estime 4240 1 4175 1
! eunuch 1311 1
! excite 4052 1
! expain 491 1
! eqival 3790 1
! entere 4279 1 1831 2 4388 1 1678 1 1047 1
! enrico 3944 1 3568 2 3512 2
! explan 481 1 458 1 494 2 402 2 167 1 397 1 298 1 154 2 499 2 223 1 460 1 253 1 165 3 398 1 244 1 24 1 117 1
! erbarm 1022 1
! euphem 835 1
! elearn 458 1 398 1
! effulg 2323 3
! exogen 3620 1
! espuma 4495 1
! etenim 4012 1
! ethano 369 1
! ebulli 1307 1
! edmund 142 1
! eibwen 216 6 397 2 142 2
! eighti 4790 4 4038 2 3592 1 2952 1 2781 1 3054 1 2317 1 1308 1 3025 2 649 1
! elabor 494 1 204 1 223 1 165 1 396 1 46 1
! elissa 3025 1
! emphat 481 1
! empire 453 1 248 9 253 3 495 1 249 2 496 1 342 1 243 9 218 2 494 1 142 2
! engish 3320 1
! erbsen 3004 1
! europa 435 2 290 2
! examin 491 1 392 1 342 1 265 1 218 2 406 1 492 1 257 1 398 5 96 1 396 1 67 2 318 3 437 1 207 2 106 1 221 2 243 1 246 1 58 1 105 1 288 1 131 1 54 1 217 1
! exclud 495 1 208 1 414 1 139 3 282 1 157 2 149 1
! execlp 4884 2
! exedir 4715 1
! exifer 4033 1
! explod 160 1
! emphas 342 1 330 1 284 1 499 1 223 1 282 1 167 2 51 1 120 1 373 1 186 1 216 1
! entonc 280 1 224 1 291 1 56 2
! eplcpl 3056 1
! erthen 462 1
! etaoin 3600 1
! erowid 2804 2 1591 2
! elleri 593 1
! elegir 1526 2
! episod 494 1 218 1
! emicon 2403 1
! engulf 464 1 359 2 358 1 355 1
! eplwmc 3056 4
! enviar 4281 1 4203 1
! ertien 1986 1
! esposa 198 1 142 2
! elwiki 3495 1
! earwig 2811 1 2130 1 2114 1
! elimin 414 1 207 5 202 1 389 1 263 2 56 2 249 1 226 1 183 1 413 1 160 1 29 1 6 20 51 1 28 2 50 2
! elwqfi 3592 1
! empleo 1431 1
! emwave 94 1
! enolas 1301 1
! ensign 1864 1
! etienn 1085 2
! execis 206 1
! espect 3320 1
! enwiki 423 1
! epoxid 31 1 6 1
! elicit 4582 1 3620 1 3615 1 3061 1
! editar 142 1
! eutral 383 1
! entire 423 1
! ecumen 3118 4
! easier 3 1
! espejo 280 1
! expect 460 2 301 1 370 1 499 1 398 1 260 1 397 1 491 1 282 1 281 1 267 1 428 1 204 2 251 1 390 2 249 1 139 1 186 1 176 3 223 1 83 1 36 1 177 3 245 1 379 1 144 1 496 1 167 1 284 2 49 2 138 1 369 1 87 1 248 2 243 1 102 1 43 1 142 2 427 1 51 1 221 2
! eryxia 3228 1
! eetyeh 2441 1
! estudi 1515 2
! earler 3203 1
! ednote 3059 1
! efecto 4175 1
! elekti 4831 1
! enolat 916 1
! eschew 4673 1 1059 1
! esdras 4038 1 3024 2
! estell 369 1
! expati 4072 1 4063 1
! exista 4175 3
! endtim 4550 3 3363 1
! effbot 3716 1
! explen 3776 1
! enfant 142 13
! elwood 3620 1
! enjoin 4584 1 2323 2
! engorg 359 1
! endnet 3041 1
! elamit 2340 1 2325 1
! earthl 2881 1 1885 1
! eufrat 3024 1
! experi 2 1
! egitim 4697 1
! endfor 3001 3 2996 2
! editat 142 9
! emploi 142 1
! ethelr 2855 4
! exampl 414 3 406 16 498 19 207 29 342 2 411 1 289 2 427 6 292 1 389 1 192 1 480 7 383 1 303 12 206 1 167 3 458 6 402 7 331 10 284 8 467 1 438 1 491 3 494 1 297 5 447 6 392 1 198 1 369 2 175 1 358 5 473 2 356 2 259 1 396 4 352 1 495 10 298 1 290 4 193 1 288 2 482 1 285 5 385 1 282 1 379 17 281 9 475 2 278 5 375 1 472 6 181 3 277 1 271 1 464 1 267 3 266 20 256 1 453 4 56 4 253 1 223 14 26 2 25 7 222 1 216 8 413 1 408 1 211 5 14 1 194 1 190 7 183 1 373 6 176 2 462 1 265 5 168 4 460 4 263 3 166 3 260 16 163 1 165 2 359 2 162 2 355 4 158 25 58 1 255 4 160 3 354 1 157 16 57 25 254 1 152 2 349 1 336 4 139 3 330 12 133 1 229 2 329 3 132 2 423 1 226 2 129 2 123 4 113 1 112 1 52 2 149 3 496 5 102 1 280 2 83 2 154 2 51 16 445 1 54 6 251 1 47 14 441 2 150 6 148 28 151 1 398 13 201 2 7 17 204 6 107 4 243 1 46 17 232 6 135 1 41 8 444 1 50 20 127 7 27 4 224 4 221 3 418 7 24 2 121 5 318 19 202 5 99 3 493 4 499 9 105 4 484 1 90 1 431 2 37 2 428 1 231 7 43 4 108 3 405 2 208 12 131 4 40 4 49 17 397 6 200 4 6 22 21 3 120 4 142 85 48 15 94 4
! exhalt 4958 1
! expiat 4648 1 3025 1
! eyelet 1358 1
! eplles 3056 2
! elkner 3684 1
! exapml 4970 1
! esteve 2471 2
! estamo 435 2 290 3 433 1 198 1 166 1
! ecydsi 2135 2
! exoeri 4649 1
! emirat 765 1
! entrap 708 1
! esfero 242 1
! exempl 142 1
! emajor 3046 1
! erotem 4063 3
! ellifu 2634 1
! elfter 3887 1
! enmiti 4668 1 4063 1 3638 1 2327 1 1880 2 4072 1 728 1 2323 4 3023 1
! elshaw 4647 1
! emulat 4151 1 4748 4 4693 3 1910 1 4204 1 1689 2 1504 1
! enhavo 156 1
! eskimo 2897 1 1912 1 1267 1 621 1 1886 1 1416 1
! evitar 3499 1
! excuse 371 4
! extran 43 1
! ethyne 369 1
! errore 142 1
! endymi 3815 3 2609 11
! ensimm 4831 1
! engrav 4790 1 4062 2 708 1 4763 1 3025 4 572 1 2882 1 1492 1 571 1
! epljpl 3056 2
! esseti 3529 1
! elsker 2629 2
! elevat 4877 1 2014 1 4610 1 1350 2
! enfoir 1199 1
! etentj 1772 5
! ection 1267 1
! elvish 4616 3 4601 2 1059 2
! encyph 1632 1
! eyewar 2236 1
! efeito 3499 3
! eisner 1492 2
! ekhjul 4690 1
! enroll 4499 1
! evenir 1431 1
! extrem 373 1 266 1 223 1 265 1 12 1 200 1 260 1 444 1 253 1 231 1 208 1 201 2 342 1 271 1 177 1 257 1 165 1 229 1 113 1 160 4 174 1 221 2 152 1 148 1 123 1 157 1 249 5 51 1 26 2
! eckart 3701 1
! enslav 4416 1 722 1 708 1 703 2 574 1
! erbium 2585 1
! econom 492 1 398 1 244 1 251 3 218 13 246 2 249 6 252 2 229 1 56 1 217 4 27 1 50 1 142 1 6 1 144 1 58 1
! elytra 2174 1 2114 1
! electr 84 1 475 8 445 12 471 1 482 2 438 10 444 2 467 3 7 1 443 3 366 1 94 1 437 3 142 2
! entoni 194 1
! entrar 168 1
! expiri 2956 2 1314 72 1150 1
! eventi 4831 1
! elyssa 3026 3
! euphon 284 1
! elowar 4694 1
! estoni 765 1
! egoism 3650 1
! enumer 431 7 184 1 50 2 116 2 142 2 267 3 47 2
! ellywa 3427 1 2026 1
! easter 4608 1 4690 1 4897 1 3862 1 3533 1 3557 12 3765 2 4790 3 3019 1 2902 1 3528 2 833 1
! edison 246 1 158 1
! edomit 2865 1
! ellent 2139 1
! eltern 2246 1 1777 2
! entiti 290 2 244 1 266 1 260 1 7 1 398 2 298 5 150 4 265 1 447 1 165 1 121 1 181 1
! ersten 1736 1 1066 1 992 7
! erudit 398 2
! esimon 4647 1
! estrog 3499 3
! eylant 570 1
! estilo 3024 1
! excret 258 2 229 2 226 1
! erolet 3602 4
! enfuri 3025 1
! ebenso 4096 1
! ecstat 4583 1 2865 1
! epllon 3056 2
! everth 995 1
! esabus 4831 1
! eigwyc 1322 1
! exprim 1431 1
! exoper 1431 1
! estudo 3499 2
! eckert 571 2
! ebrium 2874 1
! eclips 265 1 123 6
! eldest 2783 1 2323 4 2778 3 853 2 2214 4 1763 1 775 2 1764 1 774 1
! ensure 4794 1 3274 1 3098 1 1576 1
! expans 258 1 218 1 97 1 359 1 260 1 249 1 40 1 402 1 6 1 46 2
! errant 229 1 190 1
! enclos 231 3 226 1 157 1 266 2 358 2 150 1 173 1 229 1 46 2 207 1 453 1 359 7
! eraton 441 1
! enconr 4239 1
! espero 4242 1 4175 1 4199 1 3084 1
! explet 4066 2 4038 1 1134 2
! equiti 3217 1 3011 2 2945 1 702 2 4673 1 4763 1 649 2 2864 1
! expung 499 1
! extras 4814 2 4693 5 3231 1
! epactv 3720 2
! esoter 473 1
! enzyme 211 15 359 2 209 1 7 1
! eclipt 4896 1 4893 15 4897 8 4892 6
! eeprom 2536 2
! epitom 4673 1 2323 1 1307 1
! evaluo 4238 1
! excess 444 1 427 1 410 1 200 2 7 2 359 3 249 1 49 1
! extern 417 2 398 3 266 8 359 1 315 1 338 1 418 1 165 1 50 1 226 1 157 3 181 1 158 1 356 2 149 2 93 1 282 1 52 2 167 1 46 3
! ellopo 4422 1
! entitl 150 15 253 1 113 1
! entrer 813 1 809 1 754 5 726 1
! erdoor 1710 1
! entero 4239 2
! exoter 4648 1
! elliot 4604 3 4169 4
! easyer 970 1
! ellips 4999 2 4895 7 1350 2 4062 1 642 1 2609 1 3203 5 4398 1 504 1
! elsass 917 1
! endnot 56 1
! entent 4790 1 2784 1 728 2
! esmito 223 6
! expens 414 1 249 1 224 1 223 2 181 1 46 1 398 1 413 1 50 1 10 1
! extant 226 1
! evapor 4285 1 4055 1 4537 1 3206 2 4079 1 2952 3 3543 1 3267 2 1669 1 1922 1 2014 1 3105 1 2306 1 4808 1 3069 1 3102 1 3010 1 3231 3 2403 6 2323 1 2464 6 2018 3 2190 1 1709 1 2730 1 2224 1 1487 1 1536 1 1404 1 1394 1 3289 1 506 1
! equipo 224 1
! erster 3887 1 2782 1 997 1 992 2
! ethoxi 568 1
! ellipt 204 1
! expres 4244 1 3772 1
! exposi 3499 1
! embrun 1416 1
! execut 431 1 398 1 249 3 115 1 483 1 281 1 46 14 51 4 333 2 373 1 323 1 335 1 266 3 324 2 142 1 48 1 52 1 121 1 181 2 325 1 472 1 49 4 50 1 265 1 56 1
! exectu 1499 1
! eshmun 3026 1 3025 1
! enviro 3402 1 3306 1 2413 1
! emboss 2882 1
! earwax 1591 1
! editor 429 1 494 2 472 1 417 3 431 1 427 1 266 2 450 5 416 2 163 1 398 15 390 2 484 5 389 2 336 1 477 2 221 3 174 2 271 1 216 2 204 1 180 1 167 3 120 1 255 1 397 2 162 1 491 2 113 1 160 3 56 1 150 2 265 12 131 1 142 1 139 1 305 1 213 1 46 1
! endzon 1624 1
! epistl 3025 1
! essent 3529 1 583 1
! explit 2841 1
! extens 431 2 201 1 422 1 397 2 213 1 320 1 392 2 326 1 359 6 171 1 265 1 302 1 255 1 114 1 249 1 181 2 317 1 223 1 458 2 308 1 167 1 329 1 282 1 332 2 50 1 494 1 165 1 142 2 83 1 177 1 123 1 358 3 499 1 113 2 297 1 398 1 116 1 51 1 333 1 427 2 7 1 56 2
! exabyt 3780 2 2210 3 1259 8
! egress 4668 1
! einzuf 1513 1
! easton 3345 1 2865 1 1870 1 3016 1 1186 2
! egipto 3024 2
! extent 499 1 342 1 398 1 200 1 201 1 113 1 6 2 248 1 83 1 417 1 131 2
! enqueu 3778 2
! ernest 142 1 27 1
! estuve 56 1
! etymon 504 1
! edinov 4026 1
! effort 499 2 249 1 410 1 398 9 260 1 307 1 160 1 113 1 301 1 221 2 428 1 220 1 216 3 330 1 142 1 165 1 93 1 397 1 162 1 298 2 251 2 204 2 299 1 138 1 248 1 87 1 282 2 167 2 56 6
! empezo 4175 1
! endors 398 1 150 2 146 1
! enquir 3023 2 2323 1 615 1
! emmett 3234 3 1872 1
! enverr 806 1 805 1
! everso 1165 1
! exempt 251 1
! elocut 4072 1 4063 3
! evelyn 3592 1
! exisit 944 1
! erreur 1047 1
! exhist 142 1
! eplwoo 3056 2
! escort 251 1
! esprit 4184 1 796 1
! exodus 3019 1 2950 1 4583 1 3021 1 2881 1 703 1
! eyewit 4038 1
! eyesor 165 1
! empetu 914 1
! expert 398 3 223 1 113 1 160 1 154 2 253 1 131 1 285 1 298 1 221 5 56 6
! eplmlw 3056 1
! exclus 409 1 123 1 358 2 380 1 150 1 7 1 398 1 223 1 26 1 37 1 165 1 21 5 297 2 298 1 160 1 6 1 149 1 208 1 230 1
! explor 398 1 218 1 216 1 221 3 56 1 103 1 58 1 157 1 217 1 8 1 83 1
! evosit 3901 1 3873 1
! enlist 249 1
! egoist 3650 1 1312 2 1311 1
! endptr 1107 3
! enoliz 4537 1
! esseyo 3016 1
! embryo 231 3 226 2
! enriqu 3028 1 3026 1
! erasur 191 1
! explos 251 1 246 1 12 1
! evisum 593 1
! entrop 25 2
! ennius 3025 1
! esposo 198 1
! equipt 4392 1
! exeunt 502 2
! endrus 194 1
! elusiv 2874 1
! emotor 4748 1
! eponym 3780 1
! erimus 4012 1
! exerpt 3019 1
! exhort 2865 1 4673 1 2323 4 1096 2
! emptor 560 1 502 1
! excurr 229 1 226 1
! egroup 3012 1
! excurs 355 1
! encypt 4693 1 2967 1
! entrez 398 1
! eventu 253 2 472 2 495 1 285 1 342 2 248 1 327 1 249 2 226 1 359 1 221 1 175 1 165 1 241 1 402 1 167 1 282 1 163 1 251 2 113 1 223 1 56 1 491 1 162 1 369 1 358 1 123 1 7 1
! expuls 258 1
! errror 398 1
! etuttl 494 1
! enount 825 1
! ersatz 3379 1 1513 1
! employ 366 1 246 1 499 1 444 3 398 2 218 1 241 1 217 1 56 2 265 1 173 2 284 1 123 1 40 1 25 1 6 1
! enploy 3101 1
! eudypt 2896 1
! epirus 3003 1
! exsist 4648 4 2413 2 1324 1
! eszett 2609 2 943 1
! evolut 225 1 358 2 309 3 221 1 83 2 485 1 246 1 460 1 230 2 414 3 252 1 142 3 218 1 233 1 123 2 410 2 226 1
! exists 232 1
! export 423 3 163 1 471 1 359 1 249 1 150 1 116 1 56 2
! espous 383 1
! extort 1308 1
! estuvo 280 1
! estrus 2164 1
! eplxxx 3056 11
! ebdddfa 2403 1
! efficac 3272 1
! elphaba 1864 1
! elevada 3499 1
! eochaid 2855 3
! elaidic 3067 2
! ezabela 194 1
! einfach 3775 1 3201 1 1736 2 1513 2 2262 1 810 1 1514 1 1484 1 2782 2 967 1
! ethbaal 3026 1 3021 1
! espalda 288 1
! elidabl 191 1
! enfance 3965 1
! empanda 1604 1
! escriba 4175 1
! expedia 3979 1 2392 9
! ejmhecg 3592 2
! entrada 1041 1
! eisbech 3815 2 3004 2
! eleganc 2890 2
! endgame 1718 3 1692 1
! evillab 4694 3
! elaichi 2560 3
! ethical 4584 1 2804 2 4088 2 2798 1 1268 1 3650 2 1186 1 2136 3
! enallag 4038 2 4062 2 1167 1
! explica 3499 2
! elakkai 2560 1
! eucleid 3228 1
! elgamal 3840 1 1621 2
! endlich 2782 1 1513 1 985 2
! exacerb 4669 1 4416 1 2784 1 3620 1 2952 1 1059 1
! exchnag 3772 1
! eidbfaq 1820 1
! evidenc 112 2
! enfield 4063 1
! ephedra 1146 1
! enchele 3020 1
! elinnea 2152 1 2047 1
! estaban 3024 1 1434 1
! edadita 3192 1
! effendi 2865 1
! eyepiec 4859 2
! england 462 1 246 2 245 2 243 1 207 1 142 2
! exercic 435 1 429 1 433 1 223 6 173 2
! emerald 471 1
! enchufa 3592 14
! enfeoff 4066 2
! erheben 1178 1 967 1
! escuela 224 3 223 2 142 1
! eligibl 3098 1
! eldridg 2164 1
! execbas 4715 2 4694 1
! emumiga 4715 1 4714 1
! ethanal 369 1
! exchang 417 1 359 1 229 7 358 2 226 2 28 1 113 1 12 1 150 1 398 3 7 1 216 1 293 1 123 1 342 1
! exapand 253 1
! erleben 2782 1
! ebegeil 194 1
! elbridg 829 1 593 1
! englang 4616 2
! efindel 3057 1
! ehrlich 4696 1
! escribi 3084 1
! eminenc 2865 1
! elimina 3499 1
! editpad 3722 1
! eugeneh 4169 6
! estaria 291 1
! eiching 1846 1
! echando 173 1
! encanta 1578 1
! endivia 2331 1
! erdbeer 3004 1
! etandem 1329 1
! enojado 435 1
! eurasia 243 2
! eburnea 2897 1
! evangel 444 1 56 1
! edexcel 444 1
! estudia 224 1
! exclaim 4063 1 2323 1 4072 1 2327 1 1307 1
! editpag 4674 1
! euboian 3145 1
! ensembl 142 3
! espacio 433 2 429 2 435 3 290 5
! essenci 3499 2
! equipag 651 1
! edwardi 4063 1
! edugued 1727 1
! evanesc 2327 2
! eekelen 2637 1
! encarta 4759 1
! erhoben 1178 2 967 2
! explode 2403 1
! ezekiel 3145 1
! eponina 2874 1
! eatbeer 177 1
! episode 2881 1
! eritrea 249 1
! estrela 3499 1
! evercap 2403 1
! exclude 1236 1
! entranc 482 1 282 1
! eggshel 2164 1
! emendat 1554 1
! entlang 3004 2
! exagger 398 1 204 1
! envisag 4648 2 4098 1 3638 1 1059 1 616 1
! extiend 3024 3
! eremita 2874 1
! eigenen 2782 1 1514 1
! extrema 330 3
! encircl 4893 1 3672 1 3026 1 3220 1 3025 1 1624 1 739 1
! evesham 1764 1
! empiric 4648 1 4647 1 4051 2 2334 2 2092 2 3880 2 3407 2 1163 2 3881 1 911 2
! ereigni 1686 1 1066 1
! endogen 4583 1 4582 2
! energen 4559 1
! etnisch 4930 1 4916 1
! estadio 3024 1
! excircl 1350 2
! esguard 142 2
! eurolla 4831 1
! einundf 3887 1
! enterid 2360 2
! emancip 4606 2 2327 3 702 1 733 1 708 11 703 2 3663 1 649 1 709 2
! encoder 4392 1 2755 1 2288 1
! endfunc 4215 1
! eograph 3320 1
! eretria 3020 1
! escribo 1436 1
! evelien 3827 2 3365 1
! elastic 444 1
! edododo 4500 3
! estonia 251 1
! epigram 3228 1
! eintrag 4159 1
! engrain 2327 1
! example 3146 1 4608 1 2323 1
! edublog 4043 1
! effoect 920 1
! electrc 2756 1 2790 1 2695 2 1055 1
! embargo 4790 1 4175 3 3509 1 2016 1
! empathi 204 1
! engleza 1256 1
! entangl 3921 1 2323 1 708 1 4590 1 740 1 570 1
! entrata 1352 1
! essayai 3743 1
! euripid 4038 1
! evvieco 2804 1
! emoglen 3541 1
! evening 4668 1
! emphasi 398 2 244 1 167 1 166 3 199 1 142 1 216 1 40 1 139 1 202 1 26 1 118 1
! eternal 244 1
! enseign 142 1
! empresa 4281 1 4203 1 4544 1 3024 1
! easilli 3057 1 778 1
! eadmund 1926 6 4844 1 1699 1
! echiura 229 1
! emmaski 1656 6
! empieza 142 3
! engrave 4763 1 2883 1
! enigmat 3145 1 3054 1 2882 2
! epitaph 3025 1 3020 1
! esterif 4784 2
! edicion 4195 1 1929 1
! exactli 3221 1 2173 1 853 1
! exampel 1778 1
! exersic 4061 1
! explain 3 1
! echalon 1535 4
! esquina 4256 1 4239 1 4175 1
! engmark 4381 2
! entrail 1609 1
! erskine 2787 1
! exhilar 398 1
! exegesi 4583 1 1846 2
! estando 1519 1
! equalli 4805 1 2194 1 2092 1
! estrang 249 1
! epiderm 229 1 226 1
! escolar 288 2 224 1
! eyewear 2698 1
! eproduc 1114 1
! enrolle 2015 1
! eduardo 3053 1
! elegant 2897 1 2874 1 1308 1
! ephemer 4572 1 3509 1 4648 1 2323 4
! erelong 1165 1
! exaclti 1057 1
! extreme 142 3
! elkmann 1493 2
! expresa 4175 1
! extensa 3499 1
! erlbaum 4670 1 4648 1
! elongat 226 1
! edgenet 1628 1
! emanuel 1876 1
! etruria 4416 1
! estrani 1431 2
! earthen 3023 1 2865 2
! editora 3499 1
! egretta 2897 2
! enchant 490 1
! etappen 1066 1
! english 407 3 462 1 429 1 491 4 307 1 404 8 427 5 330 2 289 1 477 1 242 2 405 4 499 12 402 9 494 6 398 11 495 12 257 2 371 1 435 3 338 1 434 6 337 4 328 7 234 1 285 103 379 1 282 6 280 1 279 1 473 3 224 5 459 2 168 2 265 1 417 3 223 14 221 2 498 17 207 2 254 4 157 1 393 2 199 2 290 8 193 4 190 2 175 1 262 1 25 1 166 19 214 3 408 2 267 1 173 5 243 1 149 1 245 1 57 2 151 1 198 2 433 2 336 2 142 5 132 1 423 1 273 2 155 1 202 6 288 1 482 1 496 11 205 4 158 2 181 1 373 11 276 28 135 1 56 2 444 1 406 21 115 1 194 6 291 2 150 1
! exhibit 229 1 129 1 358 2 127 1 102 1 7 2
! expedir 3529 1
! extreem 4648 1
! ethanol 465 1 6 2
! evoluci 3024 1
! endwhil 4215 2 4168 1
! enclose 226 1
! erlesen 2919 1
! egitimi 4697 1
! euphorb 614 1
! eachoth 4392 1 2609 1 3260 1 1535 1
! earlier 398 2 373 1 223 1 499 2 427 1 216 2 249 1 202 1 157 1 50 2 285 1 397 1 162 1 366 1 131 1 106 1 200 1 99 2 428 1 475 1 175 1 49 1 472 2 104 1 58 1 282 1 329 1 260 1 6 2 167 1 46 1 160 1 165 2
! echelon 41 2
! empatar 1532 1
! equanim 2327 1 2323 25 1884 2 1881 1
! entrain 4859 6 2954 2 2804 1 2717 2
! excelsi 502 1
! eviscer 2360 2 2194 1
! euismod 3844 2 3843 2 3841 2 3842 2 3837 2
! etiolog 4582 2 3620 3
! escarol 2331 2
! estampi 2865 1
! excitar 142 1
! ecuador 164 4
! estimar 1578 1
! eldacur 4610 1
! embassi 1628 1 2016 3 1371 1 651 2
! emigrat 4790 2
! entinen 4831 2
! eptagon 3203 1
! emulsif 349 1
! excavat 4744 1 3026 1 3025 1 843 1
! erstmal 2782 2
! escalop 3393 1
! energet 453 3 342 2 162 1 129 1 6 1
! ethoxid 4051 1 745 1
! eduinfo 4235 2
! etholog 3025 1 2334 1 1179 4
! estudar 2267 2
! evanish 4066 1
! eukarya 509 1
! exempli 560 1 502 1
! equival 419 1 447 3 493 1 150 2 58 2 404 3 498 2 266 2 496 2 449 1 398 2 168 1 297 1 318 28 295 1 315 1 223 1 200 1 183 2 25 1 260 4 495 1 166 2 50 1 473 1 379 1 149 1 57 1 46 1 202 2 41 2 370 2 48 1 181 1 20 1
! erewhil 1165 1
! eaccess 4740 2
! esperar 3024 1 1526 2
! engelsk 2666 8 2635 3 2625 6
! endnote 4649 1
! excalop 1394 1
! everday 3780 1
! ebright 1906 1
! ecghtml 2095 2
! ecstasi 4958 1 2323 1 4900 1 1740 2 1624 1
! editthi 4043 1 3495 2 2539 2
! eivissa 3026 2
! entendr 799 6
! entreat 3025 6 2865 1 1096 2
! envolta 142 1
! epichor 3145 2
! expedit 251 1
! extract 329 1 239 1 359 1 249 2 150 2 258 1 163 1 358 1 6 1 121 1
! emortal 1769 2
! encumbr 4500 1 3385 1 1059 1
! evaluar 4239 1
! espanol 291 2 223 2 173 1 337 2 142 1
! enzymic 1122 1
! epinomi 3228 1
! economi 249 3 251 2 246 2 243 2 252 2 142 1
! edjason 4958 1
! eleanor 282 1
! explict 108 1
! editlin 1652 2
! encierr 4238 1
! etunimi 4831 1
! energis 4583 1
! effects 2327 1
! enculer 1199 1
! epstein 736 1
! equador 765 1
! etindex 1329 1
! euphoni 473 1 379 1
! evident 4697 1 2711 1
! excitat 4052 1
! exercis 282 1 444 1 494 4 397 3 450 8 431 1 477 1 148 2 290 4 193 2 428 1 285 3 435 1 338 5 297 2 200 3 168 2 265 1 406 2 221 1 318 2 224 6 254 2 207 12 498 2 216 1 206 1 496 3 205 4 199 2 142 2 433 3 198 2 120 2 208 33 499 12 402 7 260 5 163 1 495 1 398 2 307 5 166 4 173 1 223 22 139 2 430 17 131 3 255 2 93 2 281 2 280 4 330 4 429 2 194 2
! exocrin 1160 4 1154 1
! editmat 3557 4
! exsulan 2874 1
! erhielt 1178 2 967 2
! esquiar 1532 1 1526 2
! enliven 2327 1 2323 1
! estimat 142 2 106 1 103 2
! empujar 1526 2
! ekonomi 4690 1
! elessar 4500 2
! ethylen 369 4 6 3
! epithet 4066 1 3876 2 3145 1 2865 1 3023 3 2164 4 3071 1 1166 1
! encanto 291 1
! ekzista 402 1
! evaluat 142 2 120 1
! evowiki 56 4
! element 229 2 298 3 7 1 359 4 474 1 494 1 397 1 24 3 315 1 447 1 369 2 284 2 49 5 472 2 278 29 266 1 248 1 373 1 232 1 38 2 216 10 207 52 249 1 202 1 37 5 131 11 352 1 117 1 311 1 123 2 292 2 57 15 444 2 56 1 6 3 297 12 344 2 50 4 147 2 438 1 139 7 47 6 36 2 318 16 354 5 213 3 25 2 142 4 48 6 303 16 12 2 475 1 281 10 46 1 21 2 51 4 120 2 402 1
! eerulli 2560 1
! entendu 404 1
! electon 2751 1
! equivel 4016 1 1619 1
! explore 157 1
! estuari 2952 1
! elsewar 3016 1
! enfermo 435 2 290 2
! epicuri 1638 2
! equivoc 2323 4
! effectu 142 2
! espatll 142 1
! edquota 1576 1 1574 4
! earphon 2698 1 2598 1
! eintopf 2561 1
! exergon 453 1
! extrair 796 1
! entryid 733 1
! esttora 142 1
! edition 379 1 265 1
! enshrin 175 1
! ebitjir 739 1
! ellipsi 207 1
! empezar 450 1 198 1 56 1
! epistem 4582 15 3407 2 2092 1
! eskroni 2609 2
! estudio 1515 1
! expresi 4281 8 4203 8
! esiinti 4831 1
! elkasit 2865 1
! eliyahu 1461 3
! epiphon 3265 1 2930 1
! expound 3770 1 3023 2 2327 2 1882 1 606 1 3731 1 2323 30 4752 1 3280 1 1740 2 1883 1 1140 1
! ejemplo 286 1 166 1
! elissar 3026 2 3021 2
! euphrat 4066 1 3024 1 2865 1 2340 4
! exorcis 4066 1
! entries 4715 3 4672 1
! expatri 249 1
! ergonom 4180 1 2864 1 2804 1
! embrass 3965 1
! extinct 427 1 229 1 226 3
! equiven 2324 1
! exelent 4239 1
! eagless 504 1
! elastin 1161 2
! ericson 954 2
! essenti 491 1 428 1 318 1 415 1 24 1 165 1 223 1 499 1 358 2 265 3 453 1 359 1 127 1 221 2 200 1 12 1 495 3 354 1 229 1 416 2 181 1 40 2 342 3 211 3 49 1 284 1 7 1 54 4 208 1 93 1 210 1 398 5 48 1 427 1 51 3 56 2
! excecut 4998 1
! exorbit 3078 1 669 1
! expirat 649 3
! explant 759 1
! extensi 3024 1
! encourg 2694 1
! exchequ 2900 3
! enojars 1526 2
! ebionit 2865 2
! existem 3499 1
! exasper 1069 1
! editori 160 1
! elision 724 4
! eshmoon 3020 2
! eccentr 4894 1 4673 2 4600 1 3350 1 4895 1 1452 1
! electro 4379 1 1632 1 4300 2 2452 1 3267 1 2830 2 4146 1 2697 1 2403 2 4105 1 2288 1 3289 1 2602 2 523 1 4053 1
! easiset 3057 1
! extrait 3920 1
! ecuriti 4151 1
! einwohn 1178 1 967 1
! equivil 4583 1 1619 1
! endless 473 1 398 3 373 1 165 1
! engueul 1199 1
! enquiri 2865 1 3062 3 2327 1 2323 5
! existen 4236 1 3024 1
! envelop 359 17
! epilogu 4650 1 3263 2 3254 2 2279 1
! epsilon 458 1
! extremo 4281 1 4236 1 4203 1 4216 2 4245 1 4175 7
! eastern 248 3 243 3 218 1 251 2 217 4 307 1 252 3 142 1
! eggwhit 4014 1 1619 1
! embosom 3019 1
! exactor 504 1
! easyjet 3979 2
! elpenor 4422 2
! employe 398 1 265 1
! escrevo 142 1
! esoterm 4583 1
! eyeless 4066 1 2114 1
! emotion 205 1 309 1 204 6 221 2 191 1
! edytowa 142 1
! erosion 3102 3
! elector 4790 1 3098 1 2900 1 2785 1 2901 1 2855 1 2783 4 829 1 4038 1 703 6 663 2 709 5 1802 2 652 1 641 2 654 19 2788 1 649 18 504 1 2781 1 702 22 735 2 574 1
! eddress 1424 1
! exopero 1431 2
! energiz 3759 1
! eznotat 6 2
! entropi 342 16 142 1 453 1 123 3
! escrito 142 1
! egotism 2804 3
! eardrum 1591 1
! edfitor 4697 1
! emitter 3980 2
! emputar 242 1
! erikson 3271 1 2875 1 1494 1 722 1
! ethenyl 916 1
! evgeniy 1838 1
! easiest 477 1 158 2 418 2 369 1 281 1 291 1 445 1 307 1 58 1 173 1 104 1 83 1 278 1 56 1 216 1 282 1 7 1
! entrant 4694 1 3416 1
! enfocus 4279 1
! esigenz 4065 2
! eigenst 3695 2
! elaphus 2196 1
! eletron 3320 1
! eukarot 355 1
! equaliz 4696 2 1307 6
! earnest 249 1
! equiliv 4215 1
! emerson 4063 1 3544 2
! enthron 2327 1
! emailus 460 2 428 3 414 1 177 1 165 1 160 1
! etothex 186 2
! emuseum 3892 1
! echinus 504 1
! enzymat 359 1 211 2
! endhost 3041 1
! environ 298 3 485 1 277 1 396 1 359 1 265 2 218 1 121 1 356 2 431 1 243 1 358 9 217 1 355 2 142 2 352 1 211 1 329 1 398 3 7 3 154 2 342 2 158 1 175 2 397 1 6 1 226 2
! excerpt 158 1 142 1
! evermor 4066 1 1165 1
! econfus 1769 1
! euronew 2952 1
! exploit 418 1 398 1
! emperor 498 1 249 1
! erlernt 2782 1
! enviorn 3371 1
! empower 249 1
! erratum 504 1
! endserv 3041 1
! eyebrow 4720 1 4066 1 3759 9 2897 1 2323 5 3441 1 1881 1
! eurodyn 427 2
! ellmist 196 1 195 1 192 2
! evoluti 3770 1
! empress 4790 1 2855 2 4072 1 4063 1 2783 1 733 1 4541 1 504 1
! equator 4897 1
! everett 1864 1 708 1 703 1
! exstens 397 1
! egltest 4715 2
! ernesto 4749 1 740 1
! ecuentr 4175 2
! erraunt 1494 3 954 4
! epitest 4693 1
! evarist 1111 1
! entwurf 3775 2
! erectus 4780 1 4584 2 4752 1 4647 2 4582 1
! embryon 359 1 142 1 230 1 356 1 231 1 226 1
! epikuro 397 2
! elysium 504 1
! elitist 4648 1 3270 1
! emissiv 965 1
! encount 181 1 379 1 402 1 157 1 330 2 265 1 108 1 48 5 444 1 7 1 142 1 27 1
! eukayot 1132 1
! expliqu 142 2
! essemus 3529 1
! embezzl 4765 1 703 1
! express 416 1 186 1 393 4 419 1 397 2 402 1 261 1 379 3 282 1 473 1 223 2 458 1 167 1 348 2 57 5 290 2 460 1 266 3 265 1 359 1 453 1 255 1 352 1 493 2 202 6 183 1 25 2 413 1 307 3 404 2 157 2 383 2 480 1 151 1 54 1 48 2 242 1 342 1 148 6 330 2 427 3 142 1 121 1 83 1 36 2 415 1 318 2 181 8 431 1 43 1 428 1 331 5 49 2 398 2 495 3 107 1 201 3 58 7 260 6 166 1 38 1 46 4 281 2 303 3 115 1 47 5
! exhaust 473 2 50 1 204 1 391 1 358 1 223 1
! eukhost 2365 1 1829 1 1627 1
! exposit 4632 2 4372 1 3954 1 2865 6 4790 1 4584 1 1406 1 3890 1 801 1 3023 7 2327 2 2323 16
! extrins 1380 1 1121 1
! eistert 25 2
! erasmus 4775 3 3917 1
! ezproxi 3620 7
! equitor 129 1
! eyespot 1144 2
! epiphys 2558 2
! engross 1884 2 2323 9 593 1
! erlitou 2340 1
! ezhuthu 142 2
! eurinus 2874 1
! equinox 4897 16 3530 5 3144 1 2902 1 4893 3 843 1
! excours 453 1
! eatsoup 4884 1
! entrevu 1044 1
! envious 1585 1
! eurozon 3921 1
! eunomus 2897 1
! encrypt 315 1 314 1 311 1
! exposur 494 1 398 1 200 1
! etusivu 1265 2
! ersetzt 2396 1
! entrust 428 1
! easytut 3722 9 3683 5 1561 1 1560 3
! emlnxrz 1678 2
! ericacea 974 3
! embedded 4648 2
! efficaci 4584 1 4582 1 4088 1 3296 1
! ensalada 450 1
! empanada 142 4
! encisada 142 2
! espinaca 254 1
! estimada 142 12
! elegance 4668 1
! exhibela 3592 1
! enfadado 290 1
! epitheca 2874 4
! erlandai 1457 1
! esferica 4254 1
! epidemia 890 1
! escalara 3024 1
! evidence 4668 6 3145 1 2865 1
! exhibici 142 1
! europaea 2897 1
! encroach 248 1
! egomania 4669 1
! especial 460 1 418 1 398 3 402 1 142 1 56 1
! everglad 2450 1
! extended 1345 1
! engeland 1459 7
! empirica 2334 1
! ethnical 3509 1 2016 1
! endocard 4885 1
! eingeben 1513 1
! ecclesia 952 1
! escalera 429 1 280 1
! engelang 4616 8
! ellenika 1775 1
! exercici 223 2
! einladen 1461 1
! eclectic 3033 1 2804 1
! emaheona 4603 1
! estimaci 4175 1
! eberhard 3701 1
! emergenc 56 4
! ethereal 1186 1
! enchufla 3592 23
! enochian 4582 3
! erligang 2340 1
! ensifera 2130 1
! ethanoic 369 1
! encefalo 4831 1
! etlichen 1513 1
! esquadra 142 3
! europeia 2229 1
! excavata 2169 1
! emphatic 4746 1 4063 2 4038 2
! edelleen 4831 1
! escriben 1436 1
! equitaci 1532 1
! edificio 4245 2 3024 1
! elzbieta 2403 1
! etcetera 2984 1 2616 3 2987 1 2577 2
! extraleg 1916 1
! embolden 398 1
! engelska 276 1
! enhancer 1137 1
! entangel 4590 1
! entgegen 6 3
! enturbia 3024 1
! ethothia 3025 1
! eutheria 226 1
! esgarria 142 2
! eleanora 2897 1
! encender 1526 2
! ethiopia 462 1 251 1 249 1 135 1
! erlangen 3179 1
! erythema 2698 1
! englisch 276 1 142 3
! esmerado 3024 1
! effluenc 1778 1 963 1
! equitabl 1913 1
! epiphani 1306 1
! economic 4672 1
! eigenmap 4967 4
! entrench 123 1
! eographi 4149 1
! escorial 4790 2
! escuchar 1526 2 1050 1
! ethiopic 3149 2 2902 18 2865 4
! electric 475 1 444 5 94 1 437 4 438 4 445 3 467 1 93 4 443 1 25 1
! endanger 3096 1 3061 1 2865 1
! evolchar 3020 1
! explicar 4175 1 3180 1 4544 1 584 1
! erfahren 2833 1 1513 1
! encantan 291 1
! epigraph 2883 1 3145 2 3002 1 3025 1 2882 1 3019 1 2865 4 2880 1
! espander 4097 1
! extravag 249 1
! engeneer 2403 1
! enneagon 504 1
! eighteen 4430 1 3055 1 2317 1 1802 1 4539 1 652 1 2783 1 4416 1 2323 1 739 1 728 1 1166 1 1764 1 708 1 3217 1 572 1 649 1
! epitheli 227 2 38 2
! eisenbud 4789 1
! estudian 429 1
! ergastic 509 2
! exclamat 4063 2 3686 1 1414 1 1457 1 752 1
! eulerian 447 3
! eurasian 218 1
! ecliptic 4893 2
! ephemeri 3751 1 504 1
! eurpoean 397 1
! encourag 417 3 282 1 389 2 169 1 380 2 391 1 248 2 202 1 223 1 177 1 165 1 171 1 438 1 162 2 249 2 157 1 152 1 428 3 398 3 237 1 7 1 160 4 174 1
! ennustaa 4831 1
! ellastic 444 1
! exercise 2572 1 4051 15 1316 2
! euphoria 4082 1 4885 1 3780 1 4900 1 4449 1 974 1
! existanc 4958 1
! externai 2323 1 1881 1
! elevando 4258 2 4256 1
! european 477 1 463 1 373 3 252 1 307 3 285 1 492 2 251 4 249 1 248 4 202 2 56 1 217 1 214 1 444 2 499 1 246 1 200 1 244 1 207 1 253 2 218 2 142 5
! esgarrif 142 1
! erwerben 2782 1
! ecuacion 4281 3 4242 1 4239 8 4238 1 4203 3 4252 1 4175 13
! engineer 0 2
! electrif 736 1
! execepsf 4279 2
! enthalpi 342 12 142 1
! ehabitat 3751 1
! emmental 1924 1
! entender 198 1
! excusado 280 1
! expediri 3529 1
! elaborar 4175 1
! empezado 4199 1
! elliptic 4894 2 4104 1 2319 1 3203 1 2841 1 1621 2
! epidermi 2416 1 557 1 1160 1 1155 1 510 1 504 1
! einstieg 1514 1 1513 1
! erreicht 2246 2 1513 1
! egenskap 4690 1
! external 492 1 285 1 307 1 417 2 205 1 398 1 237 1 204 1 434 1 20 1 112 1 202 1 431 1 477 1 270 1 201 1 142 1 494 1 57 1 276 1 115 2 148 1 286 1
! espadero 3829 1
! encantar 142 1
! endoderm 231 1 229 1
! eliminar 4281 2 4203 2
! eloquenc 398 2 56 2
! enfermar 1526 2
! errorcod 4655 1 3221 1
! escribir 429 1 199 1 168 3 56 2
! etranger 3920 1 3893 2
! eudesign 1718 1
! entstand 1514 1
! estonian 397 1 142 2
! estacion 142 1
! emulsifi 1154 2
! existenc 4138 1 2323 1 2327 3 1372 2
! effluvia 504 1
! ecphonem 4072 1 4063 3
! exlstenc 2327 1
! erhalten 1178 2 967 2
! estudiar 337 1 429 1 224 1
! eleonora 2897 1
! emmanuel 249 1
! electrod 475 10 445 3
! equilibr 3789 1
! ethanoat 4784 1 4051 3
! euryasid 226 1
! excercis 458 1 223 2 207 1
! explanat 56 2
! emberiza 2897 13
! eintragn 2238 1
! etruscan 4416 1 3638 1 3003 1 3149 2 3020 2 2902 1 4608 5 3145 1 2881 1 3026 1
! eindruck 1686 1
! erlernen 2782 2
! evidenti 204 2
! enciclop 4759 1 4757 4 2865 1
! ensenarl 1050 1
! esstisch 4869 1
! estimula 3499 1
! erythemi 2874 1
! edebiyat 4697 1
! endocrin 229 1 142 1
! epstopdf 1513 1
! englanti 142 1
! ehhhfcsq 3592 1
! espagnol 214 2 164 1 142 22
! efficint 3185 1
! evaluamo 4239 1
! encerrar 4281 1 4236 3 4203 1
! egyptian 460 3 244 1 158 16 142 1
! elephant 4768 1 3025 1 2162 1 2046 1
! endergon 453 1
! entendon 799 1
! entonces 4256 1
! exemplar 4649 1 2340 1
! ectoderm 229 3 231 1 226 1
! expectat 177 1
! editablw 2125 1
! entourag 4673 1
! erzeugen 1513 1
! equiphas 84 1
! eastward 2879 1 4893 1 848 2 708 1
! earthday 471 1
! estrogen 3620 1 1122 1
! extradit 703 2 593 1
! eschaton 4582 2
! emoticon 460 1
! enamorar 142 1
! encompas 3381 1
! espacito 3192 1
! eharmoni 4763 1
! etudiant 4144 1
! everlong 113 2
! excelent 4108 1
! equaliti 493 1 224 1 207 1
! explicit 318 1 175 1 281 3 373 2 266 2 224 1 202 1 416 2 186 2 181 1 158 3 160 1 57 2 149 1 47 1 139 1 150 2 121 1 397 1 56 2 54 3 123 1
! emissari 3025 5 4416 1 2881 1
! empeorar 1526 2
! enteroco 231 1
! encenser 142 1
! ericcson 954 2
! ejection 158 4
! ethnolog 4733 1
! einstein 280 1 132 1 93 1 83 2 36 1
! embarass 499 1
! eventual 427 1 491 1 139 1 260 1 487 1 223 1 398 2
! eggplant 462 1 237 1
! election 56 1
! elroubio 4500 2
! engtherm 3992 2 2464 2 1888 3 1750 2
! epilepsi 4885 1 4297 1 2798 1 2014 1
! equiprob 2092 2
! euroopan 4831 1
! eurooppa 1267 1
! eyesight 2725 1 1931 1 1591 1
! erection 649 1
! empesemo 4239 1
! eleventh 722 1 3459 8 1166 1 3638 2 3454 1 2323 2 739 1 1117 2 655 1 702 1 3462 4 652 2 593 1
! eatright 2226 1
! erythorb 2197 1
! epistula 562 3
! espantat 142 1
! eichhorn 3021 2
! edgeless 4066 1
! edwardiv 2779 1
! elsevier 3055 1 3028 2 3027 1
! emphasis 499 1 398 1 146 1
! enharmon 3485 3 3462 4 3459 1 3456 1
! examples 4672 1 4670 1 4669 1 3149 1
! examplet 379 4
! eyeglass 2698 3
! expresar 4281 4 4203 4
! empezamo 3236 1
! efferent 3789 1
! encypher 4300 1
! effectiv 434 1 398 1
! emergent 4647 3 1114 2
! elsewher 460 1 411 1 266 1 398 2 458 1 389 1 397 1 176 1 142 6 165 1 149 1 252 1 413 1 160 2 318 1 177 2 56 2 9 1
! ethernet 111 1
! entireti 216 1
! effector 1159 3
! endeavor 398 1 397 1 389 1
! editoren 1514 1
! enantiom 130 3 127 7 7 43
! entremet 504 1
! euroclon 4616 1
! euromaxi 3920 1
! estoppel 4508 1
! escargot 1930 4
! excision 3889 1
! earthern 1394 1
! endgrent 3041 1
! exhorbit 249 1
! equation 331 1 296 2 142 4 132 4 283 2 83 6
! encyclop 4790 1 2865 104 1186 1 1071 1
! eastconn 703 1
! elsehwer 427 1
! estuarin 1159 2
! eterniti 2327 1
! etymolog 284 2
! eventuel 1514 1 1513 1
! enolketo 4537 1
! eienmaru 1262 2
! electrol 2403 1
! ethicist 3760 1
! exotherm 342 4 226 1
! extermin 3019 3 2877 1
! eucariot 4648 1
! ericruud 1494 4
! encomium 504 1
! egocentr 4648 9 2323 1
! eachmoun 3026 1
! edithint 4040 1
! endodont 142 2
! everyone 458 2
! extrapol 221 1 9 1
! existait 3965 1
! eqnarray 1513 1
! eastvill 4066 1
! eastwood 2221 1
! editmenu 3181 1
! effluent 3102 2
! electron 4 2
! equatori 127 1
! erstwhil 4688 1
! everyday 482 1 337 1 282 2 477 1 499 3 57 2 211 1 490 2 83 2 253 1 142 8
! explorat 221 1 41 2
! elsrbest 223 4
! ecompass 4016 1
! eusebius 3025 4 3021 2 3002 1
! earliest 118 1 26 1
! endswith 3275 1
! expector 1974 1
! explorer 216 1 157 6 115 1
! eannatum 2340 1
! emission 4859 2 2403 1 1025 2
! escputil 1782 1
! everlast 4038 1 2323 5 4063 1 3480 1 3025 1 1884 4 1165 1 2327 3 4648 2 2471 2 502 1
! exeption 1181 1
! encapsul 465 1 311 2 301 1 142 1 314 1 50 3 46 1 266 1 51 1
! endpoint 447 4 148 1 123 1
! exportar 56 1
! exponent 4863 1 4625 1 1824 1 4697 1 642 3
! estreito 4108 1
! extbooks 4149 1
! ericsson 2882 1 2341 1 2321 1 954 1 708 1
! emphasiz 3266 1
! epitomis 2781 1
! euroflor 4297 2
! everpres 2327 1
! exertion 4668 1 2323 1
! equidist 3215 1 2199 1 3287 2 577 1
! econtent 2015 1
! ethanoyl 369 1
! elements 1375 1 1107 1
! emperess 504 1
! eigentum 1178 2 967 2
! erstellt 1736 1
! eisenhow 829 1 827 1 740 7 725 2 2223 1 573 10
! enscript 2883 1
! elektron 438 1
! exterior 4648 10 3185 1 1872 1 4523 1 4606 1 4583 1 4377 1 3289 1 3287 1 2091 1 3011 1 2090 1 4697 2 1868 1 1638 1 1121 1 2865 1 1160 1 1070 2
! ersetzen 4159 1
! elabitur 583 1
! egremont 2150 1
! equitori 129 2
! endpwent 3041 1
! employer 398 1
! extremum 3955 10 3631 2 583 1
! emptiest 4696 1
! encuentr 4281 1 4245 3 4240 1 4195 1 4239 1 4242 1 4203 1 4175 4 4252 1 4241 1 4216 1
! epiphysi 2558 2
! eruption 3347 1 3234 1
! expletiv 1134 1
! eoferror 3274 1
! eulogist 3023 2
! excommun 3638 2 4790 2 2780 2 569 3
! europium 2585 1
! everytim 444 1
! escritor 2985 1
! expensiv 4559 1 3579 1 2403 1
! exporter 3041 1
! emotions 4671 1
! excessiv 266 1
! expertis 398 1 298 1 383 1 427 1 428 1 263 1 18 1
! extempor 1165 1
! editress 504 1
! emporium 2865 1 504 1
! estuvimo 280 1
! endospor 358 6
! epiglott 4623 1
! extensiv 4860 1 3320 1 1076 1 1322 1 2263 1 843 2
! espresso 238 1
! endproto 3041 1
! emsworth 187 2
! executor 4693 1 504 1
! enzyklop 1066 2
! exquisit 1758 1 4672 1 677 1
! extensor 1162 2
! explorez 1416 1
! evaltext 3041 1
! exclusiv 4696 1 4670 1 2274 2 1129 1
! escultor 142 1
! emperour 3638 1
! espiritu 4766 1
! exahertz 2698 1
! expuesto 4252 1
! etiquett 444 1 275 1 175 8 174 1 152 1 162 3
! essayist 1872 1
! enclosur 246 1
! emptyset 183 1
! enraptur 4072 1 4063 1
! esfuerzo 4842 1 4239 1 3024 1 2985 1
! eukaryot 466 1 359 15 358 9 355 3 350 1 345 1 230 4 142 1 231 8 352 2 342 1 353 6 38 2
! epicurus 1870 1
! endostyl 2135 2
! erythros 3615 1
! employez 1044 1
! emeritus 160 2
! expresss 4861 1
! eastport 4066 1
! exocytos 611 1
! expinvsq 4702 1
! exoenzym 4093 2
! estuvist 280 1
! eventtyp 2522 15
! enchilada 3623 2 1614 2 1612 2
! entregada 3024 1
! estudiaba 1515 1
! eubalaena 2133 1
! encantada 166 2
! eacadtech 1058 1
! egomaniac 2644 1
! expandabl 4555 1 4553 1
! enallagma 2874 11
! esclarida 142 2
! erheblich 2782 1
! efficienc 4634 1 4372 1 2404 1 2954 2 2327 1 3267 1 2717 2
! einfachen 1514 1 1513 1
! euclidean 93 1 83 1 67 2 54 1
! expandtab 3275 8
! elaterida 2174 1
! ethanamid 369 1
! edenagain 3320 1
! espanjaan 4831 1
! especiali 4906 1 3802 1 1834 1
! eigennaam 1713 1
! epithelia 1160 4
! effingham 2780 1
! euclidian 4821 2 2890 2
! enmielado 1614 2
! everchang 2327 5 2323 3
! escrachar 242 1
! excellenc 4568 1 708 1 571 1
! expectanc 736 1
! erreichen 2246 2
! erledigen 4879 1 1513 1
! enunciado 4281 3 4203 3 4175 1
! epanorama 3966 2
! exanthema 504 2
! estudiara 1515 1
! etruscana 4608 1
! exajerado 242 1
! einbinden 1513 2
! ecclesiam 502 1
! enfermado 991 2
! eilenberg 3889 1
! ephemerid 4895 1 504 1
! ethanedio 4784 1 4051 1
! ejercicio 433 3 429 1 450 2 435 1 290 2
! epidermid 504 1
! enthdegre 1262 4
! experienc 484 1 427 1 56 1 265 1 160 2 246 1 499 1 49 1
! encantado 166 3
! ehrenberg 1652 1
! ermolaeva 3026 1
! escarpado 3024 1
! estudiado 1543 2 1541 1 1515 9
! elisabeth 3965 1
! englander 593 1 574 1
! exchanger 3412 1 1553 1
! enfermera 288 1
! euglenoid 1144 1
! educacion 4541 1
! egyptiana 4608 1
! empfehlen 967 2
! existence 4668 9
! endocrani 4781 1
! electrici 2949 1
! emploiera 1044 1
! enamorado 1578 1
! eizenberg 2403 1
! erikoisia 4831 1
! escoffier 3640 1 2093 2 2057 1
! ethiopean 3019 1
! elizabeth 194 1 142 1
! elecroneg 292 1
! earlyimag 1186 1
! emmenthal 1200 1
! entheogen 4583 1 2804 15
! epicurean 1929 2
! eigenlijk 4496 1
! exemplifi 7 1
! emprendar 142 2
! eightfold 2323 2 1740 2 1166 1
! eutherian 226 1
! espenschi 3213 1 2767 1
! einkaufen 1461 1 993 3 995 1 2106 1 2262 1 810 3 1200 4
! ethiopian 249 1 135 1
! electrifi 2865 2 2327 1
! egendreau 1585 2
! elovlbikj 4993 1
! enableusb 4693 1
! extradict 702 1
! edellinen 4831 1
! esperanta 4740 1
! engelmann 2471 2
! erwachsen 2782 1
! encyloped 1059 1
! edelstahl 3289 1
! elevacion 4175 1
! endodermi 510 1
! engelsman 1497 4 4754 2 1459 2
! epigenesi 4647 1
! eqtriangl 4818 2
! essential 427 1 379 1 354 2 398 1 165 1 160 1 26 1
! evergreen 1473 1 1173 2 4736 1 1146 1
! examplesd 2125 1
! evaluando 4243 4
! exploited 1312 1 1307 1
! establish 453 3 373 1 415 1 271 2 458 1 389 1 113 1 251 3 298 1 160 3 252 2 428 1 175 1 221 1 56 1 142 1 260 1 398 4 7 1 249 2 410 1 190 1
! eroaminen 4831 1
! everybodi 491 1 221 2 398 1 429 1 396 1 142 3 223 1 113 1
! enecapten 2403 1
! extensibl 3412 1 3266 2 3203 1 2680 1
! efficient 2570 1 4372 1 2392 1 2529 1 1574 1
! elissetch 706 1
! embellish 2998 2 3456 1 3026 2 2951 2 2875 2
! escribimo 1436 1
! effective 2327 1
! extremeli 4454 1 4059 1 3053 1
! esquiando 1519 1
! engelbart 4498 4
! enlighten 444 1 253 1 218 1
! englannin 276 1
! engraving 4668 1
! erdberren 1769 1
! esgarriar 142 1
! effervesc 249 1
! estudiamo 168 1
! esimerkki 4831 1
! electrico 2403 1
! exemplari 249 1
! emotional 2327 1
! edinburgh 4649 1 4647 5 4874 1 3620 1 3900 1 1458 1 593 1
! ethanolat 568 1
! earthward 1446 1
! ellipsoid 4894 1 4697 8 2073 4
! entfernen 1285 1
! essentiel 142 1
! excentral 1350 2
! eenvoudig 1459 1 1457 1
! ethnologi 3965 1
! escribirm 4827 1
! essaouira 3026 1
! etherlink 4694 1
! elementar 4838 1 4816 1 4821 1 4822 1 4817 2 4820 1 2455 1 4134 1 4837 1 4814 1 2454 1 4823 1 1350 1 3190 1 4818 1 1783 1 4819 1 644 1
! editnotic 1222 4
! esperanza 398 1
! echatwiki 4392 1
! embryonic 231 1
! erstellen 1513 1
! eumetazoa 2135 2
! euryhalin 1159 1
! entertain 221 1 192 1 160 1
! elongatio 3153 1
! exempleri 4605 1
! earthlink 3057 1 2865 1
! education 4759 1
! egyptisch 979 1
! englewood 4582 2 1040 1
! ernsthaft 2782 1
! economics 2327 1
! ecballium 3739 1
! espagueti 3592 1
! encuentra 4236 1 4175 4 3024 2
! extrinsic 4668 2 1380 2 1102 2
! equilater 4818 8 4817 1 3287 4 4814 2 3305 1 2455 1 1350 2
! excellent 4909 1 4748 2 4688 1 4500 1 3085 1 2403 1 3847 1 1504 1 1197 1 1059 2 763 1 757 1 560 1
! earthquak 132 1
! endoplasm 465 1 358 1 352 2 359 8 349 4
! equimolar 3615 1 1131 1
! esfoliant 3499 2
! effortiar 1431 1
! essequibo 3450 2
! endotherm 1909 6 916 3 903 1
! esterhazi 1609 1
! estudiant 435 1 290 1 224 2 168 2
! explicitn 142 2
! excrement 258 1
! erithacus 2897 1
! enfermero 1548 1
! entomolog 225 1
! erillisin 4831 2
! etrangers 1085 1
! enactment 4528 1
! eigenvalu 41 4
! enfatizar 4175 1
! eddington 1306 1 2890 2 1070 2
! elevation 4668 1
! errorinfo 4655 1
! estimular 3499 1
! exhausuif 3965 1
! elulumesh 2340 1
! exchequer 2785 1 571 2
! exactitud 3530 1
! erlernten 2782 1
! executeon 4279 3
! embarrass 242 2
! esophagus 1162 1 1160 2 1154 3
! ethothion 3025 3
! executive 2864 1
! escritura 3024 6
! ectotherm 226 1
! esparanto 964 1
! expiatori 3025 5
! errornumb 3276 3
! extremiti 2557 2
! esqueixen 142 1
! excretion 355 1 226 1
! exponenti 331 1 298 1 260 2 249 1 52 2 49 1 148 2 208 1 48 2
! editortoc 142 1
! elpenmast 330 1
! encontrar 198 1
! enterozoa 2135 1
! exception 431 5 265 1 232 1 142 1 121 1 6 1
! endomorph 2711 1 732 1
! expansion 252 1 398 1 218 1 431 2 41 4
! erzeugung 1514 1 1513 1
! eukaryota 1587 1 508 2
! endosperm 2251 1 2027 3
! exploitat 246 1
! enkonduko 402 1
! embryolog 4647 1 3923 1 1114 1
! enamorars 1578 1 1526 2
! egyptolog 3054 1 3027 1
! ellington 736 2
! empezaron 4175 1
! ereigniss 1686 1 1066 1
! esperanto 328 40 405 9 400 13 406 49 142 1 402 63
! esqueixat 142 1
! excelsior 502 1
! evansvill 2865 1
! expressli 151 1 150 1
! eucharist 4790 1
! encompass 470 1 383 1 359 1 216 2 417 1 167 1
! elaterium 3739 2
! earliness 4668 1
! excretori 229 4 226 1
! execution 249 1
! electropl 2950 4 2756 1 2717 1 2287 1
! extension 370 1 492 3 283 1 431 1 167 1 180 1 158 2 116 1 50 1
! europaeus 2897 1 1140 3
! embouchur 4575 2 3110 2
! eavesdrop 1134 1 648 1
! enrolment 398 1
! existenti 4648 4 3758 8 2207 2 4649 4 2890 2 3762 1 911 2
! exploiter 1312 1
! erityisen 4831 1
! equipment 4563 1 4558 1 4392 2 2927 1 2520 2 4566 1 3945 8 3596 1 4219 1 3207 1 2403 1 4565 1 2288 3 2321 1 2755 2 4559 1 2236 1 2798 1 1929 1 2015 1 1450 1
! euskotren 3979 2
! ecdysozoa 2135 2
! eggleston 4031 2
! epiglotti 1161 1 1154 1
! estupidos 142 2
! ethnologu 1027 2
! expresars 4175 1
! exemption 4668 2 4572 1
! ecologist 3776 2 3248 2 3320 7 1040 6
! eurocentr 4636 1 3021 2
! ehdotusta 4831 1
! extractor 3290 2 1448 1
! erythriol 2672 2
! exercitum 583 1
! excubitor 2897 1
! electress 2855 1 2781 1 2778 1 2784 1 504 1
! emolument 702 1 649 3
! encounter 827 1
! ethusiast 3057 1
! ellenfost 3682 1
! exactress 504 1
! exclusion 157 1 142 1 37 1
! earthtilt 4897 1
! eitherway 4372 1
! emptiness 4648 2
! estudioso 3499 1
! everywher 190 1 160 1 56 2 67 1 398 1 266 1
! ewerywher 3225 1
! erweitert 1192 1
! equations 4697 1 4051 1
! eigenwert 955 1
! encuentro 4199 1
! ebscohost 3620 7
! extrastri 2804 1
! endeavour 398 1 142 1
! evolution 4668 1 3145 1 1739 2
! enterpris 479 1 398 1 315 1 251 1
! extravers 142 1
! economist 4485 1 4790 2 2865 1 1864 4 2881 6 2327 2 1872 1 2324 1 1838 2
! emperatur 2403 1
! extravert 2239 5 1876 1 1853 3
! ecosystem 229 1
! eiriksson 2882 1
! extremist 2616 1 703 1
! erikssonp 4693 1
! editcount 428 1
! editintro 4194 2 4187 2
! effluvium 504 1
! expolitum 584 1
! exocytosi 349 1
! exquisito 142 1
! equisetum 142 1
! earthworm 229 2
! euthyphro 3228 1
! elmsworth 778 1
! eatturkey 2179 2
! equisitum 1146 1
! everquest 3059 1
! exhaustiv 154 4
! expressiv 4671 1
! eustatius 3450 1
! econophys 142 1
! electolyt 2403 1
! executrix 504 1
! extrovers 142 3
! egzotikus 142 1
! extrovert 1868 1 1848 1 4648 1 1876 1 2281 2 1852 1 1842 6
! evolvolut 4648 1
! evangelica 3025 1 3002 1
! enfermedad 288 1
! escalonada 4239 1
! equivocaba 280 1
! embarazada 1548 1
! echinoidea 229 1
! emergencia 1548 1
! escrachado 242 1
! expedience 4668 1
! eastafrica 3021 1
! expectance 4668 1
! eyeballkid 2865 1
! engraulida 1993 1
! encontrada 3499 1
! escherichi 589 1
! establezca 4175 1
! eubacteria 1142 3 1140 5 1120 1 508 2
! examplemag 1087 1
! excalendar 4760 1
! eustachian 4697 1
! endergebni 1513 1
! equilibria 142 1 295 4 25 1
! estressada 3499 1
! enheduanna 2340 1
! existencia 4281 14 4203 14 3024 1
! ehrlichman 4007 1
! exchanging 1888 1
! emdisclaim 56 1
! emberizida 2897 1
! ejericicio 4254 1
! embarrarla 242 1
! entognatha 2261 1
! embedvideo 458 1
! examinearg 1652 4
! erythraean 3019 1
! eigennamen 1713 1 1503 1
! eigentlich 2609 1 1513 1 1285 1
! eremophila 2897 1
! ellenbogen 2403 1
! emessagein 1630 1
! employeeid 4653 1
! englischen 1285 2
! enlluernad 142 1
! ethanediol 745 2
! ethelweard 2855 2
! educationa 2671 1
! encycloped 221 2
! echevarria 3592 1
! emperorbma 473 2 481 2 393 2 282 17 113 2 234 9 135 2 235 7
! equidanger 4696 1
! extranjera 752 1
! einunddrei 3887 1 2317 1 997 1
! estudiando 4175 1 1515 2
! eindexamen 1457 2
! estudianta 3193 1
! esimerkkej 4831 4
! eurocheapo 3979 2
! eierkuchen 2561 1
! essentiali 491 1
! englishman 402 1
! empororbma 285 1
! elemantari 142 1
! europejska 4930 1
! executarei 4162 1
! ethnograph 4752 2 3638 1 739 1
! engagement 4668 1 649 1
! echinoderm 229 4 231 1 226 1
! electroneg 4 2
! entwickeln 2782 1
! erfarenhet 4690 1
! elderberri 974 2
! embioptera 2811 1 2263 1 2114 2
! eurasianet 2865 1
! elementari 482 1 399 1 184 1 56 2 148 1 331 1 285 1 494 1 57 1 244 1 50 1 303 1 6 1 40 1 67 2
! endochondr 1161 3
! envermelli 142 1
! eintausend 2317 1
! encontrado 291 1
! englishmen 571 1 569 1
! electophil 6 1
! ebbinghaus 2334 2
! elasticiti 4668 1
! endelement 2840 4
! enwikibook 423 2
! electricti 2749 1
! elecrophil 916 1 744 1
! escapehtml 4953 2
! eighteenth 4648 1 728 1 3055 1 2020 1 570 2 702 3 652 3 4752 1 3025 1 1166 1 649 1
! englantiin 4831 1
! earthbound 3121 1 2952 1
! embodiment 1646 2
! examplesof 1077 1
! ectoprocta 229 1
! enamorador 1578 1
! entoprocta 229 1
! effectivli 253 1
! endearment 4668 1
! enterlogin 4706 2
! evancarrol 421 2
! epinephrin 2014 2
! egyptcraft 3021 1
! eosinophil 1155 1
! exactement 1431 1
! eurekalert 1650 1
! eigenfunct 331 1
! effektiven 1513 1
! ecclesiast 496 1
! einsetzbar 4159 1
! eurytperid 229 1
! exceltempl 1077 1
! envolvendo 4134 1
! expectimax 154 2
! experienti 4583 1 3061 1
! eisenstein 722 1
! excitement 2323 1
! extemporan 434 2
! enantiomer 127 1 7 2
! entombment 3025 1
! extraction 4668 1
! earthenwar 462 1
! extrasolar 1025 1
! endcomment 4279 1
! ethylbutan 745 1
! extranjero 164 1 56 1
! everything 4565 1
! equilatero 4818 1
! extramarit 4397 2
! edgarlowen 2865 1
! epithelium 1160 8 1155 1 3789 1 1154 1
! eszopiclon 7 2
! egyptologi 3054 1
! excitation 4668 1
! eratosthen 184 1
! edsitement 3018 1
! estemordir 142 3
! encontramo 4544 1 4245 1
! enthusiasm 56 1
! eshmunazar 3026 1
! elektronik 4581 1
! evangelist 56 2
! einleitung 4696 1 3021 1 2313 1
! extinction 4668 1 3096 2
! extinguish 2698 1 4198 2 3230 5 1300 1 1311 1 4559 2 1270 1 1715 1 708 1
! experiment 444 2 475 1 398 1 418 1 264 1 173 1 148 2 12 1 6 1
! excitatori 4648 1
! endresourc 4279 1
! einwohnern 1178 1 967 1
! evantpeopl 2749 2
! einhundert 2317 1
! ecmascript 4968 1 4664 2 3257 9 3966 3 616 1
! electromet 3207 2
! empiricist 3880 1 3407 1
! erathosten 2865 1
! extrospect 2334 3
! ethnocentr 4752 7 4648 7 2804 3
! entertaint 4096 1
! emmitsburg 708 1
! enrollment 398 1
! extensivli 1477 1
! etscrivner 1281 2
! euhemerist 3002 1
! erightsoft 2800 1
! enviroment 3457 1
! estuvistei 280 1
! escritorio 166 1
! eavesdropp 4765 2 2967 2
! expression 393 1 431 4 255 3 309 1 232 3 142 6 286 5 121 1 116 2 38 1
! edwardtuft 2757 1
! erwritesth 1630 1
! equipartit 4696 1
! estuvieron 280 1
! enthusiast 380 2 265 1 56 1
! exhaustion 1591 1 1581 1
! emulatress 504 1
! endocytosi 1121 3
! exploiters 1312 1 1307 1
! effortless 4634 1 1307 1 2825 1 3280 1 2323 3 2882 1 1492 1
! euthydemus 3228 1
! electrocut 2798 1 601 1
! easyvector 3203 1
! expositori 4649 1 4365 1 4372 2 3777 1 3752 1
! employment 2804 1 1913 2 1838 2 1186 1
! expenditur 3078 1 2058 1 1918 3 2327 6 1919 1 1916 2 2900 1 1888 2 4612 1 2059 3 702 1 1802 5 1914 2 649 1 1915 2 1838 4 593 1
! emperatriz 4541 2
! encryption 3840 1 3602 1 1652 1 1773 2 4994 1 1628 3 1636 2 3913 1 2967 1 3260 1 1621 4
! electromot 4680 1 4679 1 1780 1 3661 1 2595 1 523 1
! equiresist 4696 1
! executress 504 1
! esporuguir 142 1
! endomysium 3620 1
! enantiopur 7 5
! escabellada 142 1
! erythrocyt 1155 1
! erythrinus 2897 1
! electrolyt 475 4
! erythrulos 3615 1
! embryophyt 2169 1 1146 1
! erythropus 2897 2
! elasticidad 3499 1
! escherichia 38 1
! ezwpswuhvu 4080 1
! eyjafjallaj 1585 1
! electrobadg 397 3
! euyccldiean 4697 1
! experiencia 4239 1
! embeddedrel 4873 1
! enwikipedia 142 1
! estemordida 142 3
! established 2323 1
! encylopedia 444 1
! extragalact 1025 1
! ericsoniana 4097 1
! electrician 3733 2 4105 1 2950 1 2211 1
! elizabethan 3785 1 2780 1 569 4
! escribiendo 4827 1 3823 1 3236 1
! exanthemata 504 1
! experiencen 2327 1
! englishmean 3149 1
! effeietsand 56 3
! explicacion 4239 1
! endomembran 359 5
! encyclopedi 2334 1
! elettronica 2288 1
! elzeinhasan 4687 1
! endonulceas 934 1
! engineering 4696 1
! escapatoria 3024 1
! ellisisland 1820 1
! electrochem 2954 2 2949 1 2952 1 2717 2 2890 1 2804 1 3789 1 3096 1 2403 16
! endonucleas 1139 3 934 5
! einsteinian 3280 1
! ethnographi 4292 1
! eshmunamash 3025 1
! ebookofflin 3847 1
! epidemiolog 3620 1 2015 1
! enhancement 265 1
! eindeutigen 142 1
! esgarrifosa 142 1
! elektronika 4392 2
! editthispag 4170 1
! electroweak 84 3
! existingfil 3041 2
! evangelizan 582 1
! esteticista 3499 2
! electriciti 3212 1
! engelskmann 2666 2
! ethanethiol 369 4
! ecualciones 4256 1
! errormessag 3276 2
! eingeordnet 1677 1
! elliotspenc 4169 1
! erikmuntean 2977 1 2210 1
! exclamatori 285 1
! esdevenidor 142 1
! euchromatin 1137 1 1128 1
! easytimelin 167 2
! electrophil 142 1 26 9 125 4 124 4 126 4 6 14
! explicatori 4748 1
! extremophil 1120 1
! elektroniki 2288 1
! epistemolog 428 1
! expectation 4668 1
! electronics 3733 1 3212 1
! endoparasit 229 1
! endothelium 3789 1 1160 1 1155 1
! entheusiasm 402 1
! ethoxyethan 369 1
! eventualiti 4668 1
! evoutionari 4648 1
! exlanatinon 1069 1
! explanatori 173 1 152 1 291 1 56 1 26 1
! exprimentar 56 1
! entwicklung 4696 1
! enddocument 4279 3
! entrainment 1591 1
! exlusivelli 3455 1
! electromigr 3343 1
! equilibrium 342 8 107 1 94 1 26 1 25 2
! einzuordnen 1736 1
! ebabdbgbbbeb 3046 1
! ectoparasit 2443 1
! endorsement 150 5
! exoskeleton 229 2
! expenditure 4668 1 2327 1
! ecclessiast 494 1
! equilibirum 3772 1
! eigenvector 41 2
! erweiterung 1514 1
! editprotect 2161 1
! epigraphist 3025 1
! enthousiasm 3743 1
! eingestellt 3775 1
! effectivley 253 1
! einsteinium 2585 1
! experimento 3499 1
! endflatlist 2226 6 2057 3 1419 14
! exterioriti 4668 1
! ericlippert 4372 1 4365 1
! emigrantito 3192 1
! evilshiznat 3780 2 2210 2
! ecmasscript 4665 1
! exploratori 253 1
! endosymbiot 229 1
! esomeprazol 7 1
! enchantress 504 1
! environment 453 1 444 1 218 1 141 1 460 2 355 1 358 2
! ethnologist 3022 1
! emotionless 204 1
! environemnt 3371 1
! electrostat 467 1 453 3 445 1 29 1 24 3
! eurocontrol 3449 1
! especificada 4239 1
! expressions 4672 4
! electrolysi 475 9 444 4 467 2 437 2 142 1
! exclusivley 253 1
! euglenophyt 1144 4
! editorlinux 1829 1
! euphausiacea 2130 1
! enciclopedia 56 1
! encyclopedia 460 3 398 3 409 1 113 3 389 2 220 1 151 1 142 1 165 4 491 1 330 1 221 4 152 1 139 1 111 1
! erroroutput 4715 1
! earlyamerica 593 2
! ethanaldehyd 4537 1
! elizabethian 4582 1 3797 1
! entsprechend 2782 1 1285 1
! especialized 4759 1
! ehrenamtlich 1485 1
! entramembran 1161 1
! experiencing 2327 1
! envergonhado 4108 1
! europrachbht 3776 1
! especialista 3499 1
! europracbhit 3797 2 3787 2 2175 2 3785 2 3796 2 524 2 4434 2 3784 2 3782 2 3799 2 3776 6 2207 2 3766 1 3781 4 3786 2 1509 2
! eclecticolog 142 1
! extravaganza 2677 2
! excitabiliti 4668 1
! enciklopedio 402 1
! extraodinari 502 1
! elephantiasi 504 1
! ertification 4151 1
! electronegat 294 1
! electomagnet 3212 1
! elcastellano 337 1
! estacionario 4239 1
! experimental 4697 1 4670 1
! emailaddress 2392 10 1504 1
! electrotechn 232 1
! escitalopram 7 1
! exaggeration 4668 1
! equilangular 3287 1
! enseignement 276 1 477 1 142 18
! endocrinolog 3620 1 2015 1
! epemeroptera 226 1
! elektronisch 2288 1
! eattheseason 2090 1 1968 1
! efflorescens 4051 1
! emancipatori 4648 1
! escholarship 3620 1
! electrodynam 132 1 93 1 39 1
! epistemiolog 942 1
! englishwoman 2780 1
! exclusionari 2211 2 4648 1 648 2
! equivocation 2323 1
! encontraremo 4253 1
! electrokinet 2952 4
! endoskeleton 1140 1
! evolutionari 358 1 231 2 226 1 355 2 225 1
! ethylbutanol 745 1
! endosymbiosi 3770 2 1388 1 1153 1 1126 1
! eventualment 4175 1
! ecophysiolog 1040 2
! esperantosta 4831 1
! eenentwintig 1986 1
! earthmaptool 4737 1 4610 1
! emiconductor 2989 1
! examplerobox 57 7
! eschrichtius 2133 2
! encyclopetey 223 3
! entrepreneur 246 2
! exteroceptor 1158 1
! ebookimpress 2824 1
! electrosorbt 2403 1
! epidermolysi 1138 1
! entomologist 504 1
! expansionist 251 1
! encodingstyl 3363 14
! egyptologist 3054 1 3029 1 3014 1
! executionist 1406 1
! electronvolt 4396 1 2698 2
! extortionist 4765 1
! elelectrolyt 2403 1
