! fa 156 1 272 1 202 1 142 2
! fc 27 8
! fb 3920 1 3047 7
! fd 219 1 48 5
! fe 354 1 205 3 202 1 192 1 142 2 36 2
! ff 254 8 224 10 444 1 147 2 427 4 404 1 288 6 280 8 418 4 142 3 91 2 223 4 199 2 166 1 56 1 111 2 52 1 49 1
! fg 260 1
! fi 281 1 276 1 266 1 453 1 205 6 272 1 184 1 494 1 142 2 202 1
! fh 1504 7
! fj 4696 23 2634 6 3592 1 2239 1 4690 2 3502 1 1047 1
! fk 3592 1 2753 23
! fm 4559 1 2952 16 4509 1 2830 1 2698 24 2598 3 2097 1 1936 1 2585 1 3047 1 2452 1 2188 1
! fl 4269 1 3081 1 3025 1 1047 1 4105 1 2403 1 3606 1 2387 1 3110 1 4697 6 1178 2 1285 1 1493 1 4690 1 3149 2 1466 1 1075 1 967 2
! fn 4168 1 935 2
! fo 405 1 398 1
! fp 48 25
! fs 4715 1 2905 1 1574 19 1398 1 4672 3 2403 1 2371 1 2291 2 1576 3 1186 1
! fr 482 1 457 1 281 1 476 2 470 1 404 28 266 1 427 5 431 1 403 1 242 1 477 1 148 1 265 1 379 1 494 1 41 1 276 1 307 1 213 1 255 1 279 1 232 1 209 1 272 1 157 1 164 1 142 377 56 3 38 1 199 2 214 2 116 1 398 1 112 1 156 1
! ft 4835 1 4690 2 3011 1 2609 1 3920 1 2246 1 1506 2 3944 1 2852 1 1380 1 1173 1 1833 4 1008 1 1538 1 570 1 1450 1 1200 4
! fu 204 3 191 1 142 3
! fv 4863 11 3863 5 3281 1 1146 1
! fw 4694 3 4693 13 858 3
! fy 427 1 272 1
! fx 4498 1 2549 1
! fz 1422 1
! fda 7 1
! fab 52 1 49 1
! fac 499 1
! fea 2897 1 2165 1 2721 1 1591 42
! fad 211 1
! ffa 147 6
! feb 52 1 399 1 491 4 444 2 397 5 390 1 225 1 84 1 265 1 453 1 154 2 297 1 113 4 56 7 93 1 328 6 46 1 47 1 282 7 25 1 142 28 189 1 48 1 120 2 396 1 51 1 50 1 49 1
! fec 4694 1 3872 6
! fcc 3945 1 2952 12 2698 3 3919 1 3944 1 3768 1 2210 1
! fae 562 1
! fbd 3382 2
! ffb 2210 2
! ffd 4694 1 2210 2 1780 2 3408 1 1832 1 1772 2 2059 1 2631 1 4051 1 839 2
! faf 2330 1 1775 3 1418 3
! ffc 4365 1 1016 1 3777 1 3752 1 2188 39 2210 1 3069 1 1919 1 1251 1 2585 65 1918 2 1008 2 981 1 977 1 2058 1 1621 1 1023 1 1254 1 978 1 1024 1 980 1 1010 1 729 1
! fed 120 1 242 2 57 1
! fde 4819 2
! fib 2341 11 1804 11 1253 9 3040 4 3722 1 4694 3 800 1
! fce 285 3 276 3
! fag 242 1 142 2
! ffe 223 1
! fee 398 2 171 1 417 1 392 1 142 1
! fpa 3790 2
! fah 405 1
! fid 4279 1 3203 8 507 1
! fai 404 1
! fff 223 1 198 1 142 1 166 2 26 2 6 9
! fsa 4697 8 3978 5
! fie 4066 1
! fbi 3369 1 2872 1 736 2 573 1
! fra 3121 3 2625 10 502 1 2635 1 1930 3 796 1
! fpc 4694 1
! fak 799 1
! fta 405 1
! feh 1047 4 939 2
! fei 1186 1
! fig 453 5 258 3 242 1 207 19 230 1 103 1 102 1 96 2 418 1 142 2 211 7 101 1 398 1 99 8 105 3 83 1 106 3 95 1 67 2
! fih 4693 1 4391 1
! fal 3176 7
! fam 1710 4 797 1 4754 1 1459 2 724 1
! frd 1186 3
! fsd 2801 1
! ftc 375 1
! foe 4063 1 4038 1 2323 4 4072 1 1884 2 3025 3 1880 4
! fog 4760 1 2293 1 4483 3 3372 1 3059 1 939 2 2680 1 1290 3 890 1
! fan 229 1 473 2 398 1 223 2 56 1
! fcm 3607 1
! fng 1573 2
! fpf 3790 2
! fud 939 1
! fre 406 3
! fdl 82 1 81 1 80 1 149 1 79 1 78 1 77 1 75 1 74 1 73 1 142 2 72 1 71 1 70 1 76 1 398 1 69 1 68 1 64 1 40 3 60 1 201 2 63 1 61 1 56 1 59 1 65 1 43 1 66 1 44 1 62 1
! fel 4690 1 3110 1
! fij 797 2
! fem 496 3 371 1
! fsf 150 1
! fbo 3876 1
! frg 4872 1
! fsg 3751 1
! fte 2246 3
! fue 280 2
! fli 438 3 38 2 434 1 467 1 242 2 418 1 35 1
! foh 1047 1
! fqi 3145 1
! fen 4694 9 4693 13 4697 1 1047 2
! fil 142 1
! fim 3499 1
! faq 417 3 482 1 390 3 421 3 398 1 431 3 420 1 397 5 419 1 396 2 392 1 391 2 156 2 387 3 272 2 418 1 330 2 142 3 422 1 169 1 220 1 389 10 244 1 56 4
! feo 3192 1
! fqh 4693 1
! foi 2266 1 1047 1 807 1 799 1 724 1
! fti 2865 1
! fwg 858 1
! fbr 2323 1
! fas 4012 1 2865 1
! fsi 402 1
! fin 226 8
! far 368 1 398 7 453 1 428 1 369 1 416 1 339 1 342 1 51 1 373 1 467 1 251 2 392 1 491 2 297 2 200 2 397 5 106 1 285 1 252 1 393 1 443 1 249 2 241 1 282 3 235 1 229 1 263 1 216 4 261 1 358 1 402 1 499 6 208 2 254 1 160 3 113 2 207 1 95 1 427 1 330 2 380 1 186 1 223 3 120 1 411 1 167 2 221 1 177 1 83 1 99 1 444 3 56 3 11 1 172 1 84 1 165 3 211 1
! fuh 2625 1
! fml 971 19
! fok 1199 1
! fri 256 1 242 1 280 1 200 8
! fds 4983 1
! fer 499 1 142 2
! fmn 2934 1
! fui 280 2
! fio 4010 1
! fat 364 1 359 1 238 1 258 2 237 1 352 1 242 1 211 3 142 2 200 14 251 1 240 2 190 1
! fdr 221 1
! fol 3739 1
! fcr 4183 6
! fsl 3207 1
! fyi 4895 1 4753 1 3152 1 1071 1 3062 1 2865 1 1509 1 2441 1
! fes 4051 1 2609 1
! fno 4694 1
! fxi 4697 1
! ffs 4694 2 4693 3
! fon 1190 2 502 1
! fjq 4693 1
! flo 3701 1
! fhs 2905 1
! fpp 3790 2
! fir 132 2
! fet 4489 1 2774 1 3980 2 2452 4 2288 1 3611 1 796 1
! foo 427 1 418 15 157 2 421 2 266 6 56 2
! ful 4673 4 3424 7 1964 1 1962 1 1902 1
! fum 4831 1
! fft 4550 1 3207 1
! fop 4668 1 4066 1 3266 6
! fis 4010 1 797 2 724 1
! feu 1930 2
! fro 428 1 359 1 142 1 135 1
! fax 4760 1 4697 7 4696 1 3921 1 4647 1 1422 2 3061 1 2864 1 2523 3 4162 1 2872 1
! fev 404 1
! fjt 3920 1
! fay 404 1
! fls 3081 1
! fit 398 3 495 1 414 1 491 1 223 1 358 1 499 1 473 1 142 1 330 1 253 2 441 1 211 3 251 2 202 1 249 1 222 1 267 1 221 1 20 1 158 1 402 1 449 1 167 1 150 3 56 5 41 2 7 2 101 1 139 1 277 2 47 1 329 3
! fun 57 1 398 2 223 2 499 1 289 1 46 1 253 1 186 1 462 1 142 3 111 1 56 2 40 1
! fmt 397 1 52 4
! fxn 3334 5
! ftp 374 1
! frq 1423 1
! fup 423 1
! fps 4116 1
! fss 1186 1
! flu 288 1
! fot 4690 1 3780 1 1047 1
! fez 1616 1
! fix 493 2 428 2 458 2 491 3 177 1 274 1 459 1 271 1 453 1 162 1 391 1 163 3 260 3 419 1 84 2 278 4 375 1 165 1 359 3 418 1 277 2 285 2 282 2 273 1 176 1 253 1 251 2 216 2 389 1 7 2 201 1 221 1 318 5 186 2 56 2 444 1 106 1 397 1 160 1 158 1 402 2 499 5 111 2 358 4 120 2 95 2 427 3 330 2 142 1 51 3 135 1 417 1 49 2 237 1 460 2 366 1 383 1 175 1
! fus 808 2
! fst 4215 4
! fou 1199 1
! fur 499 1
! fut 1557 2 808 1 754 4
! fws 128 1
! fiz 1190 1
! fnx 3592 2
! fyt 1503 1
! foy 571 2
! fox 408 2 242 1
! fuy 4239 1
! fada 2210 2 1591 3
! fabd 4159 1 3768 1 3735 5 3576 1
! fica 4916 1 3024 2
! feae 2897 1
! ffcc 2210 1
! face 498 4 358 1 438 1 254 6 249 2 216 2 359 8 244 1 221 3 158 10 499 3 154 1 12 1 495 4 102 1 56 3 149 1 303 1 142 6 349 2
! flac 158 2
! ffad 4148 1
! fece 258 2
! fade 284 1 100 1 40 1
! fced 3620 1
! ffce 4463 1 1912 1
! flea 3663 4 728 1 2114 3 722 1 2130 1 2811 1 1461 3
! feed 258 2 458 1 249 1 229 5 427 1 226 1 398 4 57 3 417 1 142 1
! fffc 50 2
! fama 4495 1
! frac 480 6 183 2 133 1 331 65 261 2 330 4 208 1 120 2 148 45 57 13 103 10 98 6 83 7 58 1 104 3 96 2 27 6 142 1 84 4 95 1 260 111 30 8 67 29
! faff 160 1
! fffd 198 1
! fach 3815 1
! ffbf 1287 1
! fbef 2230 1
! fija 4242 1
! fabi 3701 1
! fide 4619 1 560 1 4697 1 582 1 502 3
! faci 4673 1 4649 1 4584 2 4582 1 3025 1 2378 1 3646 1 1431 1
! fadh 1126 2
! fcff 1232 2
! fled 4072 1 2877 1 4066 1 3026 1 2780 1 572 3 2781 2 1884 2 4063 1 843 1 709 2 571 1 649 1 3025 1 702 1 651 1 3342 1 739 1 2323 1 4416 1
! fpga 4748 4
! flag 495 1 427 14 307 2 285 1 277 1 231 1 336 1 428 3 198 10 168 6 398 1 223 4 177 1 419 2 166 4 15 2 158 58 142 31 417 2 164 42 49 2
! fika 4690 1
! fema 1186 1
! fsaf 4981 1
! ffff 288 1 280 5 224 2 147 6 254 5 223 1
! fief 4790 5 3600 2 3026 1
! fife 3096 1 572 1
! feci 1972 1 612 2
! fake 392 1 242 1 160 2
! flee 3673 1 3663 1 4038 2 722 3 702 1 3554 1 503 1 1630 1 2323 1 1311 1 651 1 2222 1 649 1 4066 1 593 1 573 1 1526 1
! flic 1199 1
! fabl 2865 1 756 1 3638 1 4766 1 2522 1 1307 1 1151 1
! fenc 414 1 207 1
! fred 221 1
! fack 1199 1
! fara 4689 1 2560 1
! fdoc 4694 9 4693 13
! fgfg 142 1
! fina 3499 1
! fnic 3152 1 2724 2 1186 1
! free 3 1
! fhlc 1820 4
! frag 3736 1
! fudd 405 1
! fale 208 3
! farb 4159 1 2106 2
! fame 482 1 12 1
! fcgi 398 1 128 1 38 3
! fdsa 4983 1 4981 2 4980 1 4982 1 4977 2
! fend 4416 1 3725 1 3017 3
! fwgc 858 2
! fera 3965 1 939 1
! frai 4014 6 796 1
! fref 50 3
! foch 4790 2 728 1
! fecl 4784 1 4051 2
! foma 4180 1
! farc 1306 2
! fuch 3739 1 3701 1
! fudg 4347 5 4028 3 3940 1 3640 2 1810 6 1595 6 1438 8
! feta 142 1
! file 418 3 326 1 467 1 369 1 181 1 484 5 392 6 454 1 221 1 456 1 455 1 173 10 408 1 265 2 453 1 171 3 452 1 419 1 304 1 398 2 397 4 328 1 422 1 281 2 391 1 297 1 366 3 333 1 427 2 302 1 291 3 284 26 417 2 320 1 223 20 317 1 123 10 220 1 222 1 211 4 114 3 216 4 169 1 266 4 167 5 447 2 156 4 149 2 52 24 51 2 148 3 133 1 129 2 217 1 160 2 16 1 113 1 402 1 111 1 158 182 332 1 41 2 88 2 374 1 277 2 83 2 177 2 296 3 199 1 58 4 47 7 338 2 150 1 444 8 56 10 48 141 436 1 145 1 50 1 142 16 49 17 243 1 43 1 431 8 112 1 190 17 93 3 46 23 116 2 232 1 38 1 121 3 157 6
! foci 4895 1
! fogg 1509 2
! foie 2156 2 1930 4 1609 1 724 1
! frid 4671 1
! fula 1807 1
! fold 349 3 229 1 209 2 359 2 40 1 7 1 226 1 6 1
! fwah 939 2
! fick 4690 1
! feel 410 1 40 1 428 3 494 1 375 2 427 4 283 2 186 1 380 1 421 1 142 2 166 2 495 1 398 9 460 2 413 1 366 1 285 2 473 2 284 1 282 9 271 1 256 1 444 4 56 7 20 1 408 1 173 2 220 2 355 1 458 1 167 3 499 3 402 5 223 3 176 2 148 1 160 5 441 1 253 1 138 1 201 1 154 1 200 2 221 1 55 1 152 2 396 1 135 1
! fang 3153 1 3739 1 3144 1 1619 3
! fasc 504 1
! fava 4092 2 2703 2 2560 2 1964 2 3424 2 2027 2 1902 2
! fine 499 1 223 2 428 1 444 3 166 3 427 2 329 1 282 1 120 1 167 1 402 1 356 1 342 1 163 1 398 1 274 1 226 1 56 3 330 3 142 1 418 1 50 1 473 1 404 1 422 1 46 1 396 1 208 1 40 1
! fami 3965 1
! fwkc 2865 1
! fnal 4279 2 2403 1
! fare 221 1
! fase 397 1
! flod 4690 1
! fmod 4655 1 2504 1 1107 1
! fnsa 4697 22
! frei 1066 1
! feof 1107 1
! farf 4573 1
! fauc 504 1
! fora 4780 1 2266 3 1431 1 583 1
! fiel 3196 1
! fond 4697 1 4303 2 4066 1 2323 3 2300 1 2434 1 3722 1 3181 1 1203 1 3436 1 1729 1 1499 1 1884 2 1034 1
! fali 3449 1
! fail 422 1 249 1 373 1 398 2 329 1 397 1 282 2 185 1 392 1 251 2 201 1 165 1 163 2 248 3 252 1 160 1 472 1 150 1 57 2 355 1 56 2 131 1 49 4
! foal 1807 1
! fole 2114 1
! fonc 1199 1
! ftdi 4835 1
! fqak 4693 1
! floe 572 1
! frig 1047 1
! fosa 142 1
! fiji 477 3
! fehl 4537 2
! fahm 724 1
! femi 2482 1
! ftob 4715 2
! func 463 1 50 1 49 6 46 17
! forb 3010 1 1040 2 736 1 571 1
! foam 4987 4 3310 1 3185 1
! flan 3781 1 1595 2 1438 2
! feli 406 6
! feud 251 1
! food 3 1
! fate 249 1 231 1
! faim 803 1
! fsck 2905 1 1576 2 1574 13
! fund 252 1 141 3 56 1 9 1
! fume 2798 1 4105 1 2697 1 4051 1 2236 2 2179 1 1309 1
! fido 4831 1
! fura 4690 1
! fran 404 1 403 2 142 10
! fall 499 1 445 3 398 3 467 2 251 2 247 1 388 1 43 1 221 1 248 1 202 1 249 2 36 1 177 1 165 2 28 1 166 2 265 1 150 1 266 1 277 1 93 1 148 1 149 2 6 1
! fdas 4979 1
! fear 459 1 204 2 248 1 289 1 249 1 142 1
! felk 4873 1
! fico 280 1
! fili 612 1
! flap 4623 1 3153 2 2158 1 2139 1 1374 1 1585 1 760 1
! forc 394 1 444 2 467 6 398 2 266 1 363 1 359 6 453 4 369 1 160 1 349 1 251 9 298 1 392 1 249 11 411 1 223 1 158 3 111 1 487 1 252 1 107 1 342 2 248 7 374 1 186 1 142 2 96 2 388 1 12 5 106 1 244 1 33 2 221 1 84 8 51 1 32 2 54 2 123 1 6 3 355 1 167 2 24 6 46 1
! ford 702 2 2266 1 1876 1 2954 1 733 3 736 9 739 1 2947 1 2717 1 829 2 708 1 728 1 827 1 617 2
! flem 2416 1 1002 1
! fuck 499 1 414 1 413 2 242 8 142 7
! fain 142 1
! fari 402 1
! feat 4688 1 4648 1 3620 1 2865 1 3789 1 2804 1 2977 1 843 1 4466 1 572 1
! fedr 2631 1
! fein 3022 1
! fell 251 1 249 2 473 1 298 1 173 2
! ffwd 4760 1 3057 1
! fifo 4183 52 4056 1 3041 1
! fiqh 990 1
! fite 4010 1
! fore 251 1
! ftan 4690 1
! fact 383 6 484 1 408 1 447 1 253 1 493 1 421 1 373 1 467 1 358 1 473 3 427 9 266 5 460 3 181 1 375 1 369 1 265 1 163 1 260 3 240 1 46 2 428 1 331 1 284 1 237 1 29 1 417 1 223 3 318 3 221 14 263 1 216 1 114 1 211 1 57 1 251 2 398 5 204 1 107 1 148 4 342 1 207 3 160 8 499 3 402 1 111 1 7 5 50 1 244 2 56 6 210 1 48 1 285 1 282 3 379 2 47 2 120 2 167 1 491 1 6 4 162 3 108 1 131 1 36 1 177 2 58 1 165 3
! funf 1484 1
! fibr 229 1 112 1
! fuel 359 1 251 1 246 1 242 1 12 1
! fxkg 4697 1
! fini 142 1
! foco 3024 1 1431 1
! fung 3141 1 1490 1
! fark 4870 2
! faze 1308 1
! fect 2139 1
! femm 3979 1 3965 1 797 8 1047 1 1199 1 724 4
! fiat 502 1
! fish 242 1 398 2 200 7 226 13 237 1 152 2 56 2
! frre 2756 1 2717 1
! ftap 3893 2
! flue 359 1
! fcol 3978 7
! feio 4108 1
! frog 471 1 226 1 221 2
! foil 4707 1 2834 1 3206 4 3252 1 2875 1 3266 4 2952 2 4079 2 2698 1 4038 1 1669 1 2566 2 2915 1 2179 7 2051 1 3408 5 2166 1 2119 3 708 1 3284 1 2360 1 1445 1 2403 20
! fuji 482 1
! flin 2316 1
! fimm 2634 1
! forg 248 1
! fnbr 2095 1
! film 142 1 107 2 102 14 491 1 101 1
! fijo 4242 1 3024 1
! folk 428 1 398 4 330 1 235 1 177 1 56 2
! fair 428 3 493 1 462 1 415 1 266 1 444 2 445 2 398 3 284 1 391 3 297 1 253 1 249 2 246 1 152 2 477 1 383 4 242 1 165 2 181 1 416 1 208 1 20 4 158 1 260 1 495 1 427 3 145 1 380 1 301 1 160 1 113 2 423 1 282 1 329 1 47 1 473 1 144 1 241 2 6 1 167 1 149 5 221 3 56 7
! feet 398 1 251 1 359 1 229 2
! fehr 1047 1
! fdsk 4693 3
! fuse 464 1 359 4
! fith 2938 1
! flat 229 2 123 2 467 1 67 1
! flug 4831 3
! flip 129 1 222 1 7 1 6 3
! firk 1186 1
! fmri 3761 1
! fait 1199 1 4184 1 796 2 3362 1 1047 10 3272 2 3965 2 814 1 1044 1 824 2 939 6 804 1 823 1 798 6
! farm 249 2 416 2 246 6 375 1 200 1
! faul 2317 2 3026 1 1461 1
! fatl 3025 5
! fiet 1497 1
! fget 52 1 49 1 48 6
! fiti 4010 1
! fori 1431 1
! fpin 48 1
! filo 242 1
! figr 258 1
! finn 113 1
! freq 3525 2 2905 1
! fals 444 1 307 1 427 1 207 1 328 2 303 4 402 3 241 1 297 1 249 3 318 1 204 2 400 2 193 5 12 1 403 4 56 2 493 1 49 1 201 1 47 1 277 1 221 2
! faro 4175 5
! fisk 2625 5 709 1
! fmet 1132 1
! fool 428 1 141 2 56 1
! frau 3887 1 997 1 3004 1 2227 2 985 8 1458 2 970 6 993 8 825 3 2233 14 3729 1 992 5 967 6
! feht 1047 1
! frio 4108 1
! funk 3123 1 2865 2
! flaw 427 1
! fern 4748 3 4530 1 3017 1 2542 3 2450 1 1902 1 1887 27 2543 2 2169 3 1938 1 508 3 1146 3 2130 2 1173 3
! furi 371 1 284 6 482 82 379 33 373 9 248 1
! fbnr 2095 2
! fato 4391 1
! fero 499 1 495 1
! fewl 4431 6
! firn 218 1 217 1
! fctn 3041 2
! fkxi 4693 1
! faso 765 2
! firm 487 1 438 1 398 4 379 1 349 1 242 1 226 1 120 1 329 1 139 1
! foir 1199 1
! fomo 2266 1
! foon 825 1
! fikr 4958 1
! fork 280 1 398 6 123 1 56 1 419 4 484 5 231 4 165 2 40 1
! flax 3620 14 3067 1 3006 1
! fsfs 4693 1
! fant 1872 1 617 2
! fret 4592 2 3316 5 4476 1 3241 21 3265 6 2960 3 4432 1 3834 1 3082 2 2938 7 3220 2 4113 1 3234 2 3046 16 3375 17 2935 2 2998 9 2951 6 4171 2 2964 11 2939 26 2955 5 4011 1 2930 21 3183 1 2968 10
! fues 1434 3
! fuhr 985 1
! ffor 4180 1
! flit 4760 1 3017 2 2327 2 1848 1
! fono 166 1
! foxi 4906 1
! felt 458 1 398 2 204 3 237 1 102 1 355 1 165 2
! flay 4038 1
! flop 4748 1 2288 1 1121 1 2397 1 3979 1 1499 1 3041 2
! form 3 1
! flew 3638 1 3054 1 3017 1 1096 1 740 1
! fawn 3025 1 2196 2 2874 1 2194 2 2089 3
! feso 4051 1 506 1
! fron 4392 1 3778 1 1290 1
! fars 1059 1
! fimt 2634 1
! faqs 422 1 387 1 388 2 253 1 220 1
! fcps 3145 2
! foop 4697 1
! fray 3673 1 1592 2 4619 1 1449 2 1445 1
! fsis 2715 1 2198 1 1186 1 2201 1 2361 1 2196 1 2197 2 2195 1 2172 1 2167 1 2180 1 2050 1
! fynn 3701 1
! ferr 4010 3 1557 1
! flex 142 1
! furl 2586 2
! foul 3350 1 3185 1 1409 1
! fnew 3913 2
! fusk 4690 1
! fugu 3454 1 1096 1
! fowl 4287 1 3387 1 1374 4 3485 1 3025 3 2360 1 1864 2 2194 3 2179 2
! fast 491 1 398 2 248 1 83 4 106 1 339 4 287 1 223 2 114 1 104 1 190 1 6 1 142 2 50 2 427 1 36 1 366 1 21 1 56 2
! fart 242 4 142 1
! fass 992 1 943 2
! foro 142 1
! fixm 4183 1
! fkey 4693 7
! ftsm 1192 1 2232 2 1330 1 970 1 993 2 918 2
! fuit 499 1 142 3
! frew 2865 1
! fenv 2381 2
! flor 142 2
! frit 796 1
! fips 2379 2 1636 1 1628 4 935 1
! fest 4690 1 4869 1 3004 1 2264 2
! faut 142 1
! fukt 4693 1
! fess 3979 1
! fert 499 1
! fets 3297 1 2452 1
! foto 3024 1 4439 1 3592 1 2968 1 2246 2 929 3
! font 0 5
! fist 4570 2 3789 1 2917 1 2882 1 3025 1 2881 1 2825 1 733 1 1162 1 2052 1 1159 1
! fjts 3920 2
! foot 499 1 496 1 229 2 482 1 242 1 359 1 120 1
! fvwm 2905 3 1575 1
! faqw 3722 1
! fett 4535 1 2446 1
! fort 498 1 248 1
! flow 229 1 330 3 445 1 49 1 255 1 158 9 142 1 116 2 139 1 438 3 221 1 359 2 447 2 56 1 397 4 466 1 167 1 222 1 475 11 46 1 253 1
! fptr 50 3 48 1
! fitt 3023 1
! foss 3563 1 2266 3
! fwiw 1494 1
! foyo 4831 1
! fziv 4693 1
! faux 142 12
! fous 1199 4
! frwp 457 1
! fyrr 2634 1
! fost 2266 2
! fftw 4550 1
! fput 52 1 49 1 48 7
! fuss 175 1
! fout 1816 1
! fuut 1772 1 1503 1
! furu 4690 1
! fpyr 2724 1
! flux 4715 1 2930 1 3279 4 2890 1 2706 1 2695 9 2452 2 2498 1 2595 3 1146 1 3731 1 2397 1 2648 2 965 1
! fluy 4175 2
! fizz 3468 1 1061 1
! fuzz 4066 1 3350 2 740 1
! ffeaa 3039 3 3676 1 2631 1 2983 1 2982 1 2210 4
! fiaca 242 1
! fafda 2560 1
! facad 158 2
! facec 1273 4
! fabia 4714 1
! fecha 4544 1 3024 1
! fdebe 2230 1
! fafdd 1333 2
! falda 4541 3
! frica 435 1 290 2
! fleec 3125 1 3328 1 2443 11 1458 1
! fffce 2890 1
! fread 52 1 48 7
! farad 3733 1 3711 2 2556 2 2767 1 2452 2 2403 8
! ffffe 223 1
! freed 472 2
! fefef 2363 1
! filha 4391 1
! fecal 258 1 142 2
! frage 3141 1 2227 1 1484 2 993 2
! fledg 398 1
! fffff 223 1
! filia 499 1
! flamb 1930 1
! flack 4279 1
! felic 4063 2 4038 1 3021 2 1431 1
! feebl 3025 1 4618 1 3023 1
! fatha 2364 1
! fdsaf 4980 1 4979 1
! febra 4831 1
! fianc 4878 1 1578 2
! flake 369 1 200 1
! fried 4543 1
! fidei 502 1
! frege 4649 2
! folia 4582 2
! felid 1979 1
! faibl 142 1
! fuwaa 4432 1
! fanci 428 2 200 1 56 1
! fibra 3499 2
! field 3 1
! finja 3701 1
! flame 475 2 229 1 162 1 6 1
! fstab 2905 11 1576 1 1574 13
! focal 4180 27 3673 1 2074 5 2952 1 2072 3 2073 1 3043 2 843 1
! flich 1736 1
! fusca 2897 2
! franc 403 2 248 8 251 4 246 3 158 4 476 1 157 2 245 2 406 8 252 2 142 2
! frame 217 1 392 1 216 1 211 4 353 1 6 6 213 2 158 4 7 2 444 1 38 1 40 1 25 1 265 1 127 2 219 1 83 10 221 2
! finch 4755 12 3900 5 2897 2 3954 1 2164 3
! fridg 4649 1 810 1 995 1 2605 3 3331 2 2577 1 2105 2 1918 2 4132 1 1947 1 2090 1 3230 1 1612 1
! feoff 4066 1
! fiend 4063 1 4582 1 4072 1 4062 1
! fleck 3617 1 2171 1 2166 1 2046 1
! fname 4279 1 3913 10 2632 2 2015 1 1316 3
! freie 142 2
! ftige 2782 1
! freak 4601 1 1581 1 2801 1 3780 2 1184 1 3511 1 1311 2 517 1
! falck 158 1
! fluga 4831 1 4690 1
! folic 4322 1 1974 1
! fiddl 56 1
! faqid 2652 1
! fabli 3439 1
! feild 4191 1 3025 1
! flaki 4196 1
! fipma 590 1
! ferai 3497 1
! fasci 249 1
! fahem 4958 1
! force 4668 2 2804 1
! ffile 330 1
! fidji 765 1
! femal 482 1 402 1 242 5 229 3 198 1
! flava 2897 1
! facar 4831 1
! farma 4391 2
! feira 4107 5
! flick 3805 1 2935 2 2765 1 4303 1 2114 1 1114 1
! fremd 3141 1 993 2 970 4 2262 1 967 1
! figgi 2057 2 1595 2
! forag 4781 1 4649 1 4584 1 2340 1 4771 1 2875 1 708 2 4648 1 2443 1
! fidel 223 1
! flatb 4180 1
! fleme 2751 1 2015 3 2753 1 1128 1 1002 1
! flera 4689 1
! facil 398 1 281 1 251 1 157 1 265 1 150 1
! flare 402 1
! frike 3024 1
! foggi 251 1
! fetch 444 1 278 2
! fseek 52 1 48 4
! fakta 2631 1
! feeli 3759 1
! fierc 4541 2 2535 1 3025 1 1166 2 843 1 3024 1 739 1
! final 379 1 447 5 157 1 249 3 411 1 158 2 181 1 499 3 398 4 373 3 495 1 260 1 150 1 56 1 253 3 243 1 290 1 271 1 224 2 216 1 113 1 160 1 207 3 389 1 342 1 248 2 107 1 67 1 427 2 380 1 51 1 120 1 284 1 331 1 49 3 282 2 47 4 444 1 162 2 37 1 221 1 330 1 48 1 54 1 121 1 6 2 46 3
! firma 3638 1 993 3 3499 1 970 3 560 1 502 1
! fixed 1504 1
! flail 2340 1 2014 1
! flyga 4690 1
! fraco 4108 1
! frend 2609 1
! fuera 4258 1 3592 3 3084 1 1434 3
! fetid 2471 2
! fudan 1650 2
! fusha 2364 1
! fisch 142 1
! falsa 4239 3
! fgetc 1316 1 1107 1
! fresa 254 1 242 1
! fauna 4616 1 4744 1 4609 1 4632 1 3647 1
! fansa 2560 1
! forma 429 1 435 3 290 3 142 2 56 1
! ftcap 2403 1
! fovia 1158 1
! fabio 4714 1
! facer 1431 1 1972 1 612 1 583 1
! facio 612 1
! feral 2897 1 2443 1 2194 1
! frohe 4869 1
! froid 939 3 798 1 796 1
! foami 4987 2 4767 1 4309 1 3006 1
! falco 2897 10
! ficar 2267 2
! fatal 249 2
! flate 4279 1
! funci 4240 1 4254 1 4239 4 4216 1
! fline 3978 6
! faber 4647 2
! freng 2066 1
! farsa 4573 1 3025 1 3021 1
! frase 889 1 1050 1 830 1
! fluid 466 1 390 1 365 1 398 1 359 2 229 1 352 1 231 4 226 2 142 1
! feroc 503 2
! fader 4573 1
! fahrg 2246 2
! fatig 1431 1
! fenel 462 1
! fiebr 288 1
! flere 2629 3
! fluff 2616 1 1640 1
! frail 2935 4 2726 1 739 1
! fuenf 2112 1
! fraud 441 1 398 1
! fetal 3620 1
! fabri 106 4
! fickl 2323 5 3025 1 1880 2
! flock 495 1
! frere 3482 1 3462 1
! fiber 431 2 237 1 359 5 229 1 200 4
! flank 3789 1 934 1 3025 2 2897 1 708 1 2878 1
! flash 337 1 216 3 369 1 402 1 284 1 471 3 166 1 142 1 113 2
! femen 142 1
! fanen 2631 1
! foral 447 3
! fuhao 3057 4 3053 1
! falar 142 1
! false 4716 3 4694 1 3935 9 4813 3 1106 1 936 10 969 1 559 1
! feder 375 1 398 1 158 4 142 1
! facet 4748 1 4598 1 3663 1 4676 1 3024 1 1040 2 2327 1 2632 2 1504 1 1273 11
! fonnd 4697 1
! feign 242 1
! faeri 2804 1
! flood 427 1
! flugg 4696 1
! flora 4790 2 4609 1 4616 1 4297 3 4275 1 4632 1 4038 1 3647 1 4541 1 504 1 3739 1
! fenki 1925 3
! fungi 359 1 358 1 230 6
! freud 4790 2 3965 1 3271 1 2881 3 2334 9 2327 1 4648 3 1983 1
! frili 204 1
! fanni 3701 1 1638 1
! fieri 4010 1 2950 1 2560 1 2096 1
! flamm 495 1
! foram 3499 1 2266 2
! formd 216 1
! fring 414 1 158 4
! fairi 1595 2 2057 2 2471 2 2226 2 4138 1 2950 1 1718 1 996 1 4673 1 1683 5 1438 2 808 1
! freep 2430 1
! frond 3017 1 1887 2 1146 1 2169 3 1144 1
! feger 2403 1
! faren 2631 1
! frank 499 1 428 1 406 20 397 1 282 1
! fpgas 4748 1 2755 2
! festa 142 1
! flota 3024 1
! fluke 231 1 229 5
! fatta 4690 1 2490 1
! fishi 200 1
! foran 3108 1
! fnord 3175 1
! friar 3786 1 3787 1 2057 2
! flume 2740 1 2395 1
! facit 499 1
! fanat 499 1
! feren 3376 1
! flair 4599 1 4180 1 1446 2
! fossa 2290 1 2274 6
! frise 2494 3 1902 2
! fwiki 4694 6
! freue 2377 1
! fjore 2634 1
! felin 4582 2 3923 1 1979 1
! ficom 3736 1
! flags 4715 3
! faith 398 1 244 6 176 3 175 1 162 1 83 1 383 1 174 2 419 1 56 1
! filep 3203 2
! flesh 487 1 258 2 14 1
! fifth 499 1 498 1
! ftell 1107 1
! femin 4616 1 4397 1 1837 1 4790 1 695 2
! folli 4895 2 4775 1 4673 1 4072 1 4908 3 4668 1 4063 1 1259 1
! famin 249 1
! fifti 249 1 373 1 123 1
! fopen 52 1 49 3 48 11
! flask 4865 3 2883 1 2283 1 1687 1
! flier 3100 1 740 1
! fixme 216 1
! fulli 3 1
! fresh 444 2 406 4 163 2 229 1 200 5 237 1 162 1
! falsi 4798 2
! fcopi 48 1
! fecit 582 1 502 1
! fermi 3568 3 2478 1 3512 3 4694 1 2483 1 2111 1
! fleet 251 3 248 2
! fulva 2897 1
! freer 4605 1 4481 1 3663 1
! frite 4198 2 807 1 796 2 3004 1 724 1
! forta 4831 3
! fusra 258 2
! fabul 499 1
! forem 2266 1
! ficht 4648 1
! funki 920 1 2889 1 3033 1 1262 1 1281 1 581 1
! furan 2839 1 916 1
! falko 3701 1
! fundo 1431 1
! fragt 2106 1 825 1
! fprsc 48 1
! farer 2875 1
! fdisk 1576 1 2379 1 1574 2
! felip 450 2
! filio 4831 1 1431 1
! finer 158 1
! frais 2098 2 1925 12 1971 1 796 3
! fruta 254 1
! files 4715 5
! fedex 1505 1
! frink 1872 1
! farin 797 2
! frill 3016 1 1322 1
! fancu 1007 1
! folkl 3024 1
! folat 3620 1 2652 1
! flung 3638 1 3596 1
! ffner 4041 1
! filip 4392 6 3483 1
! freon 2464 1
! freir 1526 2
! float 0 4
! facto 428 1
! ffnet 1513 1
! filth 4125 1 3616 1 3606 1
! fwrrd 48 1
! folio 4208 1 3753 1 3755 1 3751 2 1431 1 1554 3 1429 1 3737 1 1402 1
! forse 491 1
! frasl 1000 1
! funni 491 1 441 2 398 1 190 2 120 2 37 1
! filet 3607 2
! farri 570 1
! fanmo 205 1
! femti 2634 1
! faero 722 1
! falsk 4690 1
! fight 495 1 285 1 428 1 441 2 221 2 248 1 160 1 211 1 251 3 163 1
! finti 1012 1
! freis 2018 1
! floyd 2930 1 3220 1 3737 1 1504 2 1309 1 4113 2 1308 3 1307 1
! fanno 4391 1
! ferri 1350 2 1310 3 1308 19 703 4 1309 3 3663 1 1311 9 574 1 504 1
! fputc 1107 1
! frapp 2677 4 1595 2
! flori 4831 1 3701 1
! fysik 112 1
! forgo 398 1
! feuer 917 1
! foner 571 1
! fljpm 4318 1
! folko 2403 3
! flute 3485 1 3025 1 572 1 3110 2 2875 1 1729 1
! farol 3192 1 1058 1
! friti 205 1
! funer 3638 1 3024 1 3900 1 3110 1 2340 1
! finir 1431 1 823 2 799 2
! fcntl 48 3
! ferti 4010 2
! festi 258 2
! frans 4933 1 1930 1
! fuimo 280 2
! fehlt 2782 1
! ftigt 2782 1
! fever 288 1
! fewer 428 1 123 1 229 1 147 1 25 1 157 1 392 1 150 1 358 1 6 1
! finno 1059 4
! futil 251 2 221 1 113 1
! fumes 2236 1
! fromm 4648 1
! feret 562 1
! fatti 363 2 263 1 226 1
! fprpi 48 1
! frisk 4690 1
! fondu 1930 3
! fugit 708 1 703 1 593 1 560 1 702 1 574 6 651 1
! fryhl 619 1
! fodor 4582 4
! fstat 2862 2
! fixat 427 1 358 5
! fazer 2266 2
! feito 3499 1
! fifos 4183 5 3944 1
! fsnet 4169 1
! forth 499 2 498 1 123 1 496 1 396 1 208 1 277 1 27 1 142 3 94 1 462 1 493 1 148 2 56 1 265 1 221 2 26 1
! faint 4188 1 4648 1 3053 1 4893 2 2327 2 2879 2 2323 1 1863 1 2875 4 3755 1 1624 1 3901 1 3736 2 2089 1 2014 1
! feast 4251 1 3350 2 4063 1 4690 1 2857 1 2654 1 2704 2 1595 2 3320 1 2308 1 2306 2 572 1 3025 2 1419 2 2279 1 2257 2
! froth 4177 1 4023 1 2909 2 1374 1
! fixer 253 1
! foudr 939 2
! flush 359 1 162 1 186 1 51 2
! finit 186 1 208 1 207 4 184 2 261 2 472 1 495 2 154 2 303 2 142 2 260 1 106 1 148 3 103 1
! folgt 1513 1
! ferir 1431 1
! fazio 4697 1
! falso 4239 1
! fripp 3046 1
! flyer 226 1
! froze 703 1 2952 1 572 1
! fleix 1923 1
! furri 175 1
! fallu 814 1
! ffast 50 3
! fuser 4748 1 4693 13 2862 2
! ftitl 4694 3 4693 13
! femor 4781 1
! freez 200 2 47 1
! falvo 1652 1
! fluir 4175 1
! felix 3513 1 3026 1 3701 2 4427 5 2865 9 3019 2 2609 1
! femto 3434 1
! fratr 1431 1
! flatt 571 1
! foley 3063 1 2258 1 1906 2 1479 2
! forev 427 1 223 1 411 1 56 1
! foray 3028 1 832 1 556 1
! fuent 3592 1
! fussi 50 2
! formo 2266 1
! featu 2991 1 1682 1
! foyer 3920 4
! flint 3017 1 3125 5 2875 3 1445 3
! ficus 1752 1 974 1
! fault 428 11 396 1 290 1 282 1
! fmbox 1223 1 1222 6
! fryer 2882 1 3290 2 2360 5 3339 2 3230 19 4667 3 1598 1
! figur 3 1
! frito 991 1
! fleur 1924 2 1478 1 1047 4
! floor 443 1 358 1 445 2 49 1 280 1 205 1 200 1 52 1
! forew 2263 6 2114 5
! fyorl 4500 9
! fyrti 2634 2
! ferro 1557 1
! faros 4694 6
! fator 3499 1
! fraus 970 1
! fisiv 226 1
! frezn 1872 1
! fatto 4391 2
! frexp 2504 1 1107 1
! feist 1685 2
! flirt 3759 1 1199 1 830 1
! fourm 3944 1
! favor 211 3 398 2 453 3 358 1 427 1 342 12 221 1 129 1 429 1 176 1 291 1 123 1 146 1 251 1 113 1 25 1 226 2 295 1 249 2 252 1 160 1 6 3
! futon 504 1
! feliz 4108 1
! festo 3213 1
! fetor 4668 1
! focus 398 7 330 1 284 1 416 1 393 2 285 2 216 1 271 1 282 8 410 1 222 1 496 1 167 1 118 1 165 3 444 2 491 2 162 1 208 1 58 1 246 1 389 1 154 2 90 1 113 1 251 1 147 1 135 1 173 1 12 2 56 3 46 1 7 1
! fuert 3024 1 630 1
! ftest 46 1
! fruit 460 1 258 9 254 2 256 1 211 3 318 5 142 1 237 1
! fayum 4771 3 2882 1
! femur 4781 4 3213 8 2558 1
! flown 3121 1 1096 1 2953 1 2698 1 728 1
! forum 410 1 265 1 56 2 375 1 398 3 321 2 431 1 293 1 337 1 415 1 162 1 393 4 220 1 251 1
! fsanz 3573 1
! follw 3913 1
! fueru 1300 1
! fucus 504 1
! fasnu 1012 2
! franz 403 1 248 3 142 2
! fromt 359 2
! frett 3316 1
! fevot 4697 1
! fiunt 4010 1
! fuiss 503 2
! foxit 4279 1
! fimus 4010 1
! fleuv 798 1
! freut 985 2
! frown 402 1 398 1
! furor 573 1
! fentt 2864 2
! flour 237 1 200 10 14 2
! feutr 799 1
! fizzi 3573 1 2881 1
! folow 1458 1
! fuist 280 2
! fokus 1027 1
! floss 3919 1 3563 6 3541 8 2866 1
! fruor 3376 1
! flott 1199 1
! fewtr 799 1
! fslow 50 3
! faust 2379 5
! fixup 1585 1
! ferox 498 2
! fetus 4775 1 3650 1 3620 2 3013 2 504 1
! fhsst 225 1 93 3 56 1
! fluxo 1106 1
! frost 258 1 142 2
! fuzzi 157 1 50 1 35 1 21 1
! forst 2666 7 2635 1
! fpout 48 1
! foutr 1199 8
! frrst 2327 3
! feroz 4541 2 3024 1
! futur 181 1 494 8 165 1 373 1 166 1 266 1 381 1 428 2 40 1 444 2 491 1 495 2 398 8 498 2 216 1 404 1 307 1 285 8 473 1 379 1 380 1 233 1 427 3 83 3 277 1 177 1 402 1 499 5 217 1 496 2 214 1 308 1 458 1 167 1 218 1 152 1 55 1 434 1 221 1 175 1 142 1 223 1 298 1 154 1 251 1 366 1 131 3 160 3 482 1 12 1 173 2 150 2 139 1
! foutu 1199 2
! fritz 3701 2 2334 1
! fultz 4736 1
! frizz 2200 1
! fababa 2210 2 1591 1
! ffeeaa 467 1 475 1 445 1 438 1
! ffffaa 4463 1 504 2
! fafafa 4159 1 1219 2
! ffddad 168 1
! ffcccc 4012 8 4011 5 4010 8
! ffbdbd 142 1 26 2 6 9
! ffdead 198 4 168 2 147 2
! fcfecc 2585 1 2188 1
! ffdddd 475 1
! ffffcc 1777 2 1580 8 1748 1 2210 1 1405 6 1022 5 1484 1 985 2 1583 1 993 1 1890 1 1200 1 825 3 963 4 1579 9
! farada 2403 11
! ffdfbf 3768 1
! fffaef 2210 2 1591 3
! ffffec 1775 1 1423 1 1418 1
! ffffbe 2007 8
! frieda 3701 1
! felida 2265 1 1979 3
! ffffdd 4014 1 576 1
! ffffde 2007 14
! franca 495 1
! ffffee 4365 1 2210 4 3752 1 3039 3 1919 1 981 1 1016 1 1918 2 1251 1 2631 1 1008 2 977 1 2058 1 1023 1 1254 1 978 1 1024 1 980 1 1010 1 729 1
! ffbfff 2585 15 2188 15
! forbad 4509 1 3663 1 703 1 572 1 571 1
! faffef 2210 2 1591 4
! flicka 4573 1
! fulica 2897 2
! facila 4831 1
! fffeff 3777 1
! ffefef 2210 2 1591 1
! fdsafd 4982 2
! fdgdfg 142 1
! fiance 192 1
! ffffff 369 1 427 2 242 240 223 2 30 1
! fagdei 590 1
! fisica 2985 1
! fanfic 1514 1
! fabali 2897 1
! facial 3757 2 3296 1 4771 1 3759 5 3254 1 1369 1
! fernab 2782 1
! freddi 3462 1 2052 1
! fabian 3701 1
! fysica 112 1
! foliag 4781 1
! fresca 2490 3 1614 2
! fabric 358 1
! falcao 2644 1
! forbid 186 2 160 2
! ferabl 4066 2
! financ 252 1 249 1 141 7
! flechi 809 1
! flagra 4355 1
! frigid 4038 2 2879 1 1431 1
! fadden 4873 1
! flamma 495 1
! findal 2315 1
! franci 9 1
! furnac 4051 1 1311 2 2283 1 1307 1 2952 1 1159 1 1308 4 703 2
! femina 499 1
! frdata 48 1
! feijoa 2857 2 974 3
! feebli 4053 1
! facita 4831 1
! flagel 358 1 230 1 229 1
! fscanf 52 1 48 10
! frankb 163 2
! french 369 3 427 8 404 36 218 1 402 2 403 16 242 1 12 1 398 3 252 1 158 3 157 1 251 4 248 9 56 1 291 1 245 3 199 1 193 2 166 1 25 1 495 2 408 5 173 4 249 2 155 4 243 1 36 1 142 24 373 1 444 2 115 1
! fulara 3347 1
! funcal 4215 1
! fencod 1329 1
! fabula 499 1
! fiscal 2952 1 2717 1 3638 1 2780 1 1916 1 2788 1 1838 5
! flavia 562 1
! fledgl 249 1
! feudal 4790 11 4648 1 3663 5 3638 2 2340 2 2325 6 4755 1 3017 1 722 2
! facula 4999 2
! ferina 2897 1
! fijian 621 1
! finnic 1059 2
! fragen 2782 1 2106 1 1513 1 825 1
! fromag 3921 1 796 3 4014 5 724 2
! formed 2840 1 2732 2 2322 2
! franck 4694 1
! frisbe 4038 1
! friend 400 2 435 2 482 3 428 1 221 1 290 2 176 1 223 1 499 1 405 1 404 3 498 3 393 1 398 6 444 2 392 1 208 1 253 2 249 1 427 1 192 1 51 5 166 3 307 1 190 1 284 2 237 4 375 1 328 2 402 4 496 1 167 1 406 4 265 1 173 1 242 3 199 1 50 1 379 1 142 1 160 2
! faberg 4760 1
! fibula 2558 1
! ferenc 4066 1
! finali 4958 1
! falsch 2232 1 1686 1 1489 1 1200 1
! faarao 1267 1
! fedora 3936 1 3541 6 3996 1 3402 2 4000 4 4693 1 3974 1 3399 1 3291 1 3457 1 2905 1 2379 1 3171 1 2637 2
! feeder 229 2 226 1
! fletch 1864 1 1029 1
! fragil 4648 1 2874 1 2471 2 2872 1 2443 1 3965 1 2403 3 4688 2 2279 1 739 1
! freeli 417 1 277 3 397 2 331 1 232 1 278 1 223 1 453 1 16 1 266 1 220 1 152 1 149 2 202 2 113 1 389 1 158 1 123 1
! ftplib 3224 1
! fuerai 1434 1
! fritag 4427 2
! fajita 2360 2 1612 2
! facual 253 1
! fitnah 1134 1
! furcif 2874 1
! fungal 1145 5
! fellig 4031 1
! faager 56 4
! formic 465 1
! fangen 1513 1
! formfe 48 1 47 1
! finden 1200 1 1178 1 2782 1 967 1
! fluenc 1025 1
! falopa 242 1
! febmar 4760 1
! fluffi 398 1
! fujian 2928 2 2340 1
! feroci 498 2
! freckl 2471 2
! failli 824 2
! faceti 4072 1 4063 1
! falsif 2890 2 2215 1 1114 2
! farlig 4690 1
! faunal 4780 1
! ferric 3447 1 506 1
! finita 495 1
! formid 499 1
! funkcj 1107 1
! footag 3059 1 739 2
! felber 2521 1
! frugal 4368 1
! fehlen 1513 1
! fricat 405 8 193 3
! franco 249 4 173 1 56 1
! foobar 427 6
! fornic 504 1
! famili 402 1 198 1 396 2 373 3 400 2 331 1 328 2 249 4 111 1 223 1 192 1 307 1 142 4 447 1 171 1 222 1 398 4 30 1 265 1 210 1
! frizbe 2817 1
! farfar 4573 3
! freien 1066 2
! flashi 3059 1 1078 1
! fodder 3979 1 3923 1 1848 1
! forani 3936 1
! fallen 405 1 379 1 373 1
! familj 4690 1
! ferkel 972 2 963 2
! foobas 4715 2
! fiasco 1306 1
! freder 4766 1
! fusang 2882 1
! fudbol 2007 1
! fubini 2888 1
! fundar 1431 1
! fennel 3284 2 4174 2 3231 1 3781 1 2560 2 2471 2 979 2 1727 1 2200 2 2914 1 1902 2 2247 2
! fruend 3376 1
! flammi 4355 1
! franki 136 2 113 2
! fosdem 3449 3
! formal 499 2 279 2 491 1 458 10 251 1 404 4 496 1 398 5 288 5 265 1 495 2 260 1 166 8 379 8 318 4 229 1 276 1 108 1 249 1 202 1 410 1 292 1 198 2 57 1 371 8 183 1 254 1 160 2 27 15 142 3 447 2 165 1 24 1 131 1 7 1 148 2 54 1 56 1
! fuesei 1434 1
! fender 4113 1 3375 1 2930 8
! fascin 398 1
! fleshi 226 2
! finder 484 1
! farili 3091 1
! fatfre 4251 1 3573 1
! febril 4885 1
! fedren 2631 1
! feeler 4411 1 2222 1 3017 3 1851 2 1885 1 1844 1 1857 3 1842 3
! ferula 499 1
! floral 3638 1 3069 1 1554 1 946 1
! friari 1178 1 967 1
! fueran 1434 1
! fulfil 355 1 222 1 183 4 117 1 115 1 423 1 235 1
! futile 2323 1
! fasili 621 1
! forcep 504 1
! fahren 2246 1 1018 1 985 1 967 1
! frigat 708 1
! folien 2403 1
! fornal 1819 2
! fascio 249 1
! fiesta 280 1 199 5
! fulgen 2274 1
! folder 484 1 398 1 336 2 242 1
! fdsfas 4980 1
! fileio 2319 1
! forese 167 1 160 1
! focker 3345 1 2644 1
! fuseki 3247 1
! figura 4257 1 4239 1
! famill 1177 1 797 8 3965 7 571 1 1044 1 724 1
! forsak 4648 1
! forall 4653 2
! fornam 2048 1
! forman 4254 1
! freund 1808 2 963 2 1330 1 1686 1 993 1 970 2 2246 1 2262 1 810 7 825 2
! fehler 142 1
! falcon 4768 1 3538 1 4697 2 2897 5 3121 1 2896 1
! fesenj 1595 2
! femtan 2634 1
! fibril 359 1
! flickr 4037 2 4033 1
! figlio 4391 1
! facsin 964 1
! fmting 1644 1
! foliat 3751 1
! forego 282 1
! fresco 199 2
! faucet 1980 1 517 1
! funnel 3350 2 3292 2 2462 2 4619 1 4454 2 1159 1
! fertig 1285 3
! freeze 3557 4 3533 1
! findet 1200 1 4268 1 1178 3 967 3
! fclose 52 1 49 2 48 10
! farsan 4573 1
! fluido 4258 2 4256 2
! febrer 3976 1
! farrel 4572 1
! fbound 4715 1
! flipar 1526 2
! finger 224 2 56 1 297 1 7 2
! framer 663 1 648 1 641 1
! filthi 3605 1 1307 1
! frauen 2233 1 1066 1
! fansen 2631 1
! fileno 4350 7 3041 1
! firmli 1445 1
! father 499 1 249 1 482 2 242 2 198 3 498 4 190 2 496 1 12 1
! feloni 702 3 651 3 649 3
! filler 371 1
! flygar 274 2
! forell 2561 2
! fortif 4180 1 3054 1 708 1 572 1
! fragew 2262 1
! friday 404 1 329 1 199 1 482 1 47 1
! fueren 4195 1
! firmar 1526 2
! fillin 3755 1
! fulmar 2897 2
! fuesen 1434 1
! flexem 3978 1
! fedinp 4693 1
! ferrel 3345 1
! formar 4242 1 3402 1
! finnoi 1265 1
! fizeau 4859 4
! fermat 112 1 107 2 67 3
! frothi 3245 1
! fisher 2644 1 1268 1
! faucon 4031 2
! finish 444 3 398 5 288 2 491 1 330 1 297 1 273 1 427 1 266 1 248 1 223 2 163 1 462 1 186 1 142 1 132 2 253 2 207 1 471 1 402 2 57 3 84 1 49 1
! flickt 287 1
! friski 1117 1
! futuna 3163 2
! forsan 1431 1
! functi 57 1
! fingir 1526 2
! ferrem 3529 1
! foound 2210 1
! frigir 2266 2
! flight 402 1 226 4
! fucion 4239 1
! farrar 1864 1
! fairer 1715 1 502 1
! farish 2353 1
! fantar 3025 1
! farvel 2635 1
! feuill 2226 1 1930 2 2124 1 799 1 724 1
! freeuk 2865 1
! formen 142 1
! forger 2112 1
! froogl 128 3
! fishpi 863 7
! frisco 1307 1
! femten 2634 1
! finner 2635 1
! fnlndr 4646 1
! fermer 726 1
! flavin 4760 1 2933 1
! farmer 249 1 243 1
! findex 4694 3 4693 13
! fright 2279 1
! fillet 4846 1 2551 1 3582 1 1697 1
! fraser 4791 1 1084 1
! fasten 2340 1 1592 1 3213 1 3023 1 1533 3
! fooget 4715 1
! forgav 1096 1 954 1 708 1
! frater 499 1
! fudino 2560 1
! fuller 4771 1 2211 1 504 1 3862 1 2327 3 1059 1 1741 2 2323 1 3082 1 1872 1 1762 2 612 1
! frijol 254 1
! fetish 4397 1
! frypan 1938 1
! frezel 3483 1
! fathom 4584 1 4182 1 2327 12 2323 5 2311 2
! fulmin 2881 1
! fisura 3024 1
! fwrite 52 1 48 6
! fuerat 499 1
! flaxse 3620 2 3231 1 3067 2 2308 1
! falter 3265 1 4063 1 573 1
! fossem 2266 1
! fransk 2666 4
! format 398 21 427 1 452 1 123 5 309 1 400 1 423 5 256 1 463 1 6 2 297 1 491 4 265 2 453 2 267 1 231 1 349 1 114 1 211 3 20 1 302 1 270 1 173 2 223 27 417 7 402 3 208 4 305 2 499 4 202 1 177 2 216 2 410 1 158 6 9 1 494 1 397 2 444 5 56 8 150 11 441 2 404 1 113 1 169 1 298 1 251 1 110 1 93 1 46 4 181 1 375 1 84 1 49 4 48 26 436 1 142 23 213 1 25 2 139 2 282 1 47 1 40 2 411 2 120 2 167 5 52 5 51 3 285 1 50 2
! fibers 2558 1
! faggot 242 1 142 2
! faroes 4493 1
! fasion 2215 1
! firmer 4042 1 3778 1 3299 1 1944 1
! flavip 2897 1
! floopi 2161 1
! folksi 4619 1
! froicu 3620 1
! fuerza 142 1
! fussel 708 1
! fvwmrc 2905 1
! fokion 460 4
! forget 393 1 284 3 185 1 254 1 392 1 282 1 120 1 142 1 49 6 222 3 476 2 200 2 46 1
! funish 3920 1
! flakey 2225 1
! fertil 495 1 230 1 226 1 358 1 229 1 251 1 246 1
! fluids 4668 6
! flinti 4072 1 4063 1
! fashon 616 1
! feeney 1872 1
! filter 427 13 229 2 149 1 226 1 56 1 113 1 48 7
! finlay 3501 1
! fatigu 132 1
! futura 1087 1
! floppi 4844 1 4693 5 4498 7 3398 1 4183 1 3677 1 1576 2 1967 1 3936 1 2161 1 3541 1 3403 1 1574 17 2379 1 935 3 2817 1 1782 2 4379 1 1573 1 2905 7
! fremdw 2782 1
! fissil 2952 1
! forgon 2616 1
! frumpi 970 1
! faison 1047 2 939 2 824 1 823 1
! faulti 177 1
! frigor 280 1
! fowler 571 5
! faster 392 1 389 1 251 1 266 1 200 1 211 1 50 1 6 1 380 1 83 1 106 1 54 1
! fflush 186 9
! feisti 1503 1
! fossil 229 3 226 4
! fixiti 4755 3 2327 13 2323 6 1739 2
! flirti 242 1
! footer 158 4 149 2
! foxwel 2883 1
! farnaz 1906 1
! finset 732 1
! formax 46 1
! fronti 4495 1
! fueron 280 2
! fatter 3059 1
! fruiti 3765 1 1729 1 1663 1
! fxhtml 3042 1
! ferret 3601 1 4768 2 3028 1 2443 1
! faruqi 990 1
! fought 249 1
! fetter 1307 1
! fusion 4770 1 3673 1 3059 1 568 1 2323 1 4109 2 1806 2 3120 1 2697 1 3474 1 3468 1 3158 2 3473 2 2110 1 3638 1 4105 2 1614 1 2523 1 2382 3 1140 1 2952 1 1025 1 4697 1 4603 2 1595 2 4999 2 1129 2 1930 2 4053 1 1138 2 506 1 3680 1
! filson 703 1
! fyodor 434 2
! fishey 4180 8
! floret 2090 2 2088 1 2151 1 1421 1
! forens 4733 1 2698 1 1415 1 2334 3 1139 2 507 2
! frozen 139 1
! facult 358 1 142 2
! factor 318 1 260 1 329 1 99 3 398 1 284 1 331 5 246 1 158 9 248 1 342 4 201 1 358 7 217 3 102 2 148 2 113 1 187 1 98 1 6 2 57 3 218 2 211 2 142 1 370 1 41 2
! firent 3965 1
! flatul 200 1
! forgiv 499 1 444 1 56 1 40 1
! frenzi 3059 2
! fuisti 503 1
! floxin 7 1
! fgetpo 1107 1
! flower 471 1 406 7 352 1 242 1 142 2
! factum 4508 1 582 1
! future 150 1
! fuerit 499 2
! flurri 4619 1
! flouri 2093 1 1619 1
! finess 4611 1
! fstype 1574 4
! fluent 499 1 202 1
! fooset 4715 5
! famoso 224 2
! farmor 4573 2
! frivol 1678 3 1585 1 736 1
! foster 220 1
! furent 808 1
! faubus 740 1
! formop 4648 2
! flaunt 3757 1
! fsetpo 1107 1
! faktum 2631 1
! flavor 258 3 200 3 129 1 318 6 142 2 202 2 12 1
! ferrit 4040 2 3666 6
! finest 3028 1 3017 1 4416 1 2865 1 2535 1 2327 6 1492 1 4072 1 2323 11 4063 1 708 1
! fourth 498 1 453 1 123 1 231 1 229 1 163 1 208 1 54 1 499 3 37 1 26 1
! forgot 398 1 330 1 282 1 142 1 441 1 111 1 56 1
! failur 472 2 416 1 251 2 221 1 398 1 200 2 49 1 48 2
! fallow 4748 2 3638 2 920 1
! finiss 799 1
! ferrul 1447 3
! formul 251 1 165 1 83 1 27 2
! filius 3351 1 612 1
! fellow 266 1 176 1 174 1
! fectur 3920 9
! ferror 1107 1
! forest 251 1 142 4 132 1
! factur 814 2
! fewest 3655 1 3466 1 3033 1 1802 1 779 1 1445 1 655 2
! flexor 1162 2
! featur 0 1
! fortit 495 1
! fuscus 2897 1
! factus 612 1
! fixnum 431 2
! fluoro 568 1
! formyl 4537 3
! fslist 1574 2
! famous 482 1 398 1 373 1 224 2
! follow 453 2 458 2 389 1 484 2 110 1 471 1 496 4 353 1 491 1 311 1 405 1 499 1 402 2 472 4 375 1 417 1 223 5 198 1 392 1 383 1 480 1 289 1 373 1 176 3 232 1 158 7 355 1 352 1 330 1 133 1 230 4 427 4 495 5 398 7 201 3 285 2 482 1 385 2 288 3 282 4 379 11 267 3 266 3 460 1 56 7 253 1 447 2 51 5 248 2 237 1 40 1 428 1 224 5 318 8 221 4 21 1 218 1 216 3 202 1 199 1 194 1 391 3 291 1 83 1 477 1 280 4 183 2 173 1 462 1 265 3 168 1 166 5 165 4 260 4 163 2 251 5 154 1 57 4 254 1 157 7 149 2 52 1 249 5 152 1 131 2 423 1 226 1 129 2 12 1 406 6 177 3 374 1 336 3 142 3 242 1 48 15 241 1 244 1 47 17 50 7 150 7 49 12 187 1 284 3 217 1 414 1 123 5 120 2 301 1 498 7 104 1 7 3 342 1 148 6 99 1 193 2 281 3 475 2 278 1 181 4 46 13 404 2 207 9 113 2 160 5 397 2 200 2 6 10 297 3 167 5 162 1 106 1 303 9
! fungus 1902 2 1145 2 1587 2 2875 1 1588 1 1040 2 2015 1 1982 1 508 1 4322 1 504 1 3149 1 1144 1
! festiv 142 1
! faomus 4721 1
! fexist 3913 2
! fautor 504 1
! fuimus 503 1
! fgroup 4748 1
! fervor 3024 1 569 1
! focuss 337 1
! fairus 4348 1 4337 1 4346 1 4335 1 4345 1 4334 1 4342 1 4331 1 4336 1 4340 1 4329 1 4333 1 4344 1 4339 1 4328 1 4338 1 4327 1
! fangyu 3053 1
! fuyasu 1300 1
! frizzi 3019 1
! futuit 584 1
! furtiv 1307 2
! ferunt 4010 2
! fuzhou 2928 1
! fortun 472 1 369 1 261 2
! favour 499 1 242 1 56 1 405 1 40 1
! finput 1560 1
! frantz 1906 1
! futuro 286 1 142 1
! fessus 950 4
! furrow 3025 7 4668 1 1358 2 1356 5
! forput 3149 1
! footyp 4715 1
! fixtur 359 1
! fabacea 2055 1
! formaba 3024 1
! francia 4933 1 3638 1
! fleaban 2471 4
! frigida 2874 1
! fffffff 4694 1
! fallaci 221 7 148 2
! farenda 402 1
! foreach 3041 5 4168 1 4084 2 3479 1 4857 4 3040 1 3438 1 4083 14 1504 1 4655 2 959 2 2318 4
! flteach 1085 1
! findabl 3872 1 1413 1
! flammea 2897 1
! francai 142 1
! firebal 3230 1
! freefal 1506 1
! fonseca 4766 2
! funkcia 402 1
! falafel 2296 2 1419 2
! fashoda 4790 2
! flyback 3267 1
! ftmanag 4693 3
! furnace 4668 1
! flamand 3928 3
! fgdsafg 4981 1
! familia 499 1 198 1
! feasabl 4694 1
! freegam 3495 2
! fluidic 3213 1
! firmaci 4239 1
! florida 375 2 218 2 217 1
! fregata 2897 2
! fimbria 358 2
! friedel 142 1
! formaci 142 1
! financi 398 1 249 2
! freebas 115 1
! fascicl 1162 2
! failsaf 1575 2
! freebsd 484 1
! folgend 1513 1
! forebod 4673 2 1307 1
! fuselag 2882 1
! freeweb 142 1
! finland 252 1 251 1
! fuelcel 2954 1 2717 1
! fuegian 2158 4
! fordham 2865 1 1983 1
! fromaig 4014 1
! fileref 3266 2
! fuchsia 257 1
! firesaf 1821 1
! forcibl 249 1
! fallibl 176 1 152 1
! fakhani 2865 1
! foreleg 2263 4 2114 1
! fuscata 2897 1
! fanatic 3021 2
! flexabl 135 1
! farmgam 2196 1 2195 1
! fancili 4911 1
! feldman 398 1
! floflei 2801 2 2609 1 1778 4 970 2
! freeman 359 1 358 1
! fungibl 4185 1
! finicki 48 1
! filenam 491 1 431 2 267 1 48 6
! feasibl 398 1
! freitag 4586 2 4427 2 3887 4 3729 3
! fractal 4814 2 4748 1 4583 2 4378 2 4610 3 2520 2 4648 1 941 1 2602 1 622 1
! flammif 223 2
! fleisch 3004 1
! fontana 4031 2
! floranc 165 1
! forbear 4038 1 3638 1 1402 1
! funcref 959 1
! fakemap 2293 1
! farfall 2490 3
! farrand 4647 1
! filmmak 1872 2
! fremden 970 2 967 1
! footbal 406 1 403 1 158 4
! freehub 1486 1
! fluenci 373 2
! findfil 3181 5
! freenod 402 1 387 1 169 16
! firefli 4768 1
! feeling 4668 1
! focalin 7 1
! footrac 1425 1
! fragran 1478 2
! freemem 4694 6 1316 2
! fireman 3342 2 3185 9
! falsifi 4748 1 4583 1 2890 4 1585 1 3991 4 735 1 1040 1 589 1 1114 2
! filemod 3041 1
! franska 403 1
! fussbal 2800 1
! faktaen 2631 1
! funcnam 3076 5
! fastcgi 255 1
! factoid 162 1
! ferocem 503 3
! fiefdom 3663 1
! frantic 3757 1 3059 1 2956 1
! fdomain 46 1
! fastidi 2957 1
! fiddler 4292 1
! flannel 1374 1
! florenc 4790 1 4775 8 2015 2 3663 3 1929 1 4749 2 954 2 722 2
! foreman 3394 1 3393 2 3025 1
! fradkin 3014 1
! francio 406 5
! francoi 3145 1 2772 1 2403 1
! frankel 184 1 142 1
! funfact 330 1
! facolta 4065 1
! formado 4242 2
! freakin 142 1
! fichier 1574 2 1044 1
! flander 4496 1 1460 5 1459 1 1503 2 1458 1 1710 1 1457 1
! fequenc 4490 1
! fancier 2341 1 4487 1 1612 1
! freedom 413 1 406 2 186 1 331 1 246 1 290 1 202 1 165 1 226 1 249 3 150 3 151 1 243 2 342 2 204 1 149 1
! familar 120 1 108 3
! foramen 4781 1 2558 1
! familli 1059 1
! franken 3004 1
! fishman 1186 1
! flechir 809 1
! flexibl 406 1 226 1 379 1 265 2 158 1 229 3 427 1 266 1 46 1 359 2 7 1 142 1 47 2
! flicker 3267 2 2327 2 2323 4 2260 1 1880 2
! frances 403 1
! fremder 970 1
! fantail 2896 3
! fontenc 142 1
! fiedler 4624 1
! fagioli 1441 2 2159 2 1964 2 1419 2
! famital 3965 1
! faraday 4105 2 3445 1 3541 1 3196 1 2816 1 2695 1 2697 2 2421 1 2789 1 2698 1 2684 1 2109 1 2648 1 2650 1 3731 1 2949 1 2751 1 2595 1
! fstream 51 2
! flakier 1604 1
! frisian 2561 3 1503 1 1458 1
! firemen 3342 1 3185 1
! fredrik 398 2
! fiercer 1166 1
! foreign 482 3 337 1 222 2 410 1 421 1 214 1 499 1 405 1 358 2 473 1 285 6 379 1 371 1 282 2 276 2 251 2 56 1 338 1 291 1 223 2 173 1 142 1 166 1 232 2 373 1 116 2 248 1
! fullfil 221 1
! fimtigi 2634 1
! flinder 2883 2
! flagrar 4355 3
! florian 3701 1 2802 1
! fischer 7 13
! fullnam 1652 6
! frosina 4978 3 1954 3
! foskarg 4066 1
! fallait 822 3
! fugerem 3376 1
! factual 221 3 460 2 383 1 163 1 494 1 142 1 162 1
! faculta 583 1
! fellini 3350 1 1872 1
! fengsel 2631 1
! feugiat 3844 2 3843 2 3841 2 3842 2 3837 2
! firmita 583 1
! flaxman 504 1
! florear 242 1
! folktal 4754 3 4671 2
! fendler 2471 4
! fullfat 2096 1
! firewal 4693 1 3363 2 3541 1 3684 1 3171 1 1491 1
! ffilesi 4693 1
! feather 229 1 226 5
! forseen 4648 1
! fatigue 4668 1
! fernseh 2317 1
! firearm 4066 1 1624 2 3098 1 708 2 648 1 4454 1 504 1
! fisheri 3582 1 3096 1 1991 1 1040 1
! fixedsi 4388 2
! flatpod 2471 2
! fluides 4668 2
! forgeri 4760 1 3228 1
! fortifi 3620 3 3023 1 708 1 2875 2 3339 1 1161 1 3450 1 722 1 572 2
! femenin 290 1
! feugait 3844 2 3843 2 3841 2 3842 2 3837 2
! flowerb 2881 1
! flexcat 4694 12
! favicon 2688 1
! fontnam 4279 1
! fluorid 27 2 6 1
! foretel 4066 1
! forfait 3920 2
! forward 369 1 342 6 321 1 295 1 427 1 174 1 284 1 491 2 154 1 285 1 142 1 96 1 6 1 336 1 83 3 359 1 18 1 7 1 444 3 398 1 56 2
! foundat 4 10 3 1
! freight 1307 1 733 1
! fresnel 112 1
! formula 3 1
! firmeza 3499 2
! floreat 502 1
! flufier 1644 1
! farewel 371 1
! forearm 4454 1 3759 1 3025 2 4720 1 2014 1 2998 2 4066 1 1591 1 1162 1
! fantasi 142 1
! fruendo 3376 1
! freenet 398 1
! forceon 2214 2
! flemish 4766 2 1986 1 1816 1 1457 3
! feynman 1585 3 3312 1 1872 1 4040 2 4678 2 2698 1 1203 1
! feminin 495 1 290 11 496 23 166 2 254 1 307 1 406 1 498 11 168 5
! fincion 4239 2
! finalis 427 1
! fishoil 3620 1
! freewar 4740 1 3260 1 3020 1 4906 2 4279 1 1834 2 3483 2 1591 1 3456 1
! fusilar 1526 2
! facilit 415 1 358 1 174 1 398 1 211 1 221 4 131 1
! faisait 3965 2 807 1
! frailti 4062 1 828 1 3544 1 504 1
! faassen 3151 1
! freopen 1107 1
! futhark 2902 14
! fresher 3954 1 3414 1 2698 1
! founder 416 1 201 1 244 1 309 1 56 2 11 1 10 2
! foodsub 2025 1
! fasting 4668 1
! fusilli 2490 2 1441 2
! frontal 4648 1 4634 2 2804 1 2882 1 987 1 708 1
! freedos 1361 3
! finnish 444 1 160 1
! fortold 2871 1
! foregon 3013 1
! filaret 3751 1
! findlay 3449 1
! foothil 2327 1 703 1
! forfeit 3979 1
! funcion 142 1
! fricass 1930 2
! fuistei 280 2
! faillir 824 1
! fascism 251 5 249 3 243 1
! fuchsin 257 1
! formeln 1513 1
! ftsmann 970 1
! fashion 375 1 165 1 149 1 398 2 57 1 123 1 183 1 51 2 392 1 47 3
! feesten 1986 1 1772 2
! failure 4668 1 1106 1
! fighter 739 1 2698 2 733 1 708 1 2882 1 572 1
! foundri 3063 1 1307 5
! februar 4586 1 3887 4 3729 2
! filosof 142 2
! flatten 397 1 123 1 359 2 109 1
! fromund 1069 1 961 1
! fidonet 3436 2
! fictiti 4649 1 4766 5 4066 1 4026 1
! flotsam 2463 3
! fopperi 4066 1
! friteri 4198 1
! faction 249 2
! farther 444 1 129 1 106 1
! fortiar 1431 1
! foolish 256 1
! flyfish 1978 1
! flapper 736 4
! fjortan 2634 1
! faillon 824 1
! frommer 4616 1
! freshdv 3945 1
! fprintf 472 1 52 1 48 14
! faculti 398 1 231 1 230 1 142 1
! fortuna 4012 1
! factori 445 1 359 2 249 2 246 1
! fiction 434 3 152 1 142 2 113 8 151 1 221 1 56 2
! fmemori 4694 1
! feature 1504 2
! feedlot 2023 3
! fraught 4038 1
! frumkin 2403 1
! ferenti 3376 1
! figuren 3592 2
! faillit 824 1
! fluctat 2698 1
! folkblu 2964 6
! fareast 3016 1
! falsiti 3328 1 1040 1 936 5
! foswiki 1189 1
! fortran 396 1 278 1 265 2 397 5 277 2 142 6
! formlin 3041 1
! floweri 2323 5 1884 4
! freezer 3738 1 4368 1 2652 1 2360 7 2171 3 2105 1 2093 1 1921 1 2202 1 1619 1
! fermion 2695 1 2190 3 2104 1
! flipper 2158 2 1199 1
! fainter 2939 1 3755 1 2875 1 2327 1
! ferraro 4859 2
! fibrosi 142 1
! filtrar 3024 1
! foppish 4066 1
! fraudul 398 1
! furnish 3921 1 3920 3 3025 1 3023 1 1044 1 3002 1 3026 1 4038 1 2872 1 2327 1 651 1
! fipspub 1186 1
! fuerant 499 1
! finitud 4648 1 4582 1
! fratern 4094 1 2865 1 1628 1 736 1
! filebox 4870 1
! florish 2205 1
! falloir 822 1 824 1 814 1
! fuction 3808 1 1829 1
! faillez 824 1
! firmino 2644 1
! fjorten 2634 1
! flatter 467 1
! fluidum 1398 1
! foresaw 719 1
! fourier 261 11 107 3
! festakt 3026 1
! firepit 3243 1 1671 1
! faraway 3003 1 2977 1
! fearsom 3025 1
! figurin 3002 1 3530 1 2875 1 2340 1
! freqent 3751 1
! firebox 3185 30
! freeway 1762 2 1741 2
! fmccown 2681 2
! filtrat 3789 45 1159 2 506 6
! foghorn 47 1
! flexion 494 1
! ferment 358 2 211 1 200 2
! firmwar 3511 1 3945 1 3495 1
! fascist 251 2 249 4
! frought 4619 1
! fission 358 2 355 1
! fluorin 453 1 354 1 294 3 27 4
! foocorp 3436 1
! forword 3266 1
! familiy 2711 1
! fnarray 46 1
! fermium 2585 1
! functon 3790 5
! farbror 4573 2
! firefox 417 2 157 3 216 2 169 1 163 4 115 1
! folklor 434 1
! fillmor 829 2
! firewir 4498 3 3944 1 1574 1
! funtion 458 1
! fatless 1947 1
! frequet 142 1
! foxjwil 398 2
! fassent 4184 1
! fusebox 3267 1
! fenster 1513 3
! fairest 4760 1
! fadeout 2698 1
! fantast 56 1
! formatt 150 2
! fulcrum 4648 1
! fillett 724 4
! fritter 3510 1 3230 1 2550 2 1595 2
! farinto 2162 1 1902 1
! functor 732 3
! fauvism 4761 1
! fervent 244 1
! fitness 2366 1
! fullest 4368 1 2535 1 1740 2 2323 5 2327 12 1186 1 1769 1 2215 1
! forster 2897 1
! fremont 2879 1 574 1
! fluster 1311 1 1308 1
! fewness 4668 1
! fullurl 419 1 272 1 160 1 41 2
! fortass 3529 1
! flutter 4063 1 3780 1
! fractur 4696 3 2798 1 2443 1 2014 14 3620 2 2388 1 1161 2 504 1
! favorit 249 1 417 1 222 1
! frustat 2327 1
! flokkur 4917 1
! foovers 4715 1
! foresto 4831 1
! filburt 1869 1
! fastest 336 1 220 1 169 1 142 1
! fortior 4012 2
! ferimus 4010 2
! fructos 258 1 7 1
! festivo 3024 2
! foodnut 3620 1
! ftsleut 1330 1 1200 1 993 4 1777 1 985 1 963 2 918 2 970 1 825 1
! foldout 3751 4
! firepow 708 1
! forrest 708 1 4903 1 3462 1 1872 1 709 1 593 1
! freetyp 265 2
! filetyp 4693 3 4385 3
! fibrous 466 1
! fittest 4752 1
! fallout 4859 1 2698 2
! forsyth 1718 2
! footnot 444 1 43 1 417 1 56 1 113 2 88 1
! futuuri 4831 2
! flavour 3800 1 4303 1 4198 1 4869 3 3652 1 3311 1 4289 1 3302 2 3092 1 1964 2 4361 1 2493 2 2105 4 2916 1 3231 2 2922 1 2921 3 975 1 2915 1 1604 1 2380 1 2758 1 2918 1 2730 2 2327 1 2323 1 2256 1 3025 1 1958 1 1473 3 1723 1 2179 1 2463 2 2087 1 979 6 2046 2 1608 1 1937 1 1404 2 1695 1 3579 1 1930 1 1471 1 1612 1 2972 1 3069 2 3393 2 3781 1 1938 2 1609 1 4882 1 1681 1 2920 1 1478 1 4132 2 1901 1 1619 2 2154 2 1921 1 1922 1 4430 1 2490 3 1409 1 1351 1
! fluxbox 1575 1
! furious 4826 1 1308 1 4062 1 1307 1
! foodtyp 2669 20
! fortuit 4584 1
! fuerunt 499 1
! furthur 950 2
! fortius 4012 1
! fleurus 3054 1
! ferrous 358 1
! frustum 504 1
! frobozz 4715 1
! fabaceae 1752 1
! fitzroy 3900 3
! focaccia 3231 2 2159 4 1595 2
! feedback 499 1 223 1 491 1 216 1 211 6 398 4 402 1 171 1 56 2
! forehead 221 1
! farmacia 4391 2
! fffffffe 4279 1
! flamenca 3282 1
! fallback 4693 2 3098 1 4715 1 2680 1
! fileread 2840 2
! farreach 2327 1
! flagimag 2522 6
! faradcap 2403 1
! flagella 359 9
! flanagan 431 1
! fietband 1445 1
! frikadel 3413 2 2085 2 1595 2
! freelanc 4786 1 3822 1 2183 1
! freeload 3462 1
! flammabl 123 2
! fredbaud 1684 14
! flapjack 2057 2 1619 2 1438 2
! fraglich 1736 1
! fdsafdsa 4983 2
! frigaria 974 1
! furigana 373 1 282 5
! fireplac 3017 1 703 1
! faciebat 582 1
! freebodi 2710 1
! findaddr 4694 1
! fragranc 3025 1 4198 2 2323 1
! falkland 1310 1 1307 2 1308 9 2158 4 1311 7 1306 5
! freesoda 4405 4
! fredonia 709 1
! forcebas 4715 1
! forebear 3450 1
! freedman 3213 1 2092 1 709 2
! ficedula 2897 3
! filespac 4870 1
! fredrich 2883 1
! faciligi 402 1
! fieldfar 2897 1
! friedman 4508 1 1627 1 4300 1 1070 2
! functabl 4715 4
! flatland 4648 2
! formalid 3266 2
! fabricar 4257 1
! fairbank 829 1 736 1
! freiberg 2578 2 1203 3
! freepasc 116 1
! farmland 2340 1 708 1
! felicita 224 2
! foghlaim 4909 4
! fantasia 4748 2
! flycatch 2897 7
! forelimb 4771 1
! freemind 3480 2
! ftiercel 1365 12
! firebird 2930 1 1747 1
! facultad 4239 1
! freedmen 4416 1 709 6 708 2
! feinberg 593 1
! freerang 2052 1
! fuzheado 2152 5
! flonejek 189 2 56 2 40 12
! funciona 56 1
! freudian 2334 2 1983 1 1720 1
! fstrechi 2394 1
! fraenkel 4696 1
! friendli 165 1 46 2
! freidora 3230 1
! fireteam 3342 1
! freedict 2328 2
! fivefold 1166 1
! federico 4648 1 1872 1
! forefing 3220 1
! fotograf 224 1
! francais 1085 2
! fruitcak 4869 1 2561 1
! firstaid 1978 1
! filelock 4715 1
! forefath 2327 1 4105 1 2323 2 3023 2 1879 2 2879 1
! frequeci 1016 1
! footbind 3650 1
! flamenco 3759 1 2935 3 3282 2 2927 1
! fundirla 4827 1
! facebook 1329 1 1047 2
! familiar 233 1 427 2 160 2 298 1 204 1 175 1 214 1 496 2 167 4 41 1 229 1 293 2 132 1 223 4 131 1 104 1 57 1 265 1 47 1 369 1 56 1 122 1 263 1 498 2 166 2 398 2 444 1 48 1
! feminine 1807 2
! freeshel 3683 1
! franzboa 4733 1
! fernbird 2896 1
! fantasma 4495 1
! folkpick 2935 4
! ftdichip 4835 1
! francesi 4933 1
! fototagg 4033 2
! finlando 4831 1
! fleminra 2372 4 2367 1 2329 2 2003 2
! futurama 1872 1 1870 2
! fernando 429 2
! friender 242 1
! frederik 3701 1
! freshman 4 1
! familair 2882 1
! floodgat 2956 1
! fordernd 1736 1
! fuligula 2897 1
! frequenc 131 1 106 10 95 9 40 4 84 1 105 1 36 2 495 1 104 2 259 1 98 2 67 1 21 1 100 4 97 1 237 1
! facelift 4693 2
! filepath 4874 2
! fletcher 3872 2 3055 3 4873 2 1008 1
! forcetoc 3231 1 2330 1 1338 1
! foreseen 4673 1 2881 1
! freunden 2262 1 810 1
! frutilla 254 1
! forsaken 3663 1
! fakenumb 3334 5
! funambol 2321 3
! freebook 2314 1 1071 1
! flattend 4694 1
! fputchar 1107 1
! fluffier 1671 1
! facsimil 309 1
! filelink 1222 2
! fastgrid 2295 1
! fauxlang 4618 2 4616 2
! forsberg 3872 2
! franchis 4616 2 3009 2 2669 3 2247 1
! flywheel 4408 1 3666 4 4377 1 2952 1
! foreward 221 1
! frontend 4694 1 3416 1 1782 1
! flygplan 4690 1
! flashier 4707 1
! flushfil 4279 2
! frontpag 216 2 121 1
! frontera 3024 1
! fourfold 2865 3 2323 4 4582 2 1882 2 1166 1
! facilisi 3844 4 3843 4 3841 4 3842 4 3837 4
! frittata 1661 2
! faciliti 4668 1
! flamingo 4768 1 3257 1 2130 1
! forktail 2874 2
! freewiki 2539 2
! factbook 1186 2
! freundin 2227 2 985 1 810 1
! farmyard 3025 2
! fengslen 2631 1
! fulleren 4051 1
! frighten 3025 1 3342 1 2765 1 787 1 3350 1 2881 1 1591 3 740 1 3017 2 2092 1 1311 1 1526 1
! fiftieth 733 1
! foothold 4416 1 3026 1 1880 2 3574 1 2323 3 722 1
! foncaonn 3965 1
! fortunec 2865 2
! funerari 3055 1 3025 1
! franklin 251 1
! finalize 4550 1
! feburari 398 1
! februari 499 2 428 13 167 17 402 5 427 30 421 1 398 2 492 5 50 3 473 2 285 5 216 1 404 1 441 1 253 1 249 1 330 1 142 1 208 22 90 1 251 2 223 1 458 1 397 5 491 3 190 2 56 3 177 8 135 1
! fishpond 2881 1
! flamewar 1059 1
! frankish 3663 1 3638 7
! freiburg 4414 1
! fridolin 3701 1
! fundrais 417 2
! firmware 4498 1
! findtask 4715 1
! foretold 3663 1
! fluiditi 364 1
! ftiyemen 2865 1
! floatval 48 1
! flatfrog 4500 1
! faudrait 4684 1 4140 1
! filiabus 561 1
! fluoresc 3267 6 2830 1 2698 10 2541 2 1139 1
! fabiform 2098 1
! fastigio 583 2
! fauconni 4648 1
! fruitfli 4582 1 2164 1
! fullbook 593 1
! filmgimp 1782 1
! flugonta 4831 1
! foodcomp 3152 1 2724 1 1186 1
! fishmong 798 1
! forestal 4066 1 1471 1
! femminin 4648 1
! finishin 120 1
! fantappi 4648 1
! furrykef 4685 2 4545 1 3525 6 3481 2 4096 2 3268 2 2965 2 2957 2 3394 4 3187 1 2956 2 3265 6 3047 2 2507 1
! flounder 398 1
! flagrant 221 3
! fieldset 4463 1 3906 1 2732 1
! filament 359 17 352 1 358 1 38 4
! forecast 4582 1 4483 1 3021 1 2864 1 2182 1 3363 26 4584 1 739 1
! fountain 2865 1 3592 1 2327 1 2323 2 733 1 1492 2 1307 1 740 1 2210 4 1748 1
! fragment 410 2 285 2 292 1 276 1 374 1 24 1
! francium 4053 2 2585 1
! forthcom 398 1 142 1
! febrauri 171 1
! fooupdat 4715 1
! festival 3024 1
! faceless 4673 1
! fragrant 2929 1 1473 1
! fenestra 499 1
! fraction 330 1 7 2 370 1 260 1 148 1 207 3
! fengsler 2631 1
! fusionar 223 1
! ferenczi 4648 1
! fricatvi 4623 1
! fortieth 4859 1
! frameset 2732 3 2605 1 1820 2 2531 1 1186 1
! feedburn 1027 1
! feverish 4583 1
! fishhook 2471 2
! flatteri 4668 1
! flexbook 177 1
! formalit 796 1
! fourneau 1047 1
! forgiven 1096 1 668 1
! firewood 3125 1 3017 1 2952 3
! fourteen 242 1 223 1
! firstnam 3266 19 2753 43 2632 2 1652 7 2521 6 4688 5 2523 18 2128 2 1504 6
! foodborn 4794 1 2049 1
! feminino 3499 1
! fronteau 4697 9
! faillent 824 1
! fishtrap 4454 4
! friction 445 1 438 3 142 2
! fahrgast 2246 1
! facilito 3192 1
! feedster 4405 1 4384 1
! filemenu 3181 1
! flaubert 434 1 142 2
! fractori 1771 1
! futuuria 4831 1
! filiform 3153 2 2114 2
! flatbush 4066 1
! flygplat 4690 1
! flowpath 2804 1
! footwear 1962 1
! fwappler 3472 1 3470 1
! fyrewolf 190 2
! filipino 2023 1 735 2 4731 1 3101 1 621 1
! funkctio 142 1
! foreclos 4582 1 593 1
! fengslet 2631 1
! fluentli 393 1 222 1
! faktoren 2782 1
! figureti 242 1
! fonction 142 4
! furofuki 4251 2
! firedoor 3185 1
! feckless 703 1
! fdevelop 4694 9
! favorite 4668 1
! fauteuil 1047 3
! facultat 142 1
! ferrugin 2897 1
! fiercest 2323 1 1166 1
! foreword 4765 1 4392 2 2714 1 2530 1 3055 2 2502 2 2288 1 1368 1 2283 1 3847 2 881 4 810 1 4510 1 2279 1 1894 2 619 2
! farolero 3592 2
! fernwood 4528 1
! fafooter 2863 1
! filedown 2403 1
! fileutil 4694 1
! findfont 4279 2
! freeness 4066 1
! function 331 11 359 19 265 14 447 4 355 3 370 1 373 2 396 1 493 8 255 2 349 7 181 18 472 15 369 26 465 3 174 1 480 3 133 1 330 5 427 2 230 3 289 1 95 2 292 6 356 2 453 1 121 4 318 62 295 6 391 1 491 2 294 5 103 6 300 1 200 1 397 11 297 1 285 5 464 2 267 6 364 2 366 1 463 1 266 15 263 3 358 5 261 4 458 10 260 44 231 2 226 2 423 1 229 4 227 2 216 1 402 1 208 6 207 2 186 3 204 1 201 2 398 2 298 7 495 2 107 1 104 2 123 1 120 30 211 6 117 1 210 1 116 5 108 6 157 1 57 196 277 2 83 2 177 3 50 47 444 6 56 3 150 1 52 4 135 1 232 4 329 1 235 1 38 1 41 4 47 20 96 1 49 79 48 60 142 5 115 1 21 1 46 76 184 2 281 2 28 2 431 2 43 1 31 4 419 1 51 73 148 51 54 15
! formulas 4051 1
! frontier 40 2
! funstuff 148 1
! flippant 3673 1 1307 1
! forewarn 3016 1
! fossolog 4694 1
! flameway 3185 1
! freizeit 4586 4 4427 7 3887 23 2317 3 2800 3 3729 3 3004 1 2264 2
! freshwat 359 1
! filetool 4693 1
! fearless 4072 1 4063 1
! fxcuisin 1928 1
! forsteri 2897 1
! fakelist 3334 6
! finalist 177 2
! floordiv 3334 1
! fraglist 4693 1
! framenup 4279 2
! frazzyde 2207 4 2175 2 1406 12
! fusiform 1162 1
! frostbit 3813 1 3125 1 2014 2
! focustki 2715 1 2180 1
! froghopp 2114 2
! foomonth 590 2
! favorski 4696 1
! funzioni 1107 2
! fatalist 491 1
! froggyfr 950 1
! forcipul 3127 2
! fertilis 3751 1 2914 1 1967 1
! freelist 4147 1
! flammeus 2897 1
! foucault 1872 1
! funktion 4831 1 1513 1
! farragut 708 1
! flourish 246 1
! fortiori 4584 1 4582 2
! failliss 824 1
! fenestri 4831 1
! flagston 2879 2
! fluctuat 107 1
! forwardx 3171 1
! factoris 2889 1 1107 1 1391 4 936 1 2841 2 1389 4 644 3
! flawless 4821 1 3720 1 3283 1
! fiawless 2323 1 1881 1
! freeserv 2865 2 1426 1
! fruition 208 1
! features 2865 1
! farolito 3192 1
! flatness 4668 1
! funnythi 142 1
! forevent 4356 10
! faktumet 2631 1
! formulax 262 2 187 2
! forestri 4672 2 2037 2 2875 1 2952 1 1978 4 570 1
! farthest 94 1
! favourat 2783 1
! formless 2327 2 2323 1
! frequent 472 1 387 1 251 1 298 1 301 1 25 1 260 1 398 1 373 1 212 1 24 2 447 1 56 1 332 1 222 1 129 1 176 1 54 1 336 2 123 1 200 3 131 2 142 1 211 1 6 1
! fiberopt 2767 1
! feminist 2881 1 4528 2 3193 1 708 1
! flatlist 2226 6 2057 3 1419 14
! fephisto 398 2
! finisson 823 1
! firstsep 1738 2
! footstep 3772 1 3455 1 2279 1 4116 1 2323 1 3023 1
! forsooth 1165 1
! funereus 2897 1
! frontcov 3296 1
! forerunn 4583 1 3025 1 3021 1 2949 1 1764 1
! filibust 653 4 641 3
! furthest 3638 1 3023 1 1448 2 1426 1 3026 1 1165 1
! ferguson 114 1 19 1
! frenulum 2273 1
! fuscatus 2897 1
! futuriti 4668 1
! furlongw 4693 1
! fabartus 163 4
! factious 3 1
! frustrat 499 1 444 1 263 1 253 1 132 1 56 1 380 1 160 1 40 1
! fulmarus 2897 1
! firstkey 4083 2
! foremost 3 1
! fautress 504 1
! flatworm 231 5 229 3
! frametyp 3266 2
! fmoinsun 142 1
! finissez 823 1
! furcisqu 583 1
! frequenz 2403 3
! foodstor 798 1
! futuurin 4831 1
! freestyl 1429 2
! fortress 3054 4 2340 1 3026 3 571 1
! flophous 1307 1
! favourit 396 1
! fostress 504 1
! fullstop 3264 1
! fulltext 145 1
! furnitur 242 1
! functtwo 3790 3
! futurist 249 1
! followup 4372 1 679 1
! facilidad 4281 2 4203 2
! fsdasfadf 142 1
! fghgfdhfg 142 1
! formicida 2114 2
! fibonacci 3698 1 3687 2 2341 5 2583 1 1771 3 1804 2 1099 1 1253 2 668 1
! flatbread 3552 4 3105 1 2918 2 3231 1 2911 3
! fregatida 2897 1
! ferdidand 4790 1
! freebasic 115 1
! fernindad 1411 1
! falconida 2897 2
! fragrance 4668 1
! forseeabl 4572 1
! fulicaria 2897 1
! fullfledg 593 1
! flashcard 284 2 113 3
! forbidden 173 1 135 1
! forkbeard 2855 1
! fibonnaci 3040 1
! frenchifi 4066 1
! friedrich 12 1
! ferdinand 248 3
! flockmeal 656 2
! filehandl 255 1
! firsthead 4463 1 3768 1
! fairchild 3202 1
! flughafen 967 1
! framebuff 4791 1 4748 1 3293 1
! fitgerald 4859 1
! forwardag 3171 1
! frikadell 3554 2
! fiordland 2896 3
! fourmilab 2738 1
! flagstaff 2871 1 2006 1
! freudlich 1461 1
! frontenac 571 2
! frederick 3026 1 2784 1 2783 1 593 1 736 1 709 1 4790 1 4647 1 4031 2 708 1 829 1
! funeraria 3024 1
! forcemeta 2371 2
! fallacies 2323 1
! flowerlab 949 1 946 4
! fringilla 2897 2
! frenchman 3393 1 2666 1 641 1 570 1 1199 1 569 1
! folgenden 1514 1 1513 3
! fishingmb 1978 1
! focuslamb 2172 1
! friedhelm 3701 1
! foundedin 2327 1
! freewheel 56 1
! fretboard 4096 1 3046 6 4113 1 3957 1 3283 1 3375 5 3265 2 3241 1 3234 5 4171 1 2998 1 2939 3 2951 2 2930 16
! fotografi 943 1
! forebrain 4584 1 4582 3
! frangipan 1924 2
! fregadero 280 1
! frenchmen 2882 1 3054 2 2779 2 728 1
! fortleben 3026 3
! fuscescen 2897 1
! firewheel 2471 1
! francesco 4790 2 4775 2 3635 1
! freestand 3059 1
! freshigar 4831 1
! familiari 2897 1
! fingiendo 1518 1
! fruitbear 142 3
! firsthand 3002 1
! familliar 1747 1 1459 1
! fenugreek 2913 3 3105 3 2560 4 4174 2 979 2
! firstgrad 3714 1
! fletcheri 2874 1
! fleischer 736 1
! fammiliar 2539 1
! flastchar 3978 28
! fastidiar 1526 2
! frequenci 4668 1
! fabricant 4175 1
! falsehood 383 1 242 1
! francisco 358 1 359 1 249 2 150 1
! frenchtoc 824 1 823 1 812 1 822 1 821 1 820 1 819 1 808 1 818 1 807 1 806 1 816 1 805 1 815 1 804 1 803 1 802 1
! filipstad 954 1
! figuerola 142 7
! felicitar 1526 2
! fernsehen 4427 1 3887 2 2317 2
! fetchbook 444 1
! freshmeat 4748 1 4694 1 4826 3 3541 2
! firefight 708 1
! floorspac 4889 1
! franklini 2874 1
! fairhaven 4066 1
! farenheit 4526 5
! flageolet 3265 1
! frutescen 2096 2
! fryingpan 1394 1
! feddersen 1594 1
! fettuccin 2490 2
! factsheet 3620 1 2118 1
! familylif 1978 1
! farfallon 2490 1
! fishspear 4454 1
! franziska 3701 1
! fruitminc 1730 1
! fishermen 2119 1
! fiodaliso 4208 1
! floatleft 4463 3
! formateri 3149 1
! freighter 1308 1
! fumipenni 2874 1
! fifteenth 249 1 223 1
! fundament 284 2 398 2 298 2 265 1 281 1 267 1 175 2 246 1 499 1 223 1 249 1 231 1 184 1 181 1 148 1 54 1 133 8 52 1 121 1 84 2 47 1 94 1 232 2 142 5 48 1 165 1 50 2 303 2 21 1 36 3
! fuckstain 142 1
! fernandez 4541 1 1906 1
! fuenfzehn 2800 1
! fretstick 3265 1
! folksprak 621 1
! flamefest 163 1
! fondement 142 1
! fastbounc 2295 1
! facilment 56 1
! flagellum 359 5
! forschung 142 1
! funciones 4250 2
! fundement 3565 1
! fastigato 583 1
! firmament 4892 1 1096 1
! francuski 403 1
! foresight 2327 2 4668 1 2323 6 1740 2
! franction 903 1
! falgellum 359 1
! fundiment 3944 1
! fatalment 3499 1
! formalism 142 3
! foodstuff 3152 2 3590 3 2171 2 2331 2 4023 3 733 1 2049 2 1959 1 3067 2 2194 2 3339 2 2023 2 2674 2 2909 2 2675 2 2440 2 2200 2 2952 1 2197 2 2151 2 2156 2 2018 2 2115 2 4028 3 1991 2 2088 2 3543 2 2360 2 2166 2 2025 2 979 2 2107 2 3659 1 1993 3 2090 2 2672 2 2296 2 1902 2 2087 2 2698 1 1973 2 2051 2 2713 2 1937 3 1958 1 2027 1 1935 3 3302 2 974 2 1471 1 3069 3 1964 2 1619 1 1938 1 1934 2
! flowchart 3746 2
! fenoxielo 287 1 223 2
! frameless 158 3
! fireproof 4565 1
! faculties 4668 4
! formattar 1000 1
! fortament 142 1
! fevereiro 4107 1
! formtween 216 1
! formation 4668 2
! fortuneat 1509 1
! frequenza 1632 1
! fragmento 223 1
! flatterer 4668 1
! fakultesi 4697 2
! febrifugu 4208 1
! filozofio 4831 1
! flavifron 2897 1
! fortnight 2723 1 1314 4
! frustract 1307 1
! flashdriv 1821 1
! firstnumb 4330 4
! florentin 4790 3 4775 3 2652 1
! fingertip 4088 1 2998 1 3375 1 2935 3 4303 1 2939 2 3759 1 1306 1
! fonctionn 1044 1
! firecrest 2897 1
! foolproof 4821 1 1633 1 869 1
! floatvalu 3363 1
! faithless 2327 1 2323 1 1653 1
! frontiero 4831 1
! forgotten 417 1 284 2 135 1 131 1 26 1
! franzosen 3004 1
! frostburg 9 2
! futurolog 1837 2
! firstvari 4998 5
! framework 398 2 359 1 484 2 253 1 329 2 285 1 131 7 366 1 25 2 265 3
! formazion 4097 1
! frankfort 1007 1
! felizment 166 1
! fruitwood 3393 1
! firstborn 3025 1 2882 1
! foundress 504 1
! forthwith 1165 1 985 1
! futhermor 517 1
! fecerimus 584 1
! forefront 249 1
! fostercov 3708 1
! fullerton 3901 1
! fortissim 4012 1
! formatnum 0 1
! faintness 4668 1
! faultless 2327 1 2323 1
! fantasist 4748 18
! fosteress 504 1
! flybarmut 2610 1
! forfeitur 702 1 649 1
! filsystem 1574 1
! frankfurt 4869 1 3919 1 4582 2 1924 1 4696 1 1891 1 3026 3 2561 1
! fruitless 3047 1 2327 1
! funcgroup 4694 1
! formosior 502 1
! firestorm 3495 1
! flavorsom 4219 1
! firstvalu 4083 1
! footstool 3025 9
! firstlett 3041 1
! footprint 4781 1 4780 2 2403 1 2319 1
! flintston 3462 1
! formatstr 4655 2
! frontrunn 959 1
! formattyp 3363 3
! forumpost 4716 1 4694 10 4693 9
! fructueux 142 5
! fournitur 799 1
! fiddlehead 4530 6 4303 2 1902 2 1595 2 1441 2 2226 2
! feedbackid 4665 1
! flexuosus 2432 2
! figurehead 2340 1
! flatedecod 4279 1
! frecuencia 3634 1
! filehandle 3041 7
! flabellata 2407 1
! feyerabend 1983 1
! fotografia 142 2
! fiddleneck 2471 2
! fissipedia 2265 2
! financiera 991 1
! feyearbend 1983 1
! farmmechan 1978 1
! fachgebiet 4696 1
! frankreich 3638 1 1066 1
! flateencod 4279 3
! franciscan 3118 2
! freesurfac 1160 1
! formalpara 3266 1
! ferruginea 2897 2
! farsgubben 4573 1
! furcillata 2874 1
! fhlcatalog 1820 1
! friedemann 4033 1
! frequeneci 2804 1
! familjebok 720 1
! fitzgerald 142 1
! farsighted 2323 1
! faridullah 4958 1
! fulldetail 2293 1
! favourable 2327 1
! fundamenta 583 1
! forthfreak 3511 3
! feliformia 2274 1 2265 3
! fingernail 226 1 168 1
! fotografar 4074 1
! franconian 2561 1
! fulgenicio 740 1
! firstchild 4078 1
! farfallini 2490 1
! frackowiak 2403 2
! fallacyfil 221 1
! findarticl 2865 1
! fingerpick 3187 1 2935 8
! firesafeti 1978 1
! focalchart 4180 1
! filosofian 4831 1
! fratercula 2897 1
! friendlier 1145 1 1038 1 642 1
! floodplain 3027 1
! finslerian 4697 2
! flaggedrev 167 1
! fruitarian 2226 1
! flatscreen 2210 1
! fuscicolli 2897 1
! fracplanet 4610 1
! fatherhood 4669 1
! feinheiten 1513 1
! fristarani 1366 1
! functional 4697 2 4648 1
! fahrenheit 4287 1 3992 1 3696 11 3315 3 3249 8 3686 6 1666 2 3358 2 3230 1 3069 1 4526 1 2656 12 3185 2 3434 1 3250 2 3204 1 3319 1 1926 1 4699 2 3342 2 3605 1 1638 1 2489 4 934 3 643 2
! foronovela 142 1
! fuliginosa 2896 1
! fritillari 2114 1
! flavissima 2897 1
! franskmann 2666 2
! friendship 4668 1 4063 3 4072 2 1872 1 1117 1 2865 3 4038 3 2772 1 1306 1 740 1 739 1 651 2 3023 1 1307 2 504 1
! foodservic 2052 1
! falseclass 431 2
! flashlight 4635 2 4565 1 2717 1 4377 1 2403 1 4032 1 4557 1 1114 1 3114 1
! frameshift 1138 1
! flexibilti 165 1
! funktional 1738 1
! fastchines 1322 2
! fevlerkgbv 142 1
! fluviatili 2897 1
! factsonfil 3350 1
! familiaris 427 1
! foundament 4648 1
! fiberglass 359 1
! feebleness 4668 1
! fantastico 3565 1
! fldbarmgnt 3661 1
! francophon 1044 2 571 1
! fibroblast 1161 2 1128 1
! femtoamper 3207 1
! fondamento 4697 1
! foreshadow 4688 1 1307 1 1306 3
! fingerspel 3441 2 3296 1
! fundamento 265 1
! folkdiplom 2951 1
! foreground 4790 1 4350 1 1576 2 4388 1 1573 4
! foreignkey 2753 11
! floatright 4463 3
! funktionen 3331 1 1514 1
! freetransl 4008 1 3311 2 830 1
! flatsbyday 3979 2
! federalist 2211 2 829 4 664 12 678 2 593 12
! fourteenth 3462 2 709 4 2865 1 1166 1 3023 1 702 1 652 4
! frequentli 2876 1
! frugilegus 2897 1
! firefoxtoc 4870 1
! freelesson 1428 1
! focusbison 2167 1
! flightless 226 1
! fishembryo 2610 1
! fellowship 4669 1 4649 1 4648 1 3266 1 2015 3
! fenstersim 4869 2
! federweiss 2561 1
! fluoroscop 2698 1
! faillisson 824 1
! freeyellow 2865 1
! furthermor 373 1 248 1 369 1 284 1 342 1 496 1 36 1 174 1 25 1 99 2 447 1 56 1 263 1 472 1 12 1 167 1 6 2 160 1 149 1 391 1 46 1 460 1
! forcipatus 2874 1
! flavorless 1669 1
! filesystem 142 2
! faillissez 824 1
! flamethrow 954 4 880 3
! ffionphort 1991 1
! foreclosur 593 1
! farnsworth 400 1
! frumentius 3021 3
! flavoursom 4132 1 2025 1
! fingerstyl 3316 2 3183 1
! fistulosum 2046 1
! fringillida 2897 1
! firmanallah 2865 1
! frwikipedia 457 1
! fileexchang 3203 1
! folgenderma 1677 1
! freelanguag 830 1
! frigatebird 2897 3
! flammekuech 1930 2
! freegamedev 4116 2
! fingerboard 3046 1 2968 1 3265 1 2930 1
! fullfilenam 3041 27
! fgfdgdsgfds 4977 1
! fremdsprach 2782 3 1027 1
! frenchslang 1085 1
! fancyfrench 1085 2
! fundamental 4648 1 4175 1
! formaldehyd 465 1
! facilitando 3499 1
! fensterbank 4869 1
! furciferrnb 1450 4
! fotranalgol 397 1
! fresnovegan 3543 1
! frankincens 3003 1 2865 3
! functionnam 3331 4
! fluromethan 24 1
! ferromagnet 2648 3 2695 9 2190 3 1294 1
! fonctionnel 142 1
! fosteraudio 3725 1
! footnoteref 3266 1
! formulieren 2782 1
! fitzpatrick 2900 1 703 1
! foundationl 3938 1
! frecklefoot 2026 1 2180 12 1995 1
! finkelstein 4582 2 1070 2
! falconiform 2897 1
! finiittinen 4831 2
! friendliest 2772 1 1038 1
! ferroelectr 2695 1 2403 15
! filicophyta 1887 1
! fullymyspac 4113 1
! fibroblasto 3499 1
! fpcaroswiki 4694 1
! findresourc 4279 2
! folientrimm 2403 1
! finiittisen 4831 1
! ferrocerium 3125 3
! falcinellus 2897 2
! fresheneesz 330 2
! frenchtoast 3299 1
! freesoftwar 3913 1
! fadfadfadafd 142 1
! forgiveness 4668 1
! foreshorten 4180 1 3057 1 1311 1
! forethought 398 1
! funtioniert 4159 1
! fitfullness 4668 1
! facultywiki 1069 1
! fingerprint 4866 1 2044 2 1978 4 1422 1 916 1 1139 3
! foodnetwork 1929 1
! filestatist 3041 14
! filtershurl 4710 1
! fernsehturm 491 2
! firstperson 2319 6
! flavirostri 2897 1
! frequentist 2092 3
! forthtutori 3511 1
! fortissimus 4012 1
! freitagabend 4427 1
! fleischnacka 1930 2
! firstaidhead 2863 1
! fountainhead 2327 3 2323 2 1305 2
! fullpagename 4653 1 3690 3 4616 1 3494 3 2627 2 2340 4 2626 1 1931 1 1224 1 1222 5
! fragezeichen 2396 1
! freitagnacht 3887 1
! featurebegin 4279 1
! fullbookname 333 1 329 1 315 1 332 1 321 1 298 1 436 1 314 1 334 1 311 1 374 1 305 1 323 1 335 1 312 1 324 1 485 1 325 1 394 1 302 1 313 1
! fainthearted 2323 5 1884 2
! freundschaft 142 1
! felicitacion 897 1
! familysearch 3679 3 1821 1 1820 4 1813 2
! fruhgeshicht 3145 1
! filosofiasta 3604 1
! fluoromethan 568 1
! fonctionnell 142 1
! flaggedrevis 427 1
! foreignphras 3266 1
! fountainlink 2865 1
! fonctionnair 3920 2
! frugalcuisin 4185 1
! frontispicio 1123 1
! frankenstein 3592 9
! factorizando 4281 2 4203 2
! firstelement 3041 2
! formatierung 142 1
! fbintermdspi 3945 1
! frontiersmen 593 1 571 1 570 1
! forrestbrink 639 3
! facultatibus 582 1
! formulierung 1686 1
! fornicatress 504 1
! forumdisplay 2328 1 3966 1 2291 1
! frictionless 3955 1 3954 1
! featherstoni 2896 1
! freedomtoast 3541 1
! firsthighlow 3688 1
! funktioniert 1513 1
! forumromanum 560 1
! formulations 4697 4
! functionlist 4715 3
! familyforest 1813 2
! frenchcultur 3917 1 3893 1
! fruitsoorten 974 1
! fixoldpswrit 4279 2
