! ga 373 2 204 1 142 3
! gc 431 4
! gb 142 1
! ge 480 9 318 6 379 1 204 1 67 1
! gd 4697 5 2585 1 1366 1 2188 1 888 1
! gf 1619 2 1111 2 732 2
! gg 404 1
! gh 142 1 96 1
! gi 156 1 149 1
! gk 104 1
! gj 4618 1 2666 2 2625 4
! gl 265 1 213 1 272 1 142 5
! gm 4715 11 2915 1 2865 1 3459 2 2864 1 1493 2 3573 1 977 3 2287 1
! gn 496 2 166 1
! gp 4861 1 3495 2 2341 1 1329 1 916 1 642 1
! gs 3381 4 1972 2 4279 18 1824 1 1058 1
! gr 142 1
! gu 379 6 257 1 193 1
! gt 342 2 266 1 216 3 278 1 173 2 307 1 142 24
! gv 142 1
! gw 4861 1 593 1
! gx 331 1
! gy 4251 1 4066 1 1007 8
! gz 4861 1 4608 2 4693 1 4066 1 4369 1 3524 6 3020 2 2190 1 3683 1 1573 2
! gaa 3041 1 2458 1
! gab 967 1 1178 1 963 1
! gba 4204 1
! gad 3046 1
! gdb 4715 1 4884 2 4694 20
! gcd 4785 2 4712 5 1391 3 731 6 1757 1 2384 1 669 17 604 52
! gcc 449 1 397 2 281 1 265 1
! geb 1178 2 967 2
! gia 1414 1
! gdc 121 3
! gag 939 1
! gib 1778 2 1777 1 3056 1 971 1
! gce 492 1
! ghc 2505 11
! gcf 1757 1 604 1
! gee 405 1
! goa 3450 1 2560 2 2229 4
! gid 4080 1 3041 6 4056 6 2494 1 1574 3 2905 1 2118 1 1573 1
! gah 405 3
! gef 2246 2 1514 1 2377 1 1777 1 972 1
! ghe 1061 1
! ggf 2474 1
! gmc 3294 1
! ggg 142 1
! gob 1870 1
! gai 142 1
! gsa 1186 1
! gie 917 1 810 1
! gei 3057 2
! gpc 1591 1
! gak 4439 1
! gif 453 2 458 1 7 1 421 1 444 1 27 4 441 1 119 1 142 52 417 10 263 3 83 10
! gnd 4835 11 3945 7 3944 4 2537 4
! god 414 1 244 3 158 10 142 3
! gta 4215 1
! gua 4817 1 4541 1
! geh 4869 3 4391 1 1777 7 1267 1 852 1
! gig 4693 1 4462 1
! gci 4553 1
! gle 890 2 799 2
! gdi 4279 3 1028 2 890 2
! gal 4841 4 4062 2 765 1 3900 1 3757 1 3022 1 1371 1
! gam 3016 2
! gbl 2403 3
! grc 282 2
! goe 56 1 467 2 352 1 242 1 148 2 406 1 428 1 371 1 418 1 266 2 216 2 404 4 207 1 26 1 355 1 167 1 282 1 20 2 208 1 162 1 392 1 157 1 48 2 142 7 499 2 123 2 445 3 163 3 398 2 223 1 106 1 200 2 221 2 389 1 342 1 158 3
! gdk 3752 2
! gfi 3267 1
! ghi 418 2
! gre 492 1 314 1 311 1 301 3
! gan 4063 1 4066 1 2551 1
! gel 359 2 226 1
! gji 4697 1
! gud 4690 2
! gdm 3402 1 1576 2 1575 2
! gof 1290 1
! gij 4697 1 1710 6 1459 7
! gpg 3840 1
! gek 1497 5
! gte 4697 19
! gap 397 2 158 1 148 3 373 1 230 1 32 1 106 1 398 1 343 1 24 1
! gli 4391 1 4065 2 1058 1
! gue 4162 1 1058 3
! gao 2881 1
! gem 431 5 224 1 142 1
! gen 494 1 153 4
! gdp 4612 1 1914 9 1838 2
! gpi 1121 1
! gkk 4697 2
! goj 373 1
! gil 242 1
! goi 1011 1 1012 4 1007 1
! gsh 142 1
! gug 3589 2 1428 2
! gim 1007 1
! gbp 4385 2 2522 1
! gwe 1058 1
! gcp 2182 1
! geo 470 1 160 5
! gas 342 3 229 7 200 1 54 1 123 1 7 1 352 1 122 1 249 1 226 2 94 1 248 1 109 1 21 1
! guh 3541 1 3306 1 1714 1 1199 2
! gfp 2698 1
! gri 2927 1 1257 1
! gmm 977 2
! gar 142 1
! gin 4433 1 2676 1 736 1
! geq 4104 2 2711 3 2600 1 1828 3 2569 1 604 1
! gom 2560 1
! gol 1532 1
! gat 142 2
! gbs 3296 1
! gdr 4872 1
! gpl 282 4 113 2 93 1 16 1
! gtj 3592 1
! gwi 1058 1
! gui 449 1 265 2 431 6 255 2 142 2 484 2 121 2
! gip 890 1
! ger 2631 1 3701 1 808 1 2200 1 1044 2 824 2 1027 1 807 1 796 8
! gsm 3920 1 3919 2
! gfr 3789 4
! gdt 4737 1
! ges 504 1
! gsl 3257 1
! gon 4696 1 3190 3 682 1
! gxi 402 1
! gno 495 1
! gtk 265 2 142 3 431 3 121 1
! glo 2631 1
! gau 202 1
! gav 4690 1 1557 1
! gis 218 1
! gum 3932 5 4454 1 3615 1 1154 2 799 1 3620 1 4770 1 3055 1 4987 3 3590 1 2875 2 760 1
! gul 3266 7 1906 1
! gir 2340 2
! gpp 2322 3
! goo 2625 3 2009 1 1714 1
! ghs 4043 1
! gpo 1186 1
! git 265 1 177 1
! gev 84 2
! ghu 142 1
! gsp 2798 3
! gun 460 1 445 1 132 1
! gym 4496 1 2644 4
! gay 251 1 142 6
! gto 2403 1
! ght 4391 1
! gro 1686 2 971 3 993 3 3004 2 4181 1 3815 1 1736 1 1066 2 1514 1 2609 2 739 1
! gmt 398 1 397 1 56 1 51 2
! gps 4411 1 4893 1 3303 2
! gdx 4748 1
! gew 2730 1 1285 1
! gns 1186 1
! gor 890 1
! gtp 1650 1 1126 1 1132 1 1122 1
! gwo 4831 2
! guo 4007 1 1656 1 1405 4
! gos 142 1
! gss 2319 1
! glu 2817 1 1457 1 4737 1 2834 2 2930 7 1445 8 4736 1 3372 1 523 1
! gnu 417 2 82 1 93 1 78 1 418 1 142 8 282 2 423 1 75 1 81 1 80 1 149 7 79 1 220 2 77 1 265 1 71 1 212 1 74 1 121 1 76 1 72 1 307 1 113 1 301 2 66 1 70 1 68 1 397 1 64 1 390 1 61 1 449 10 73 1 40 3 63 1 389 1 201 2 60 1 150 11 56 1 91 1 44 1 65 1 43 1 391 2 62 1 59 1 69 1 116 1
! grr 191 2
! got 427 1 417 1 285 1 253 1 297 1 165 1 142 1 330 1 226 1 173 1 444 3 491 1 162 1 277 2 396 1 208 1 235 1 329 1 282 1 194 1 120 1 355 1 56 7 108 1 177 1 260 1 398 6 163 1 416 1 40 2 43 1
! gfx 4694 9
! gey 3326 1
! gpu 4498 1 3372 1
! gov 470 1 375 1 270 1 337 1 398 1 38 4 219 2 9 1
! gur 3193 1 2865 1 3064 1 2634 1 1877 2
! gus 257 1
! gut 229 5 431 1 231 5 226 1
! gru 3775 1 4319 1 2474 1
! gsu 3525 1
! gyr 2897 1
! gmx 402 1
! ghz 4694 1 2789 3 2650 1 2595 1 2830 1 4183 1 2698 22 2403 2
! gxs 4697 1
! gwu 3449 1 2865 1 2328 1
! goy 3592 1
! gvu 4477 1
! gyu 4251 1
! gpz 4619 1
! guy 221 1 56 3 375 1 398 4 444 1 235 1 242 7 253 1 223 1 142 1 43 1 282 1 40 1 17 1
! guz 258 1
! gaad 1986 1 1772 1 1503 1
! geba 379 1
! geda 4392 1
! gica 3499 1
! gibb 342 6 142 1
! gabe 398 13
! gega 4716 1 4694 3
! gaia 4648 2 4582 1 3772 4
! gdae 3046 1
! glac 1666 2
! gebe 985 4 971 1
! grab 491 1 49 1 248 1 48 1
! giga 3873 1 3434 1 1780 1
! gade 3026 1 3003 1 1303 1
! glad 444 2 398 2 108 1 427 2 339 1 204 1 84 1 186 1 56 2
! gage 4687 2 2767 2 2791 2 2319 2 2125 1 572 7 1199 1 939 1 972 1
! gama 3635 2 3450 2 722 1
! goad 221 1
! gala 405 1
! gubb 4690 1
! gaff 163 1
! gelb 3143 2 3145 6 1890 1
! ghee 2918 1 2924 4 3067 3 2929 7 3023 2 3188 4 2923 5 2917 3 2922 5 2911 1 2971 4 2051 2 4174 2 2909 13 2674 2 1953 3 3105 3 2921 4 2910 1 2560 3
! grad 496 6 398 1
! gana 3180 1 1837 1 753 2
! gela 4445 3 835 1
! geef 4496 1
! gybb 3592 1
! gema 224 1
! goed 1497 2 1459 2
! gila 2879 1 2130 1 843 2
! grec 4757 5 4422 1 1288 1 1061 1
! gehe 4586 1 2246 1 3887 1 810 1 2317 2 993 1 1490 1 995 2
! glib 3752 2 2211 1
! glic 3499 3
! gfci 3267 1
! graf 4493 1 3815 2 2624 1 2006 1
! giai 3663 1
! gweb 4350 1
! gena 1887 2
! gree 1257 1
! ghci 2505 10 1889 2 1038 1
! garb 3023 1 2327 1 1762 2 1741 2
! gsfc 1186 1
! gsce 3732 3
! game 406 1 471 3 185 1 485 1 496 1 398 3 249 1 248 1 154 2 223 3 330 1 165 1 142 2 43 1 265 1 221 2 56 3
! geld 1772 12 2246 2 1096 4
! gepa 1986 1
! ggfg 4096 2
! gina 337 1 142 1
! gmbh 2321 1
! geal 4746 1
! guia 142 1
! gale 1047 1 4766 2 796 1
! gata 242 1
! geod 3026 1 2865 1
! gild 1096 4 827 2 735 1 733 4 709 1
! gona 251 1
! grah 1199 1
! grai 4668 1 2116 1
! gloa 2631 1
! gomb 2565 2 1609 1
! garc 2882 1
! gobi 2560 3 1595 2
! gnie 890 1
! goai 1646 2
! gaan 142 1
! gene 358 8 356 1 352 1 342 1 142 2 359 5 348 6 38 5
! gime 4790 6 3965 1
! gang 221 1
! gabo 3023 1
! gape 282 1
! gard 4790 2 3453 1 2006 1
! glob 4655 6 3932 1 3041 3 1576 1 1573 1
! geek 398 1 241 1 142 2
! gold 168 2 158 2 123 3 129 3 467 1 434 2 27 3 482 1 9 1 21 4 6 2
! gfdl 192 2 491 1 282 2 446 1 93 1 455 1 361 2 70 1 439 1 442 1 489 1 180 1 81 1 372 2 469 1 419 1 111 1 208 4 440 1 149 13 80 1 468 1 417 5 223 1 82 1 77 1 69 1 360 2 78 1 66 1 454 1 357 2 75 1 74 1 461 1 73 1 221 2 71 1 362 2 165 1 456 1 68 1 10 1 398 2 301 1 452 1 64 1 63 1 62 1 488 1 391 2 65 1 212 1 76 1 79 1 56 1 150 4 389 1 60 1 448 1 72 1 61 1 44 1 59 1
! gick 4690 1
! gind 1710 1
! grid 398 2 47 1
! gira 4175 1
! godi 4690 1
! guid 427 1 223 1 487 2 441 1 142 21 431 4 434 7 216 4 285 4 191 1 398 2 492 6 173 1 220 2 113 3 160 2 156 1 494 1 447 1 165 1 186 1 397 2 444 3 491 1 21 1 90 1 167 1 496 1 417 1 88 1 157 1 117 1 305 1 213 1 93 5 328 2 121 1 282 5 141 1 329 2 208 2 131 1 56 7 291 1 38 1
! geel 1772 1
! greg 52 1 51 1 50 1 49 1 48 1 47 1 46 1
! gula 2672 2
! grna 2775 1
! gaud 1557 2
! guna 1884 4 2323 176 1883 8 1882 2 1740 2
! gado 4637 4 1595 4
! gare 2560 2 1626 1 798 1
! gase 211 1 24 1 123 1 342 1 122 2 94 1 54 1
! gaya 4432 2 966 1
! gian 907 1
! grei 194 1
! grob 3557 3
! gail 1870 1
! gora 4245 1
! getc 397 1 52 1 48 5
! gogh 4760 1 1492 1
! gita 2726 1 2340 1 2327 7 2323 63 1740 12 2311 28 1739 15 2214 3
! gtkd 121 1
! goal 298 3 398 17 389 3 285 4 216 1 282 4 121 1 6 2 174 1 221 3 284 2 237 1 410 3 222 1 139 1 186 2 177 1 330 1 142 1 24 1 165 2 208 1 93 1 7 1 160 1 390 1 249 1 202 3 41 2 56 6 405 1 217 1 218 1 243 1 149 1 138 2
! gubi 890 2
! gahl 1371 1 1257 1
! good 3 1
! gota 2560 4
! gcse 492 5 475 6 93 1 438 5 471 1 467 5 444 8 142 29 441 13 443 2 366 1 445 5 225 3 437 21
! gaza 2340 1
! ging 4656 1
! guld 4690 1
! gawd 4688 1 1585 1
! grej 4690 1
! geen 3562 1 1772 7
! gird 1096 4
! gram 450 1 240 1 358 2 168 1 41 2
! geog 4066 1 3026 1
! garg 2364 1
! gone 499 1 398 1 167 1 282 1 491 1 139 1 242 1 176 1 241 1 402 1 160 1 186 1 120 1 142 1 342 1 56 1
! golf 3789 1 3059 1 3033 1 1978 3 4431 1 1275 2 2042 2 1532 2 4472 1 754 6
! gate 363 1
! gahm 4391 1
! groc 3976 1
! gome 1789 1 1595 2
! gasf 2387 1 1285 1
! gank 1365 1
! geni 2984 1
! gaat 4496 6 1713 4 1772 2 1497 5 1465 4 1714 8 1459 17
! gear 223 1 28 1
! gico 142 2
! goji 974 2
! grod 4690 1
! guam 3673 1 2158 5 739 2 655 1 3163 2 733 1 653 1
! gume 798 1 796 1
! gran 4757 1 4544 1 3739 1 3024 2 4238 1 4690 1 2985 1 897 1
! gall 242 1 38 1
! gain 3 1
! gili 242 1
! gave 406 5 496 1 427 1 460 1 251 2 444 1 398 1 260 2 242 1 226 5 249 1 146 1 491 1 192 1 160 1 223 1 201 2 221 1 56 1
! gien 799 1
! gulf 4877 1 3025 2 3019 2 3023 5 2883 1 3026 1 2865 6 2340 1 2327 3 4668 1 827 2 2323 3 1740 2 843 1 571 1
! gaug 4411 1 3241 3 3954 2 3759 1 2323 2 3220 3 4692 2 2327 1 3730 1 3213 3 4892 2 571 1 1307 1 1308 1 3731 3
! gore 3025 4 2872 1 1876 1 829 2
! gamm 397 1
! grub 4694 2 4454 2 3524 2 4693 7 4715 4 2905 2 2156 1 1576 3
! gaol 242 2
! gbio 3873 1
! gobo 4251 2
! gong 3600 2 3110 1
! guta 1807 1
! gutb 992 3 973 1
! giza 2902 1 2865 1
! gell 4648 1
! glen 3769 1 3736 1 571 3
! gari 3579 1 1749 2 1361 1 2879 5 2878 5 2865 3 1876 1
! gath 2560 1
! ghar 1190 1
! gfds 4981 1 3701 1
! gyan 1740 4
! gren 355 1
! glue 4694 1 1529 3 3944 1 4736 1 4523 2 2443 1 2834 1 2341 1 2179 1 1445 11 4113 1 2320 2
! gurd 142 1
! gahr 724 2
! gaui 3145 1
! gebt 142 1
! geol 1040 2
! ggri 142 1
! giat 2214 1
! gnar 2515 1
! geok 223 2
! gdye 2123 1 2441 1 1366 4
! gung 3589 1 3350 1 2782 1 1428 1
! glas 4831 1 4690 1
! gote 142 1
! gaze 257 1
! gchq 2967 1 1628 2
! gish 3296 1 736 1
! gcds 4789 2
! geri 3145 1
! gill 226 3
! gooi 1503 1
! gibt 142 1
! grue 2890 2
! gwen 1504 2 1309 1 1308 2 1307 2 1306 1
! gimm 142 1
! gags 1161 1
! gair 4958 2
! ghau 2560 1
! gure 4673 1 1554 2
! gorg 142 1
! geom 4838 11 4818 14 4817 6
! guli 1609 1 1608 1
! goim 1573 1
! grim 1916 1 1480 1 728 1
! gees 496 1
! gics 1916 1
! gute 142 1
! gori 4940 1 4935 1 4930 1 4933 1 4922 1 1925 1 4917 1 4916 1 4943 1 4184 1 4915 1
! goth 2865 2 1807 1
! gaul 4416 1 3693 2 3638 3 3003 1 1032 3 722 2
! grin 397 1 112 1
! gvim 1830 1
! grep 4715 1 1509 1 4384 1 4453 1 1576 2 4405 2 4191 5 3041 4 1573 18 4279 3 4694 2 3913 1
! goat 242 3
! goer 3296 1 3029 1 4790 2 3780 1 1310 1
! gras 2156 2 1930 4 1609 1 917 1
! gosh 402 1 142 1
! gifs 3385 3
! geir 3265 1
! gsrh 3600 1
! gnat 3449 4
! gayi 4958 1
! gait 4649 1 3213 2
! gles 921 1 754 1
! goug 1531 1
! geno 4697 33 3499 4
! gday 2632 2
! grok 3803 1
! guin 3387 2 2229 2 2096 2 765 4
! gift 398 1 249 2
! gomm 799 2
! grer 3272 1
! gawk 4715 3
! gion 4049 1 3965 1
! gull 2897 22 2896 10 1199 1
! gahu 2560 1
! girl 499 1 158 2 202 1 482 1 471 1 438 3 495 1 242 5 142 5 498 7 406 1 496 7 450 1 443 3 168 2 221 1
! geht 4478 1 3729 2 2246 3 1677 1 1777 2 2106 1 3815 2 995 5 2264 1 2609 1 2233 27 1513 2 2782 1 3887 2 1490 5 1461 3 993 4 1200 3 3004 1 1500 4 810 11 1178 1 1330 2 985 6 2227 7 825 1 2232 1 963 2 4586 4 967 1
! gimp 488 1 398 2
! germ 231 7 229 1
! grau 4159 1 1890 1
! geop 1401 2
! gern 4586 1 4427 4 3887 5 3815 11 3775 1 3729 4 3004 10 972 2 1777 2 2800 9 2317 16 1514 2 1461 1 971 1 2474 1 2782 1 967 2
! gmax 2291 1
! gtti 4350 1
! gasp 3017 1
! gato 242 1
! gyat 2564 1
! glsl 3372 46
! gnaw 2443 1
! grip 56 1
! gumm 4690 1
! genr 434 2 256 1
! gloo 193 1
! galt 142 1
! gans 257 1
! guri 1762 2 1741 2
! greu 142 1
! gbps 4498 1
! gono 3190 1
! gosl 142 1
! gunn 4884 1 3620 1
! giro 3592 2
! gorm 4325 2
! gant 939 2
! glop 4984 1
! glit 4391 1
! geun 4381 1
! gcos 2905 1
! gelt 1096 2
! gwaw 4541 1
! gump 3462 1 1872 1
! givn 3592 1
! glyk 4391 1
! groo 1257 1
! gulp 2014 1
! gevo 1986 1
! gris 168 1
! gray 465 1 223 1 168 1 257 2 158 2 285 1 142 1
! gayn 2362 1
! geez 120 1
! ganu 3777 1
! gent 435 1 290 1 142 1
! gilt 1513 1 1096 2
! gzip 3524 1 4873 1 3203 1 2862 2 1576 1
! gssm 4050 1
! genu 612 1
! gwis 2865 1
! graz 2262 2 1063 1 825 1
! gass 117 2 21 1
! grew 249 1
! grit 200 2
! guis 4498 1 4716 1 4376 1 3181 1 1632 1
! goto 165 1 115 2 46 2
! goos 4072 1 4768 2 2194 7 2631 1 4063 1 4707 1 3339 1 2052 2 2857 2 2156 3 504 1 1930 2 1609 3 2897 11 1465 1 4869 1 2130 1 2561 1
! grey 499 1 177 1 157 1 40 1
! gown 3638 1
! gaus 4958 1
! gatt 252 1
! gert 3701 1
! goku 4049 1
! gist 153 1
! goot 1503 1
! geru 379 1
! ganz 2782 1 2474 1 2233 3 1513 4 1736 1 4869 1 1514 1 2609 1 992 1 852 1
! gboy 1535 1
! gett 4690 1
! gurp 4048 1
! gplv 4694 2 3483 1
! gyro 3343 1 2620 1 2171 1
! golv 4690 1
! giss 4610 1 1186 2
! girt 1096 2
! gprs 142 1
! goss 4573 1 1199 1
! grrr 668 1
! glow 342 1 160 1
! glur 934 3
! gmrv 3829 1
! gauw 1465 1
! gaux 1199 1
! gunu 3149 1
! guzm 258 1
! gwyn 1504 1
! glut 4116 3 3372 41 3025 1
! gpus 2319 1
! gott 2609 2 2233 1 973 1
! gsus 3459 1 3047 2
! grow 402 1 398 6 251 2 249 1 499 1 223 1 267 1 359 10 244 1 441 1 349 2 142 1 211 1 165 1 220 1 358 3 174 1 427 3 229 2 56 1 355 1 148 1 158 1
! govt 186 1
! grus 2897 3
! guts 84 1
! gust 939 1
! gurt 193 1
! gout 3789 1
! gypt 3054 2 765 1
! gutt 2631 2
! guru 51 1
! gonz 166 4
! gouv 1085 2
! gytt 3025 1
! geuz 3928 1
! gotw 4748 1
! gwww 1896 2
! gajda 2865 1
! gamba 115 2
! greac 1288 1
! glace 796 4
! gehad 1986 3
! gudea 2340 1
! graaf 440 1 443 2 438 3
! glade 1560 1
! grabe 1050 1
! grace 216 1 194 1
! grade 494 4 398 11 200 1 499 2 444 7 26 1 231 2 56 2
! garda 1807 1
! graag 142 1
! garca 242 1
! galga 1807 1
! grebe 2158 6 2897 7 1772 1
! gumba 135 4 56 2
! greed 4668 1 3003 1 2327 1 1312 4 1879 4 1307 1 1308 1 843 2 2323 3 585 1 1310 2
! getab 4859 1
! ghana 3551 2 765 2 4021 1 2881 11 3673 1 3538 1
! guida 142 1
! gamia 3495 1
! greec 499 1 253 1 243 2 218 1 406 1 142 1 252 1 217 1
! gulab 2560 2
! golda 1876 1
! gonad 1356 1 3789 1 1129 1
! gerad 1736 1 1686 1 1513 1 1200 1
! guaka 395 1 223 4 282 2 142 2
! grabi 892 1
! glide 4601 1 4369 9 1624 1
! gebal 3026 1
! grana 1146 1
! ganai 379 2
! glanc 3 1
! grech 4935 1
! gorda 3450 2 567 1
! graci 56 1
! gambi 765 1
! garde 3794 1
! gubla 3026 1
! globe 398 1 253 1
! garag 4576 1 3921 1 2714 1 840 2 3920 1 2006 1 1047 3
! galbi 4839 2
! gmake 4715 6
! genja 258 2
! guide 2865 1 1510 1 1151 1
! gland 226 5 211 1
! gemma 142 3
! gruba 1275 1
! gyana 2323 16 1877 2
! gandh 2560 1
! glich 4096 1 2210 3 2782 1 3141 1 1513 1 3775 1 2246 2
! gebod 1772 2
! gouda 2561 1 1638 1
! gamma 132 1 97 3
! gpled 4694 2
! grief 1096 1 4063 2 4958 1 4038 1 2865 1 4543 1 3025 3 4670 1 4072 1 2323 13 1884 5 1879 2 1306 1
! gavia 2897 4
! gleam 3025 1 3024 1 2644 1 1594 1
! gorga 1431 1
! gamal 740 1
! gemak 1497 2
! gobhi 2560 10
! gregg 3372 1 2865 1
! gmane 169 11
! gatah 2323 1
! gulag 249 4
! geoff 428 3
! grich 216 6
! grand 434 1 404 1 223 1 251 1 221 1 142 2 84 1
! garma 2831 1
! glean 1747 1 4582 5 1535 1 3920 1 3025 1 1800 1
! genei 2897 1
! grata 3024 1 502 1
! gambl 4775 1 1308 1 736 1 4707 1 2092 3 2173 1
! geben 142 1
! gulai 4637 2
! gaggl 504 1
! gesch 3026 1 3021 1 2246 4 963 2 825 1 985 3 1330 2 1192 1 2232 2 993 6 970 3 1200 3 1777 1 918 4
! glial 229 1
! gosia 1270 3
! gwidg 3350 3
! godhi 2560 1
! gotha 2855 3 2787 3 2784 3 2783 7 1758 2
! greke 462 1
! giric 2855 3
! godan 473 7 379 3 279 26
! genoa 4775 1 3026 2 722 1 3021 2 3663 1 2200 1 1462 1
! gauch 123 3
! gauna 2323 2
! gunka 1012 2
! greek 496 2 470 1 434 1 158 2 499 9 244 2 359 1 253 2 438 2 229 3 123 1 211 1 226 3 6 1
! getch 52 2 48 5
! graem 4748 52
! guidi 142 1
! godel 184 1 142 1
! gonna 441 1 428 1
! gulch 1311 3 1310 4
! gifta 4690 1
! glare 160 1
! gagen 581 1
! grape 258 1 254 1 186 2 7 1
! glaub 985 1 992 1 972 4 963 1
! gcdse 2717 1
! ganan 3024 1
! gkhan 4717 2
! gerna 1007 1
! guard 417 1 398 1 249 1
! geral 142 1
! ghain 1058 1
! gehen 4586 3 2246 1 3887 1 3004 3 2233 1 1777 3 2106 1 1490 5 1489 2 2317 1 1778 2 971 1 810 2 2262 1 997 3 993 1 1461 1
! grado 4891 1
! gohan 4251 2
! greta 3815 13 3004 8 2609 3 2317 6 2233 14
! guild 4673 2 3638 2 3752 2 3025 1 3663 3 4279 1 722 2 3538 1 3108 1
! gaili 4066 1
! garam 3087 4 2652 2 2831 1 1951 3 2914 1 2154 2 979 6
! garbl 190 1
! gegen 3004 2 1163 1 1777 2 1022 1 997 4
! geman 2800 1
! giggl 4066 1 3017 2 1199 1
! grind 398 1
! groff 4279 3
! gleki 1007 1
! gmail 4815 1 2637 1 2207 1 2341 2 1981 1 1906 2 1886 2 1259 1
! grene 4066 1
! guava 242 1
! goodi 4560 1 504 1
! greco 142 2
! griek 142 4
! goggl 2952 1 1591 1 2014 1 504 1
! grani 2328 1
! grime 4958 1 4641 1 3016 1 1449 1
! gadri 1007 1
! galen 1876 1 4690 1 1465 2
! geber 2882 1 2865 1
! genii 504 1
! getal 1713 3
! godli 2327 1 504 1
! gonig 441 1
! green 460 1 359 1 428 7 475 1 56 1 243 1 102 1 266 1 242 1 6 1 147 9 241 2 223 1 200 3 398 1 257 2 163 1 50 1 142 1 24 1 165 2 447 3 397 3 444 2 256 1 49 1 237 1 168 1 158 27 167 10
! grehk 404 1
! grisa 4690 1
! glock 1514 1
! goate 3757 1
! garhi 4780 1
! grafo 168 1
! genta 2726 2
! goold 285 6
! genmf 4715 19
! gconf 3324 2 3295 2
! gimel 3143 1
! grase 2971 1
! golgi 465 1 464 4 359 31 349 6 358 1 352 2 142 1
! gajar 2560 1
! grail 4688 1 4673 1 3213 1
! getan 1514 1
! ghari 2560 2
! geshi 3412 2
! guaya 2340 1
! gdzie 1277 3 888 2
! glosa 4618 1 4616 1
! grate 299 1 107 2 56 1
! grubi 1276 2 1275 2
! guita 242 1
! gnome 431 1 336 5 166 12
! gruff 4601 1
! gleep 1639 2
! graph 480 7 458 3 398 1 260 16 184 1 217 1 447 81 148 14 108 1 105 1 94 1 83 2 57 22 142 1 120 7 54 2 84 5
! grain 249 1 237 1 201 1 14 1 211 2 200 2 158 1 258 3 93 1
! gripe 288 1
! gecko 3966 1 3569 1 3571 1 2372 1 3576 1 3181 2
! grudg 174 1
! ganar 1526 2 1532 1 897 1
! genki 284 4
! gulam 4958 1
! gsave 4279 3
! gargl 1199 2
! grave 404 1 242 1
! gozbi 623 1
! gyani 2323 2
! gabon 4831 1 2902 1 765 2
! gerta 3701 1
! gilli 1491 1
! girdl 226 1
! gubin 890 1
! globo 4258 2 4175 7 4254 3 2644 2
! grego 1288 1
! gesta 2865 3
! greas 258 2
! gioco 4391 1
! gadir 3026 2
! gemar 3025 1
! galat 3022 1
! gould 3900 2 2164 1 1153 2 733 1 708 1
! groan 2698 2
! galoi 370 1
! gnash 2443 1
! garen 3342 1
! gloen 2631 1
! gomen 481 1
! glaze 3751 3 4301 1 3979 1 3638 1 2952 1 2561 1 1595 2 1438 1 1806 2 1667 1 3647 1 2865 2 1666 4 1642 1 1604 1 2340 1
! grein 3449 1
! gyear 2632 2
! gjord 4690 1
! gemin 4391 5 916 1
! girki 2340 1
! googl 484 2 499 1 169 2 477 2 458 1 337 1 176 2 379 1 494 2 157 4 9 2 216 3 128 3 120 1 396 2 253 1 391 4 56 1 171 1 160 1 141 2
! guiar 1526 2
! gupan 3025 1
! gamer 4707 2 4116 1 3515 1 3495 5 3169 1 3059 4
! gsell 3025 2
! gwiki 1896 2
! gough 2158 5
! galer 3024 1
! geeft 3562 1 1772 2
! gramm 168 2 142 1
! guido 3721 2 3684 1 3222 1 2892 4 3683 1 3815 3 1769 3 3334 1 1018 2
! gumbo 2435 1 2434 4 1902 1
! ginar 4199 1
! great 467 2 397 3 493 1 253 3 242 1 358 2 222 3 406 1 265 1 366 2 460 6 278 1 84 1 252 1 216 2 498 1 246 4 290 2 484 1 249 6 55 1 152 1 248 7 235 1 88 1 282 3 402 4 208 1 499 6 495 2 204 1 398 22 251 6 166 1 83 1 177 1 160 1 38 2 135 2 35 1 229 3 26 2 120 1 458 2 167 1 481 1 190 1 284 2 428 1 331 1 40 4 191 2 482 1 497 1 12 1 173 3 127 1 244 1 50 1 162 2 6 4 491 5 444 4 56 12 243 4 427 1 330 1 142 1 223 6
! gotta 235 1
! gnoli 4616 1
! gzcat 2862 2
! genat 499 1
! georg 369 2 142 4 243 1 158 6 58 2
! gienn 799 1
! grann 4690 1
! graze 3450 1 2871 1 2865 3 643 1 2875 3 1979 1
! grope 2323 1
! greav 504 1
! gupta 243 1
! graft 4763 1 2633 1 1308 1 736 1
! ginni 1749 5 1438 2 1595 2 1580 1 1405 10
! groen 4496 1
! gurih 4637 2
! grati 3541 1 3063 1 1775 1
! grund 3265 1 2782 1 1513 2
! gekko 2130 1 1876 1
! gruta 3024 1
! gusta 258 1 254 1
! gummi 3289 1 2224 1
! gamet 230 2
! ganes 142 1
! genip 974 2
! giday 47 1
! gordo 4108 1
! grano 502 1
! grill 2669 1 2200 1 1488 1 1958 4 4308 2 1697 2 4846 1 1675 1 4307 3 4251 5 1337 2 2118 2 3573 4 3282 1 4758 3 2915 1 1648 6 3394 18 4794 3 1641 2 3290 2 3387 1 2613 3 2235 6 2119 1 1943 1 1630 16 3473 4 573 1 1640 4 3289 1 4840 5 1639 3 3415 2 796 2 2159 1 1595 10 3757 1 2911 1 2488 1 1615 1 2179 1 2226 6 3521 1 2551 4 1329 1 1419 2 2171 1 1607 2 3393 35 1638 18 4839 1 1746 2 1606 1 1716 4
! guill 3835 1
! glenn 3664 1 2009 2 3483 1 3432 2 4279 1 3421 1 1870 2 2882 2 1362 2 687 2
! greet 499 1 371 1 491 1 381 4 205 3 223 1 430 2 166 3 132 1 187 1 142 1
! genau 1513 3 4427 1 967 1
! girar 4242 1
! gayli 4066 1
! genug 3004 1
! gripj 4693 1
! gravi 258 1
! gorki 4696 1
! gener 4 1 3 1
! gourc 4693 1
! gruel 2871 2
! gallo 1989 2 1614 2 1612 5 3640 2 1595 2
! gulya 1608 1
! gedit 3508 1
! geldt 3562 1
! given 408 1 398 5 329 1 389 3 458 1 422 1 330 1 427 4 266 1 496 2 229 1 417 1 259 1 447 1 165 2 359 1 406 1 383 1 480 1 373 1 279 1 354 1 260 9 331 1 428 1 475 2 310 1 303 5 249 2 318 8 221 3 211 2 207 5 498 7 183 1 465 1 174 2 278 2 181 3 168 1 265 1 158 3 157 7 254 3 149 2 139 1 133 1 176 1 129 1 123 2 414 1 106 4 445 5 251 1 57 11 7 2 104 1 252 2 58 3 105 2 6 1 103 1 150 7 56 3 142 1 48 2 95 1 25 3 177 2 277 1 83 10 37 1 54 2 248 2 51 1 342 5 148 4 41 1 97 2 67 1 261 1 402 1 208 1 499 1 99 1 96 2 193 1 21 2 90 1 284 1 190 1 49 3 418 1 30 1
! ginds 1772 1
! glove 7 2
! gaull 1876 1
! gloat 1306 1
! gavin 3026 1
! grote 1986 1 1713 1 1497 4
! garri 1504 1
! genlo 4697 1
! govem 2327 1
! grokk 4835 1
! grynd 462 1
! guiri 242 1
! genet 359 4 356 3 355 1 352 2 142 3 349 2 358 15 17 1 226 1 346 2 225 1 210 1
! grimm 1493 4 2883 3 1597 1 4518 2 3598 2 1702 4 1619 8 3311 4 1705 1 4519 3 1483 3 1461 1
! geogr 4916 1
! giori 4697 1
! gourd 3350 1 2471 2 1968 2 1958 1
! gohom 2788 1 2778 1 2787 1 2785 1 2786 1 2855 1 2783 1 2780 1 870 1 2779 1 2784 1 1764 1 1802 1 2781 1 1758 1 1763 1 827 1
! ganti 830 2
! ginko 1384 1
! gerri 829 1 593 1
! gskol 4690 1
! guyan 765 1
! gasln 3960 1
! gecez 2865 1
! gelsk 2625 1
! glori 4671 1 4648 1 2327 25 4673 2 1591 2 3145 1 3025 2 2311 2 4038 2 2865 2 1985 4 3023 2 2471 7 502 4 2323 67 3450 1 3059 1 1762 2 4775 1 4062 1 1741 4 2257 1
! goumi 974 2
! grazi 4065 1
! grobs 3557 2
! gijon 4541 1
! gluph 3055 1
! goner 1876 1
! guten 4586 1 2232 2 967 1 3887 2 2609 4 2233 16 1485 1 1200 2 993 4 3004 1 985 2 2227 2 973 1 1513 1 810 3
! groat 1165 1
! grove 4760 2 3513 3 3282 2 2954 1 3736 1 593 1 3054 1 1681 1 3751 1 2717 1 2947 1 736 2 2656 2
! genom 358 1 356 2 342 1
! ghoti 3057 1
! gjern 2635 1
! giant 398 2 353 4 208 1 24 1
! groin 4720 1 3789 1 3663 1 3638 1 1058 1 3647 1 722 1
! gesti 142 1
! gurni 258 1
! gehum 2560 1
! gloom 3023 1
! gnosi 4648 1 2865 2
! gnugo 3045 3
! griev 4297 1 2865 1 4038 1 2323 23 1884 10 1881 1
! grams 2052 1
! gumwe 2471 2
! gusni 257 3
! gheez 2393 1
! gyoza 4251 1 2096 2 2095 2 1595 2
! guppi 1672 3
! gerti 2865 1
! giver 4958 1 2323 1 1064 1
! garuk 1134 1
! ghent 4235 1 3663 1
! grant 423 1 398 2 419 1 406 2 428 1 427 14 151 1 150 2 380 1 204 1 149 1 142 1 48 1 232 1 397 3 56 2 16 1
! gyrat 2288 1
! gehun 2560 1
! genit 498 10 496 3 499 3 494 6 307 1
! gentl 4515 1 4287 1 4408 1 3948 1 3914 1 1938 2 4072 1 4751 1 2462 1 4671 1 3245 1 3832 1 3110 2 4604 1 2956 1 2762 3 3053 1 506 1 929 1 4066 1 4648 1 2210 1 3471 1 2014 2 4051 1 3017 1 1868 1 3278 1 1445 3 1154 1 1953 1 733 1 1800 1 1612 1 4038 1 2972 1 2487 1 2764 1 1406 1 3759 2 2443 3 4062 1 4748 1 2323 1 4063 1 1666 1 1867 3 1166 1 1617 2
! getti 4350 2 3038 1
! gozar 3024 1
! gueul 1199 4
! gyras 1131 1
! groet 4106 1
! grasp 499 1 458 1 330 1 127 1 303 1 131 1 41 1
! grute 258 8
! glyph 3769 1 3372 1 2875 3 1267 1 3751 8 4279 10 3589 1 1554 1 2902 4 1087 6 2609 1 4611 6 1000 2
! ghayn 4746 2
! gezer 3145 1
! gepuk 4637 2
! galor 2009 1
! gamey 2194 1 2089 1
! goois 1503 1
! ghaus 4958 1
! glass 280 1 112 1 106 1
! gokul 142 2
! gover 398 1
! gower 4066 1
! groom 4670 2 3757 1 4649 1 4770 1 1578 2 4647 1 4771 2 1823 2 2443 3
! gazet 1802 1
! gswin 4279 1
! geniv 4098 1
! guter 1027 1
! ghast 739 1
! gunti 3203 1
! grusi 257 4
! gjess 2631 1
! gpart 2379 2
! gypsi 2865 3 739 2 736 1
! gutsi 3957 1
! gezet 1816 1
! goats 375 2
! gibst 971 1
! gryll 2897 1
! grass 354 1 290 1
! getit 3684 1
! getxi 50 1
! guilt 249 1
! gosht 4361 2
! gtrmp 4179 3
! gerku 191 1
! gusti 3387 1
! gniix 4693 1
! gehst 3887 1 2232 1 4586 1 993 2 963 2 4427 4 1490 1 995 2 810 2
! guerr 571 3
! gaius 499 2 494 1 434 4
! givit 4690 1
! goest 502 1
! gatun 4877 2
! gguoq 2864 3
! grasu 258 2
! gropp 4550 1
! geist 4582 2
! gesto 3024 1
! ganxo 258 1
! gespr 2125 2 992 2 1777 1 2106 1 1808 2 1200 3 993 6 1890 1 970 1 2232 2 967 1 917 1 825 1 963 5 1192 1 985 2 918 2 1500 2 810 5 2262 1 997 3
! guess 438 1 221 1 175 1 428 1 165 1 253 1 398 1 48 3 330 1 142 1 35 1 223 2 499 1 49 1 331 1 216 3 263 1 56 9 208 2 396 1 392 1 157 1 160 1 7 2 444 2 90 1 167 5 282 3 40 1 173 1
! gamow 2953 2 2698 2
! gooey 4347 1 1671 1
! gents 3928 2
! galtu 204 1
! gasnu 202 1
! guest 282 1 205 1
! getto 4391 1
! grupo 142 1
! gjort 4690 1
! grown 3530 1 4707 3 3767 2 1934 1 3222 1 2952 4 2327 4 3679 1 2515 2 3538 1 3270 1 3017 2 2514 1 3018 1 2436 1 1937 2 3057 1 2164 1 1458 2 2331 1 975 1 2150 3 2323 7 2652 1 1973 1 4180 1 2046 2 1473 1 2152 1 1958 2 2335 1 1959 3 2105 1 703 1 1925 1 807 1 1681 1 4528 1 2427 1 3320 1 1938 2 4072 1 4063 1 1478 1 1468 2 1096 1 2162 2 1974 2 974 2 1469 1 1967 2
! grist 2538 1 733 1
! gamut 4648 1
! genus 4771 3 4755 1 2435 1 3876 1 2407 1 2130 1 2046 2 2026 1 2164 5 1979 8 1902 1 1638 1 2443 1 3026 1 1140 6 502 1 2096 1 2008 1 974 4 504 2
! gimst 1007 1
! gismu 204 7 203 2
! groot 1503 1 1497 9 1459 1
! gloss 473 1 398 2 38 1
! group 363 3 294 12 349 2 369 61 358 2 427 3 402 1 453 14 218 1 292 6 454 1 285 1 473 1 307 2 284 3 190 1 331 1 295 6 248 2 232 3 329 1 282 5 379 2 229 5 370 23 227 1 223 5 129 2 226 6 32 1 152 1 249 4 202 5 8 1 105 10 184 2 281 1 475 1 165 1 359 2 160 1 399 5 496 1 205 1 158 1 398 20 107 3 106 3 318 3 27 1 221 1 127 3 7 10 298 2 104 5 21 1 56 4 444 2 217 1 120 1 211 3 308 2 123 15 26 1 46 2 419 1 322 1 31 4 231 2 166 4 263 2 28 3 25 2 117 1 142 3 242 1 48 3 6 32 47 2
! gusto 166 2
! gurun 2323 1
! gauss 41 6
! govor 2441 6
! ghost 142 3
! gross 398 1 427 1 317 1 221 1 160 1
! grunt 4562 1 4449 1 4523 1 3218 1
! gonzo 398 2
! gtext 2525 2
! goost 1258 1
! gotup 3017 1
! groov 3153 1 4171 1 3269 1 3110 2 4408 1 1356 1 1448 1 1447 4 1137 3 3220 1 2875 5 2930 4 2934 1 2879 1 2274 1 934 2
! grott 4180 2
! gnomz 221 2
! grous 2897 3 2194 1 2156 1 2130 1
! gruss 4478 2 3201 1
! gueuz 3928 3
! gltut 3372 2
! goutt 939 1
! garyw 1699 2
! gebaad 1986 1
! graeca 4449 1 502 1
! gelada 4576 1
! gracia 398 1 223 1 168 1 142 1 166 2 56 1
! gahama 2560 1
! gambia 3551 1 1040 2 765 1
! graaff 4105 2 2697 2 3789 1 2684 2 2421 2
! gandha 2323 2
! granda 4831 1
! grecia 3439 1
! garbag 375 1 472 1 142 2 266 2 121 8
! grecka 4935 1
! griega 1058 1
! goback 1585 2
! garcia 4544 1 3063 2 3026 1
! goliad 703 2
! grenad 765 1
! glance 3059 1
! gedaan 4754 1 1986 1 1497 1
! goodha 2882 1
! gleich 2233 1 1513 1 1736 1 1514 1 1484 5 967 2
! gotcha 2505 1
! gaelic 621 2 4152 2 3022 1 1503 1 4909 14 1059 2
! gemela 142 1
! godika 1158 1
! gegaan 1986 1
! glabra 974 1
! guapea 3592 4
! gimana 142 1
! guarda 3024 2
! guiana 4021 1 3450 3
! granja 4238 1
! guinda 254 1
! giraff 353 1
! greedi 4365 2 3035 1 4372 5 3017 1
! guinea 251 1
! giftdb 3739 1
! global 431 3 398 1 253 2 46 2 218 4 266 10 427 7 358 1 50 4 397 1 52 1 217 1 47 1 51 1 244 2
! goebel 52 1 51 1 50 1 49 1 48 1 47 1 46 1
! gatech 16 1
! genlia 1813 1
! gorgia 3228 1
! gruida 2897 1 2130 1
! graham 398 1
! gerald 3697 1 1307 3 702 1 2865 1 2879 1 829 2
! gfjhgg 142 1
! golich 4066 1
! galang 462 2
! gandhi 3320 2 2222 1
! gevela 12 1
! gisela 3701 1
! gramma 56 1
! gwalla 473 1
! geisha 3247 1
! golfmb 1978 1
! guanch 3145 2
! ggbain 3635 1
! gimchi 4841 2
! griddl 3299 2 1638 2 3105 2 2915 1 1615 1
! geffen 3759 1
! galile 3350 1
! grandi 4775 3
! gadfli 2897 1
! gimbap 4839 2
! goanna 3449 1
! goodal 1979 4
! gratia 3638 1 1431 1 502 2 560 2 500 1
! grphic 687 1
! garlic 258 2
! genial 1199 1
! grabar 1050 2
! galben 1257 1
! grecta 257 1
! ghorfa 3025 1
! griffi 1906 1
! gaeilg 4909 1
! genera 496 1
! gaspah 2361 1
! gading 927 1
! grafik 1513 1
! glibli 1307 1
! gromia 353 1
! gammal 4690 1
! gothic 1807 11 3647 6 621 1 4761 1 3059 1 3057 1 1814 4 3638 4 1812 5 2341 1 4152 1 3635 1
! gemmma 142 1
! goeden 1714 2
! grlang 2139 1
! gloria 499 1
! gradat 1086 1
! guyana 3450 1 3165 2 765 1
! gconfg 3324 1
! gerard 4162 2 3063 1 736 3
! gladio 3351 1
! ggfsfg 142 1
! genweb 1820 3
! geheim 4790 1
! gumbel 1864 1
! gizmag 4895 1
! glitch 3945 1 4873 1 4748 1 3533 1 1747 1
! gadwal 2897 1
! gaffer 504 1
! garden 406 4 216 1 199 1 217 1 142 2
! gedood 1986 1
! geneva 476 1 394 1
! george 158 2
! getkei 3557 2
! golden 257 1 253 2 243 2
! gretch 3234 1
! guacho 242 1
! gundel 1609 1
! guindi 2865 1
! grader 3480 1 2441 1
! gerile 3296 1
! gorina 142 3
! galact 4893 11 1864 1 1025 3
! gerbil 4768 1 2443 1
! grandm 797 2
! gjbzdh 3592 1
! glycan 3615 1 2932 1
! gitaar 3375 1 2927 1
! glicin 4391 1
! gancho 3592 2
! gengen 1268 2
! gaheri 658 1
! gember 1468 1
! germam 995 1
! getref 50 2
! ghimel 4583 2
! gibbon 4771 2 4770 2 2939 3
! gitweb 4693 2 3372 1
! gjenta 2635 1
! goonna 3780 1
! grades 218 1
! gratif 428 1
! gedcom 3679 2 1813 2
! graaft 4754 1
! graini 4180 1
! gaetan 3449 1
! geibri 193 2
! gilman 916 1
! gorham 3026 1 593 5
! gretna 4066 1
! gajjar 2560 1
! gender 495 2 496 38 427 1 307 3 285 1 406 1 498 15 223 1 168 8 290 4 224 2 166 2
! gilder 3638 1
! geiger 2698 2 2104 1
! gambol 4066 2
! greasi 4984 1 1549 1 1307 1 4198 4 3230 3 1826 1
! gazeta 2328 1
! gander 2194 1
! ghulam 4958 3
! glenco 1044 5
! godlik 4584 1 4582 2
! giblin 3056 1
! gardin 3149 1 2883 3
! ganiar 1431 1
! gadget 4813 3 4714 2 3599 1 4690 1 2452 2 2210 2 3350 4 4604 1 1591 3 4715 2 4693 2 4716 5 1581 1
! getbas 4715 5
! gimmel 2865 1
! german 2 1
! griego 1288 1
! gatita 3192 1
! gergen 942 2
! geleer 1986 1
! guarra 242 1
! gosden 736 1
! gatsbi 428 1
! gnufdl 4284 1 4283 1 4282 1 4280 1
! glider 4673 2 2882 2
! gaijin 282 1
! ganesh 2971 4
! goldin 4031 2
! ghrita 3023 1
! gmtime 3041 3 3038 1 1107 2
! godthi 142 1
! grammi 2021 2 1664 2
! gwhome 593 1
! gelini 4673 1
! garasi 840 2
! garnel 3004 1
! gemini 3117 3
! gracht 1503 1
! gaieti 4066 1
! galiza 3638 1
! ginder 1710 1
! gawain 658 1
! gprime 471 1
! gbring 1426 1
! goreng 4667 1 4637 6
! glycem 200 2
! gutian 2340 4
! galvan 1671 1 2949 4 504 1
! glorif 2327 2
! gillog 1568 1
! geloof 1497 8
! grocer 4007 1 979 1
! guerra 142 1
! gambon 1431 1
! gaudio 1431 1
! geodet 4676 6
! geolog 3 1
! github 431 5 121 1
! glotal 3026 1
! granat 142 1
! granni 4059 1 2565 1 2150 3 1595 2 1438 2
! gurnal 4038 1
! gentle 366 4
! geosoc 3480 1
! guides 4156 1
! girder 359 1
! generi 504 2 502 1
! gravel 4066 1 708 1
! geodes 83 1
! gramat 4495 1 1515 1 1286 1 2139 1 899 1
! grilli 1267 1
! grumbl 1526 1
! gauder 1431 1
! golosa 2328 2
! gambit 1870 1 1718 1
! gqunnc 3742 1
! genesi 4693 3 4204 2 3027 2 3025 1 4763 1 2883 1 4583 5 3019 2 2865 1 2540 1 2340 1 1096 1 504 1
! galaxi 4999 4 4894 32 4895 2 4893 7 4892 1 4648 1 4605 2 4697 8 2323 1 4715 3 3059 1 4610 3 2890 1 2352 2 4354 1 2698 1 1025 2 1872 1
! galmat 3025 1
! ganget 244 2
! garrod 1131 1
! gehakt 4754 1
! gflore 398 2
! ginkgo 2169 2 2130 2 2806 1 1591 2 1146 2
! giving 4668 1 4215 1
! gareth 658 1
! guelph 4509 1
! guanin 1131 1 934 3
! ginger 462 1 200 2
! giblet 2194 3 2179 1 3339 2 2085 2 1921 3 1595 2 2180 1 1509 2 1669 2 504 1
! gendir 4715 10
! grekio 406 1
! googll 4500 1
! gether 491 1
! gyllen 4690 1
! gendev 4873 1
! getval 4688 2
! goblet 280 1
! gpwiki 4116 1 3495 1
! graven 4754 1 1503 1 1096 1
! gruber 1876 1
! gildon 4038 1
! gather 444 1 427 1 167 1 398 1 330 1 285 1 226 1
! garcon 142 1
! gebser 4648 1
! gaoler 3023 1
! gjiten 3483 2
! gtubio 2807 2
! gezien 1458 2 1986 1 1465 2 4754 1 1710 1 1713 1
! gammer 504 1
! glosel 3143 1
! glycin 7 2
! gesund 2919 5
! gnerat 3776 1 3320 1
! gromar 3015 1
! gerund 494 2 414 1 289 1 285 11
! gonzal 2882 1 1057 2 630 1
! gootoc 142 1
! gopher 4562 1 4463 1 3171 1
! gunnar 3701 1
! giongo 4432 5
! gringo 242 1
! glutam 2934 1 934 6
! gulier 4140 1 1044 6
! ggstoc 142 1
! gigant 3024 1 3944 1 2932 1 4748 2 1492 1 4392 1 1400 1 3485 1
! gospel 494 1 398 2 56 2
! gloomi 3023 1 2323 1 1166 1
! glados 1864 1
! gritar 1526 2 1521 2
! gimpoi 1007 1
! grieks 4935 1
! gallon 3185 1 1929 1 1669 6 1594 1 1374 1 1261 1 3096 2 1380 1 570 1 562 1
! garner 428 1 249 1 390 1 160 1
! garten 917 1
! gawker 463 1
! germin 1974 1 519 4 1377 1 1146 1 1145 2 3102 1 1144 2
! getlin 51 2
! grater 4154 2 3292 3 2908 3
! ground 467 5 398 3 438 2 482 1 176 1 383 1 165 2 154 1 200 2 499 1 359 1 152 1 57 4 494 1 54 1 43 1 443 1 282 1 40 1
! gratin 3928 1 1930 1
! gentli 4368 1 2014 1 2762 1 1642 1
! gilpin 4072 1 4063 1
! gosthi 3023 1
! gannet 2897 3 2896 2
! goodby 205 1 371 2 166 2
! glycol 6 1
! gentil 404 1
! getday 51 7
! gayeti 4066 1
! gumlin 2133 1
! gelato 1431 1
! giguer 4694 1
! ghever 2560 2
! gronsf 3015 1
! geonet 1186 1
! genoes 4066 1 1166 1 722 1
! groetj 3562 1
! gefilt 3424 1
! gesten 1514 1
! glassi 1161 1
! gnepet 3798 3
! gunfir 4116 1 2698 1 728 2
! guitar 142 3
! guupta 3023 1
! globul 2934 1
! grappl 358 1
! gasket 4408 6 3203 2 2972 1
! gastar 3024 1 1526 2
! gordon 259 1 152 1
! geomet 4523 1
! gennet 3878 1
! gwstoc 142 1
! ganzen 1736 1
! githol 3574 1
! gullet 2287 1
! gation 142 1
! gibney 3620 1
! gibson 231 2 230 2
! glozel 3145 3 3143 5
! godwin 2865 1
! gomper 3108 1
! grassi 3017 1 4038 1 2473 1 2443 1
! granit 3055 1 3054 2 1306 1
! guenon 4648 1
! glosse 2865 1
! gregor 4756 4 3701 1 1153 2 2015 2 1130 2 3900 1 1040 1
! guilti 396 1 221 1
! greciz 4066 1
! genuin 380 1 221 2
! glamor 40 1
! gurski 4031 2
! gopsil 3439 1
! goiter 2451 1 2018 1
! gostar 3565 1
! garnom 3402 3
! grazer 825 1
! gotten 162 1 285 1 235 1 135 1
! glutar 4784 1
! gluten 238 1 142 1
! granul 465 2
! grobor 3557 2
! gmonth 2632 2
! getnet 3041 1
! gantri 3213 3
! gezakt 1986 1
! grosse 2609 1
! gestat 226 1
! gematr 4583 1
! gnumer 3203 1
! garter 2164 2
! genast 4690 1
! gutten 2631 2
! gentri 593 1
! gradus 561 1
! gruner 1504 1
! genset 4557 1
! gitori 4694 4 4693 1 3372 2
! gwhtml 593 1
! gitarr 3375 1 3265 3 3187 1 2927 1 2951 1 2955 1 2930 1 2800 2
! getter 3334 1
! grecqu 4935 1 2166 2
! garret 829 1
! gerent 3193 2
! gustar 286 1 142 1
! gnomon 504 2
! guyvan 3452 1
! granum 359 1
! gnunet 398 1
! goedzo 1497 2
! gunter 4180 1 3901 1
! gimasu 379 2
! govern 427 2 218 3 398 1 245 1 249 14 216 1 21 1 251 10 67 1 56 2 37 1 221 1 158 3 142 2
! glossi 3372 4 2897 1 1921 1 1308 1 1089 1
! gepast 1986 3
! glucos 365 1 342 2 258 1 211 1 209 1
! gritti 177 1
! glover 1402 1
! glutin 4637 2
! goofup 1038 1
! getenv 1107 1
! galway 4909 3
! gossip 4707 1 4647 2 502 1
! gravit 132 1
! gallup 2871 2
! garson 723 1
! gewoon 1497 1
! gilmor 3597 1
! glotti 4746 1
! gatito 3192 2
! groovi 4968 1
! gotpsi 2738 2
! geyser 2952 1
! gsview 4279 4 1513 1
! glysin 916 1
! grover 829 2 733 5
! grower 1959 1 736 1
! gidius 4610 1
! gristl 4171 1
! gaston 4766 1
! gareru 379 1
! gaseru 379 1
! gentoo 282 3
! gerson 4583 1
! gutter 3574 1 2631 2 1503 1 1492 4 1307 1 3751 1 825 1
! gustav 434 1 249 1 142 1
! gerrit 56 2
! glimps 38 2
! ghetto 4391 2 2881 1 1199 1 722 2
! godwit 2897 3 2164 1
! garrul 3023 1
! genius 249 1 142 1 131 1
! gainst 4066 1
! gallow 3751 7 3736 1 1807 1 1554 1
! growth 359 3 249 2 246 3 398 1 444 1 356 1 218 1 229 1 113 1 251 1 142 1 56 1 355 3 353 1 41 1 38 2
! gutium 2340 1
! grosze 2609 1
! gvxnye 1059 1
! glitzi 2881 1
! gruver 2865 1
! gallus 3638 1 2865 1
! gaynor 3143 1
! gurney 4038 1
! gunzip 2862 2 1576 1
! gavius 4072 1 4063 1
! groupo 4697 1
! garvey 736 8
! gewiss 1200 1 985 2 967 1
! glosso 4616 1
! gozaru 473 3
! gzimiz 1259 3
! gazett 2882 1 4748 3 1038 3
! gitarz 2927 1
! growit 2105 1 1967 1
! grosso 4775 2 1059 1
! gebouw 4754 13
! getopt 2343 17
! giotto 3663 2
! grosor 4242 1
! greetz 2609 1
! gypsum 3055 1
! gnirts 3718 2
! gutrun 3701 1
! groott 1497 1
! gilroy 2667 2
! gastst 3815 3 3004 3
! gestur 4570 1 4063 3 3004 1 3441 1 3254 1 3024 1 4600 1 3979 1 4771 3 3759 7 3110 1 4038 1 2871 2 2112 2 2877 1
! gerust 3562 1
! gustyn 890 1
! guttur 4583 1 1503 1 4066 1 3055 1 4496 1 943 3 1458 1 825 1
! granada 3638 1 3450 2 752 1 722 2
! godhead 4582 1 2323 2
! grafica 4311 1 4239 6 4175 21
! graecia 3638 1
! grenada 3673 1 2778 1 1478 1 765 1 571 1
! garbadg 3101 1
! gewaagd 3562 1
! geleefd 1986 1
! galicia 2230 1 1604 2 752 1
! godaddi 4415 1
! galanga 462 1
! gzzzzz 4861 3
! gallega 3637 2 1661 2
! gattaca 1139 1
! gaaelic 1059 1
! giardia 1144 1
! gambara 2865 1
! glacial 4744 1 2164 1
! goebbel 249 2
! gamepad 4693 4 4116 1
! galatea 4775 2
! gaviida 2897 1 2130 1
! guidanc 444 1 243 1 165 1
! gandalf 499 4
! gibarah 3019 2
! guardia 504 1
! grabado 3024 1
! gladden 2323 1 1879 2
! goddard 4610 1
! grenadi 4038 1 3054 1
! grandma 4760 1 4688 1 1177 1
! gegeben 963 1
! germana 4831 1
! guarana 974 2
! gemimag 4694 1
! genocid 2016 1 3509 1 2644 1 1494 1
! gnocchi 2490 2
! gherald 3457 2
! gradian 1351 5
! grabber 735 1
! gummadi 2560 1
! ganesha 2990 3 2971 3
! geomanc 2804 1
! goldcap 2403 1
! graphic 284 6 336 1 57 1 480 1 158 2 320 2 458 2 99 1 398 4 162 1 397 1 444 2 282 1 402 1 218 1 265 1 58 1 40 2 369 1 418 1 277 2 484 1 142 2 216 1 56 2
! grecian 504 1
! grandpa 4748 1 3320 5 1384 1 1177 1
! gscheme 4392 1
! gamemak 3618 1
! guardal 142 1
! georgia 171 1 142 1
! gallina 2879 2 2378 1
! govinda 4648 1 2323 5 1884 2 1879 2 1877 2
! guanaco 271 2 142 427
! geleden 1986 1
! gwiazda 393 2
! gamefaq 4683 5
! guajava 974 1
! garland 4383 1
! garagem 4576 1
! gamecub 4878 1
! geleerd 1986 7
! gautama 244 4
! genbank 1139 1
! glichen 2782 2 2238 1 1513 2
! goeckel 2334 1
! gondola 2882 1
! greenbk 4279 1
! geochem 1120 1
! ghanian 3057 1
! galbula 2897 1
! glarean 3462 1
! glycaem 3615 1
! gemeind 970 2
! galilei 4790 2 3365 1 4697 5 722 2
! geboden 1772 1
! garlici 2105 1 1926 1
! getbase 4715 3
! gelegen 1778 1 963 2
! gstefan 398 4
! granola 3757 2 1810 2 1595 2
! gulasch 2561 1
! gabaker 3187 2
! gillard 3213 1 1864 1
! gladiat 2811 1 2114 1
! goddamn 1307 1
! greifen 3265 1
! glaciat 3892 1 843 1
! geomean 3859 1
! gormand 4066 1
! gedacht 1986 2
! grafein 507 1
! gerhard 3026 1 739 1
! generic 257 2 381 1 181 1 398 1 7 1 265 1 150 2 369 1 121 2 6 2 402 1 331 3 56 1
! glauben 963 1
! gadsden 703 1
! gettabl 4813 1 4716 1
! godfath 4038 1 3462 1 1876 1 1870 1
! godisch 4279 1
! gorilla 4771 9 4768 1 4748 1 4781 1 4770 11 3025 1 2806 1 2451 1
! gotland 4180 1
! gradual 355 1 131 1 54 1 499 2 37 1 297 1 162 1
! goleman 4648 1
! gabriel 402 4 401 1 400 2 285 2
! glacier 4877 1 2179 1 2164 2 1585 1
! goldsbi 4383 1
! gharani 4958 1
! gandiva 2323 5 1879 2
! gennick 4653 1
! gullibl 342 2
! greylag 2897 1
! gresham 4043 1
! general 3 1
! gallico 502 1
! godhuma 2560 1
! goosand 2897 1
! grahamn 2163 1
! gratifi 4669 1 4648 1 2327 1
! godumai 2560 1
! guayabo 242 1
! gardarj 2902 1
! guevara 3033 1 740 3
! gregari 3059 1 1853 1 1842 1
! gesehen 2246 2 970 1
! getchar 52 1 48 7
! goodman 1876 1 1872 1 2644 1 504 1
! germani 251 15 406 1 252 3 248 16 249 13 491 1 246 2 56 1 27 1
! grzelak 1819 1
! ganghwa 709 1
! ghazali 990 1
! granita 3282 1
! griffin 1869 1 1585 1 593 2
! glander 504 1
! guardar 4544 1
! growabl 4135 1
! gaspard 4031 1 3054 1
! grisham 1870 1
! graphem 3350 1 3149 7
! gemacht 4869 1 2800 1 2782 1 1513 1
! geodesi 4676 15 1186 2 620 1
! gloriam 502 1
! gemaakt 142 1
! gamedev 3372 1
! gerrard 4790 1
! glorifi 2327 21 2311 4 1741 5 1740 2 2323 9 1762 4 4372 1 1985 2
! gluteal 4781 1
! grubego 1275 1
! gereisd 1986 2
! gitaigo 4432 4
! gingiva 584 1
! grander 4673 1
! galileo 93 1
! grapese 3067 1
! getslic 3334 3
! gstrich 1513 1
! gruffli 4066 1
! granger 3342 1 3319 1
! getciph 3600 1
! giseigo 4432 2
! goodger 400 1
! gotisch 1807 2
! groceri 266 1
! gagarin 3117 1 740 1
! gerenta 3193 1
! gebeurd 1986 5
! gibelet 3026 1
! goliath 4775 1
! gegeten 1986 1
! gindibu 3019 1
! galvani 2949 12
! genoact 4697 2
! genteen 160 1 56 1
! greatli 4392 1
! galleri 309 1 225 2 158 19 56 3
! gekkota 2130 1
! ginseng 2806 1 1591 2
! grammar 491 1 406 2 498 1 307 14 404 1 166 5 393 3 490 1 199 2 206 1 400 2 494 9 328 2 379 3 282 10 290 4 337 2 280 3 186 1 477 5 289 1 191 2 288 2 286 1 254 1 224 3 274 1 496 1 205 2 204 2 202 6 214 2 499 8 402 14 276 3 373 8 473 2 279 18 168 1 403 1 450 1 285 47 173 1 338 2 56 2 184 1 223 20 142 50
! grillen 142 1
! grinder 201 1
! gfxalgo 4717 1
! goulain 3450 1
! gravita 249 1
! gnaural 1591 4
! guidlin 2194 1 1509 1
! gramota 2121 1 2328 2 2083 1
! gssmweb 4050 1
! goodwif 504 1
! goodier 4696 1
! getppid 3041 1
! gramboo 2560 1
! gasconi 3663 1
! geldern 2882 1
! geninfo 2403 2
! grammat 496 2 173 1 495 1 402 1 494 7 406 1 166 1 373 3 202 2 499 3 223 4 328 1 56 2
! ghassan 2865 1
! gekomen 3562 1
! geboren 142 1
! geociti 477 1
! genmask 1477 1
! greudin 3156 1
! greener 3102 1 2879 1 2616 1 2210 1
! goldmin 3450 1
! gastric 1154 3
! gentili 142 1
! gnostic 4138 1 3118 2 2865 3
! grammer 499 1 491 3 173 1 163 1
! gaseiti 4668 1
! gardner 142 8
! gekocht 142 2
! goulash 4301 1 1619 2 1609 4 1608 5 1595 4
! graduat 492 1 398 3 218 1 113 1 93 1 27 1
! gujarat 3188 1 3048 1
! gremlin 1535 2
! getciti 2680 2
! greater 462 1 410 1 249 1 359 1 267 1 181 1 158 4 398 1 409 1 292 1 480 7 154 1 342 2 246 1 229 1 298 1 251 1 358 2 123 1 7 1 148 2 56 2 167 2 26 1 49 1 24 1 47 2 25 1 226 1 414 1 46 2 99 1 84 1 318 6 83 1 6 2
! gosplan 249 1
! gelatin 229 1
! goppold 4583 1
! grenier 3920 1 1047 2
! groupid 4884 1 3041 1
! gromark 3015 4
! gherkin 3573 3
! gfisher 2865 1
! genorel 4697 4
! gewesen 1513 1
! goodwel 2865 1
! glosari 301 1
! generat 3 1
! gelopen 1986 4
! getnumb 3978 2
! guarapo 3592 1
! graviat 132 1
! giorgio 722 1
! germlin 1138 2
! garnish 4219 1 2560 1 3526 1 3204 1 3231 4 3087 1 2915 2 2550 1 2298 2 4667 2 3832 2 3579 1 2153 1 2005 1 1951 2 3767 1 2548 1 1668 2 1613 1 2437 3 4577 2 2162 1 1612 1
! gaulish 3638 1 2902 1
! gebruik 192 1
! georgio 1450 4
! gesprek 4754 1 1714 3 1459 8 1772 3 1497 8 1713 6 4496 3 1986 3 1458 1
! getdocu 2840 2
! gizzard 3339 1
! gamespi 2291 1
! gelezen 1986 1
! geweten 1986 1
! glarner 963 3
! getitem 3334 5
! gregori 19 1
! gdbinit 4694 6
! glottal 405 1 193 2
! groucho 4477 2
! griller 3301 1
! gematri 4583 2
! gadgets 4715 1
! goshawk 142 2
! gaylord 3213 1
! gprolog 4874 1
! grigori 249 1
! gulfnet 4653 1
! greeley 709 2
! gjessen 2631 1
! graphit 4535 1 3512 2 2404 1 3568 2 2930 2 2310 1 2190 8
! gasolin 123 2
! genospe 4697 1
! gepatri 4831 1
! goddess 4648 6 4416 2 3055 2 1595 2 3021 2 3025 14 2105 2 3002 1 3048 1 2704 2 3026 2 2865 2 2015 1 2882 2 3023 2 504 1
! gezeten 1986 1
! gilbert 453 1 27 4 12 2
! glement 3965 1
! gautier 3911 1
! guangxi 2340 1
! gachett 3350 1
! gemeint 2447 1
! gogsadz 4696 1
! goulish 2688 1
! gamebox 4748 1
! geplant 1514 1
! genoinn 4697 1
! geloven 1497 3
! goodwil 56 1
! gutbook 309 7
! gshadow 1574 1 1573 2
! gaunilo 4138 1
! gefeest 1986 1
! gration 3712 1
! gadtool 4694 2
! graviti 467 1 142 1 96 2 359 1 84 1 39 1
! grayish 2360 1 2171 1
! gueuler 1199 2
! gromwel 2471 4
! gverket 4689 1
! gentler 2889 1 2084 1 1166 1 733 1
! greeney 2471 2
! gestapo 249 1
! gantner 3451 1
! gigabyt 4694 1 4498 3
! gauguin 4790 1
! geteilt 1484 3
! gettier 3407 2
! gmaster 878 1
! gelooft 1497 6
! gdarwin 3778 4
! gettemp 3363 9
! garment 4603 1 2323 1 3125 3 2327 1 1884 2 3025 1 3145 2 736 1
! glichst 1514 1
! grafiqu 4175 1
! gripper 4377 1 2520 2
! greyish 2930 1 4032 1 2197 1
! genotim 4697 2
! gavrilo 248 2
! gottfri 722 1
! genannt 970 1
! gallium 3212 1 2975 2 2585 1 4694 2 2404 1
! goldwav 190 2
! geriatr 2015 1
! gruppen 2782 1
! guetsli 4869 1
! gestalt 3441 1 3574 5 2334 4
! gisborn 2857 1
! gpasswd 1574 6
! grigson 1723 2
! gustavi 2897 1
! getform 4655 1
! getword 1316 2
! grueter 4648 1
! grendiz 2364 1
! gedanst 1986 1
! graphix 284 1
! glactos 3615 1
! gestion 1572 1
! gattung 1513 1
! glister 3025 1
! grossli 4208 1 3865 1 1416 1
! gestern 3887 5 985 2
! grotten 1595 2
! gerizim 4038 1
! gunpowd 253 1
! gibbous 4898 1
! garison 648 1
! giusepp 4790 4 4648 1 4766 1 4616 1 2949 1
! gateway 169 1
! glitter 4432 1 4038 1 1306 1
! guitool 4716 2
! gertrud 2865 1
! grenzer 1018 1
! gelernt 2782 3
! grobnot 3557 2
! geometr 298 1 133 1 67 1 142 4 127 1 40 1 132 1 107 3 102 1 470 1 93 2 7 1 37 1
! ganoush 2297 2 2276 4 1419 2 1595 2 1958 2 1806 2 2269 1
! genoves 1462 1
! gumdrop 3121 1
! glosser 203 1
! getpgrp 3041 1
! getvalu 3363 1 2840 4
! geweest 4496 2 1986 3
! gymnast 3757 1 3731 1
! genoequ 4697 5
! gerster 2883 1
! glasgow 4572 1 4066 1 3363 1 2505 2 2015 1 1281 1 581 1
! gourmet 2052 1 3473 1 2248 1 2018 1 1671 1
! generos 4072 1 4063 1
! gnustep 4356 1 4325 6 1332 2 1204 1
! grosser 2327 1
! gniezno 890 1
! gewerkt 1986 1
! genitiv 2134 1 1490 1 995 2 1022 1 992 1
! glorior 502 1
! gravest 593 1
! gouvern 1047 1 796 1
! gebeurt 1986 1
! gennett 736 2
! gemston 3221 3
! glamour 1747 1
! grissom 3121 1
! geneous 2310 1
! geoogst 2162 1 1902 1
! gesiwuj 3368 1
! gwinett 2865 1
! glstart 3372 4
! gustars 1578 1
! gratuit 4688 2 4673 1
! griseus 2897 2
! genotop 4697 13
! guzzler 2881 1
! garrett 398 37
! grobxor 3557 2
! gaseous 258 1 123 1 26 1
! grummor 3578 5
! getippt 1513 1
! gomphus 2874 7
! genosum 4697 3
! govorit 1366 1
! getattr 4813 2 4716 4 3334 5
! gressiv 2164 1
! gewoont 1497 1
! goodput 4873 2
! grestor 4279 4
! gethost 3041 1
! getserv 3041 1
! gastrul 4582 2
! gnoppix 3402 2 935 1
! gruyter 4649 1
! gnuplot 398 1
! goldwyn 736 2
! gonzosm 398 3
! geophys 2387 1
! glutton 3023 1
! gottrop 1936 1
! gombotz 1609 2 2565 2 1595 2
! garyvey 2865 1
! genotyp 358 1
! gibanica 1595 2
! gildedag 733 1
! goldbach 4697 1 1324 1 668 3
! gonabadi 4958 2
! goodhead 4215 1
! grafiana 2874 1
! grisbach 1040 1
! guidance 2327 1
! galerida 2897 1
! glaciali 2897 1 2874 1
! gandhara 2340 1
! gnupedia 2161 2
! geogebra 1401 2
! ghanaian 2881 2
! garcinia 974 1
! galician 2230 3 2134 1 1049 2
! germania 158 8
! garfield 1872 2 829 3
! geodesia 2865 1
! giardina 4697 1
! grosbeak 2897 3
! graficar 4252 1
! galilean 83 3
! graficas 4175 1
! ghfhjfjh 142 1
! griechen 3004 1
! gaffarel 1774 1 1773 1
! gamaliel 829 1
! greencap 2403 1
! greenend 3171 1
! ggelchen 2561 1
! grundlag 2782 1
! galapago 4755 3
! grafisch 1801 1
! gesprach 970 1
! gfreeman 4279 1
! gibberel 142 1
! gringard 568 1
! geslagen 4754 1
! glareola 2897 4
! glaucoid 2897 1
! grenadin 2778 1 765 2
! guaperia 3592 1
! guardian 4892 1 661 1 4180 1 2865 2 1842 1 2779 1 2323 2 1740 2 2184 1 4760 1 504 1 2220 2 1854 1
! goldberg 265 2
! greggman 3372 2
! gehangen 1514 1
! gethandl 4655 1
! grievanc 4790 1 702 1 649 1 3663 1 648 1 571 2
! genealog 142 6
! grignard 123 1 24 1 6 1
! getgrgid 3041 1
! gopaleen 3598 1
! galbiati 2865 1
! gumbopag 1926 1
! gedanken 2782 1
! gottlieb 2952 2 733 1
! gefallen 2246 1 963 1
! garganta 4720 1
! genescod 1158 1
! gierichm 4693 1
! grafiken 142 1
! gigantic 4582 1
! guerilla 574 1
! genospac 4697 13
! gebracht 1986 1
! gefahren 1066 1
! gematria 4583 7
! georgian 4608 1 3149 1 3160 1 2340 3
! geschenk 4869 1 2246 1
! gleducar 3823 4
! gatekeep 3178 1 3181 6 1121 1
! gridlock 1311 1
! gayfeath 2471 2
! gazpacho 4809 4 4577 8 3282 2 1595 2
! grayscal 4279 5
! greppina 4693 1
! gnutella 2161 1
! guanidin 453 1
! gentgeen 428 2 160 26 142 109 491 2 56 14
! groupdid 4693 1
! guacamol 3640 2 1959 2 1419 2 1595 6 1806 2 1732 1 1701 3 1437 1 1612 23 1702 1 1614 2
! gamilath 2865 1
! gfdsgfds 4981 1
! gonorrea 242 1
! guidelin 175 7 380 3 265 1 419 2 378 1 220 4 174 1 381 1 428 2 398 4 163 5 160 1 180 2 462 1 157 1 298 1 156 2 491 2 444 1 162 1 139 2 396 2 20 1 135 2 123 1 176 7 153 2 165 45 142 1 271 2 177 3 413 1 272 1 460 1 131 1 138 1 167 1 6 1 149 2 56 2
! glucogen 3615 1
! groetend 1465 1
! gingembr 1468 1
! getallen 1986 1 1713 2 1457 1
! guaiacum 504 1
! geograph 248 1 218 3 217 5
! genuitec 3840 2
! gefunden 2447 1
! gameinfo 3495 2
! glycogen 240 1
! goldfish 4768 1
! graffiti 2883 2 2875 4 3014 2 504 2
! grandpar 198 1
! guararap 3450 1
! gudielin 165 1
! gbdirect 397 1
! geslapen 1986 1
! giudelin 995 1
! grimnerd 1114 1
! gangleri 160 3
! gevonden 1986 1
! glucosid 3615 1
! gblanker 4693 1
! gunjaish 4958 1
! gehalten 2246 1
! globalis 4120 2
! grammair 379 1 142 3
! goldbook 9 1 6 2
! guarango 242 1
! griffith 4648 1 1131 1
! gehrlein 1796 2
! gebleven 1986 1
! gravelli 4066 1
! grillign 3394 1
! getgrnam 3041 1
! getbaudr 4183 1
! grundger 2782 1
! gothambu 2560 1
! gomorrah 2865 2
! gamewiki 4880 2
! goodbook 225 1 93 1
! geneolog 2984 2
! gebroken 1986 1
! geeignet 1686 1
! germanya 3993 1
! ginzberg 2950 1
! glycosid 3615 9 1591 1
! gujarati 477 2 476 1
! greasier 4198 1
! greekciv 3146 1 3145 1
! guffanti 142 3
! guitarra 2927 1
! guilford 572 1
! guarante 285 1 266 3 281 1 149 1 248 1 251 2 108 1 278 1 267 3 47 1
! gradient 466 1 330 2 260 2 112 1
! gasparik 4873 1
! gegraven 1503 1
! germanio 406 1
! grahamuk 2050 1 1701 6 1639 1 1469 1
! gilbreth 736 1
! geodynam 2952 1
! gimmearo 4694 3 4693 2
! greenish 257 1
! gekommen 963 1
! geworden 1178 1 967 1
! genommen 1285 1
! giovanni 4775 2 3450 3 3026 1 2327 1
! globular 359 2 353 1 211 1
! gueverra 223 1
! gyptisch 4180 1
! gebeuren 1986 1
! guanghui 3016 1
! garamant 3003 1
! gerhardt 3701 1
! grandmom 1678 1
! gaussian 4710 3 4596 1 2583 1 687 1 2711 2 2295 1
! girolamo 4790 2
! gimmitoc 142 1
! gunfight 733 1
! ganglion 1156 1
! getlogin 3041 1
! gilmorek 4046 1 4043 1
! glutamin 1591 1
! gelassen 2782 1 1736 1
! gelasnya 835 2
! ghazzali 4958 1
! gimnasio 223 1
! graphicx 1513 2
! glycerin 4391 1 3343 1
! genonumb 4697 5
! glanzman 2865 4
! gracchus 4416 1
! garganey 2897 1
! gillespi 2878 3 2865 1
! gloomier 1166 1
! gerundio 1387 1 1386 1 1515 3 1385 1
! gauthier 4697 1
! guadalup 703 1
! gongylod 2430 1
! granular 4688 1 3789 1 2620 1 4696 1 2341 1
! gameplay 4707 9 4435 1 3059 1
! gisteren 4496 2 1772 1
! gestolen 1497 1
! glowicon 4693 1
! goodonya 1899 1
! glossari 477 5 444 1 490 1 145 1 409 1 156 2 332 1 285 1 191 1 139 2 327 1 157 2 298 2 417 1 88 1 276 1 324 1 301 44 232 1 152 5 387 2 142 1 187 2 300 1 394 1 369 46 6 4 305 2 213 1 38 7 176 1
! groenten 1902 1
! grossman 4582 1
! guillaum 3203 2
! gunapamu 2865 1
! gurmukhi 4608 1 3149 1
! geotherm 3901 2 2952 14
! glassfet 4489 1
! grapevin 3024 1
! goldeney 2897 2
! geospati 4737 3
! granvill 1762 2 1741 2
! greatful 4958 1
! gastrula 230 1
! grandsir 2323 2 1879 2
! glycerol 365 1 363 1
! getpwnam 3041 1
! giothieu 1762 1
! glosario 142 1
! grenvill 571 3
! grandeur 4038 2 2323 2 1376 1
! ghiyyaat 3026 1
! guinther 1786 1 1761 1 1789 1 1756 1 2906 1 1792 1 947 2 1793 1 1760 1 1790 1 2204 1 1787 1 1759 1 1755 1 1791 1 2740 1 1753 1 3539 1 948 1 1512 1 1788 1 1588 1 1754 1 949 1 1476 1 1475 1 515 1
! gyrofrog 2161 4
! gnebulon 4805 4
! garzetta 2897 1
! galactos 258 1
! gfortran 2316 1
! gebrannt 4869 1
! glossair 142 28
! geometri 470 12 67 2 458 1 177 1 24 1 93 1 142 6 54 1 123 1 83 3 6 3 41 10
! gesticul 2221 1
! genmodul 4715 7
! genfunct 4715 2
! gridiron 1394 1
! guinever 3578 1
! gujurati 2560 1
! grandson 198 1
! grzegorj 1278 1
! goatskin 4066 1
! gmcfoley 3063 3
! gallicus 2897 1
! glucitol 2672 2
! galactot 2897 1
! geoffrey 216 2 187 8 111 2 45 2 120 2 43 2 108 2
! getpwuid 3041 1
! gedruckt 1736 1
! gratitud 223 1 205 1
! gnometip 3336 1
! giveaway 453 1
! grosenth 3483 3
! gstation 4690 1 4689 1
! gavrillo 4851 1
! gallinul 2897 2
! gangster 1870 1 736 4
! geocentr 1025 1 722 2
! geoglyph 2882 2
! geomorph 4610 2
! garbanzo 3573 2 1964 1 1902 1
! getgrent 3041 1
! gladston 4790 2 2783 1
! goodness 4668 1
! gruiform 2897 1 2158 4
! grpquota 1574 2
! greatest 373 2 148 1 49 1 474 1 298 1 56 1 6 3
! gonzalez 166 1
! goldwass 1621 1
! gloucest 2779 1
! gebruikt 1710 1
! gracious 56 1
! genotopi 4697 10
! geopolit 252 2
! gewartet 2246 1
! gyroscop 4859 1
! glasswar 3026 1 3003 1
! gershwin 2952 1
! giantess 504 1
! genometr 4697 2
! gustason 3296 2
! glossdiv 3266 1
! glyceros 3615 1
! gameshow 4541 1
! garrison 722 1 703 4 4416 2 651 1 571 2
! gnewsens 3541 2
! graubrot 2561 1
! guesstim 24 1
! gluttoni 4668 1
! gengston 4672 1
! gentlest 402 1
! groupwar 142 1
! glaucous 2897 1
! galterix 4832 9
! gunpoint 1311 1 733 1
! ghostgum 4279 3
! gimselst 1007 1
! gallston 3789 1
! gustibus 502 1
! gwinnett 4792 1
! genounit 4697 36
! gorgeous 242 1
! getprior 3041 1
! getpwent 3041 1
! gutarist 3265 1
! gzastorm 2865 1
! governor 2900 3 4063 1 4790 1 3101 1 709 3 3450 3 2015 2 2784 1 1864 1 736 1 735 1 829 1 4072 1 740 2 504 1 2901 6 739 1 733 1 2780 1 571 8 2778 1 663 4 569 1 2340 2 661 2 650 1 703 4 4416 2 593 14 570 5 1416 15 651 2 574 1
! gorgious 1071 1
! ganzouri 2865 1
! gdmsetup 1575 1
! graphviz 4694 1
! gunshoot 4432 1
! guernsey 2778 1
! griskult 4690 1
! generous 491 1 231 1 230 1 204 1
! geastrum 1040 2
! garriott 3059 1
! giorious 1879 2
! glycosyl 352 1
! grossest 2327 1 2323 2
! gataspus 4616 1
! getproto 3041 1
! gitorius 4693 1
! glorious 245 1 243 1 218 1
! genretyp 2632 4
! grievous 2340 1
! gauzeguy 2798 1
! grotesqu 703 1
! glycolyt 1301 1
! guttatus 2897 1
! garrulus 2897 3
! gustavus 3144 1 736 1 593 1
! grisebach 1040 1
! goedendag 1714 2 1459 9
! grandaddi 1782 1
! graphcalc 1401 2
! gamepedia 3495 2
! guadalcan 251 1
! gnacademi 398 1
! germanica 974 1
! guatamala 3530 1
! garibaldi 4790 2
! geomatica 4737 1
! geschmack 142 1
! guatemala 164 4 242 1 142 1
! gudakesha 2323 7 1884 2 1879 2
! goodfella 1876 1
! gespraech 972 1
! gzedcuaam 4748 1
! grisegena 2897 1
! goldfinch 3185 1 2897 1
! googlecod 4716 1
! greenland 2194 1 722 3
! genofield 4697 22
! ggkcfzcic 4693 1
! geschehen 3004 1
! gemmifera 2338 1 2026 1
! genbiocel 2142 1 930 1
! googlepag 471 1
! guamanian 3101 1
! glicerina 4391 1
! goolebomb 1314 1
! gazzaniga 4648 1
! glossalia 4582 1
! grandfath 198 1
! greenberg 3889 1 709 1
! grinstead 2907 1
! grammatic 4647 3
! ghassanid 3019 4 2865 1
! gochujang 4839 2
! gorbachev 3635 2 2222 1 1948 1 573 1
! gonorrhea 242 1
! gronsfeld 3015 5
! gestanden 1178 1 967 1
! gallinago 2897 3
! genoaddit 4697 1
! gilgamesh 2211 1
! grassland 3027 2 2878 2 2875 1
! gradesfil 3719 8
! globaldev 336 1
! gimselcmi 1007 1
! guaguanco 3592 1
! genospeci 4697 1
! generalli 4668 2
! gedaanten 3562 1
! geographi 218 2 460 1 246 1 492 3 217 2 142 3
! gutenberg 494 1 462 1 434 2 16 2 309 3 173 2
! guangdong 2928 2 2340 1
! greenwich 4893 1 4066 2
! gobildalt 3247 1
! guerrilla 252 1
! gephyraei 3020 5
! geschicht 142 1
! gilipolla 242 1
! gentleman 4072 1 4066 1 4690 1 4063 1 2233 2 3017 1 1802 1
! galbraith 4673 1
! guidebook 4422 1 4598 1 3893 2 4878 1 1281 2 581 2
! gaeltacht 4909 1
! guildford 3017 1
! gregorian 4897 4
! geometria 470 1
! gooversea 337 1
! gulliveig 1426 2 1412 2
! getmessag 3182 2 2840 1
! greengroc 4198 1 1936 1
! gracefool 4675 1
! getroffen 993 2 970 1
! gallinula 2897 1 2896 1
! glichkeit 2782 1 1513 1
! gewijzigd 1816 1
! gibberish 4422 1 3574 1 3541 3 3978 1 1773 1
! glenhaven 2864 1
! groningen 1503 1
! goodralph 3909 1
! granizado 3282 2
! geninclud 4715 2
! goldenrod 2471 4
! geradeaus 967 2
! gentgreen 160 1
! genuflect 2881 1
! grammatik 142 4
! globalvar 46 7
! gallaudet 3296 6
! gentlemen 2233 2 4765 1 1710 1
! glescraft 3372 30
! glossolia 2804 2
! groundhog 4768 1 1717 1
! gynecolog 2015 2
! germanbit 1059 1
! gibraltar 4780 1 3160 2 3025 1 3003 1 3145 1 3026 1 3021 1
! gaeilgeor 4909 1
! gallicism 724 1
! glandular 2334 1 1160 1
! genbiotoc 230 1 229 1 228 2 231 1 226 1
! gerrymand 653 2
! gratitude 4668 1
! generalis 3599 2 3678 1 3458 8 1478 1 3455 1 1800 1 955 1
! gladstein 1612 3
! greenspan 4372 1
! gallipoli 1696 1 4790 2 1695 1
! getlength 3182 3 2840 1
! genotopic 4697 2
! gramatiko 4740 1
! googlebot 3428 2
! gasperini 4697 3
! guglielmo 2949 1 2698 1
! geologymb 1978 1
! gersfreud 3197 1
! gamerwiki 3495 2
! greyweath 282 4
! goldstein 4671 2 3954 1 2698 1
! groundsel 2471 6
! gmonthday 2632 2
! gestalten 2782 1
! grassmann 4967 1
! gesammelt 4696 1
! guruvaram 2323 1 1877 2
! grandmoth 491 1 198 1
! girgashit 2865 1
! grammacus 2897 1
! gynoecium 519 2
! grandmast 1872 1
! goodstuff 282 16
! greenaway 1872 1
! galliform 2897 1
! greenwood 739 3 648 1 593 1
! golfsmith 4763 1
! gilbertes 1461 1 929 2
! goldsmith 4072 2 4063 2 4038 2 3025 1
! gutturali 2897 1
! gesproken 1986 1
! getsizeof 3334 1
! gaviiform 2897 1
! gripshift 1444 2
! gochugaru 4841 1
! germanium 2755 1 2585 1 2452 1 2404 2
! galleryen 3024 1
! gazillion 1127 1
! getdestin 2341 1
! genoderiv 4697 1
! gnomewarn 3336 1
! grossmann 4697 1
! guestbook 428 1
! guillermo 3829 1
! grenouill 2496 1 1930 1 724 1
! gesmolten 1986 1
! germinatr 3772 1
! gezwommen 1986 1
! gezwungen 1677 1
! goldcrest 2897 1
! genofunct 4697 1
! glomeruli 3789 1 1160 1
! glossario 1352 1
! guadeloup 3893 2 571 1
! gozaimasu 481 2 142 1
! greenness 4668 1
! gestaltet 1513 1
! gainsboro 2114 1
! goodyship 4066 1
! geminatum 2874 1
! guillotin 1802 2 503 1
! gfxdriver 4694 1
! guillemot 2897 3
! groundwat 3102 1 1494 1
! gospodyni 892 1
! germaniqu 799 1
! greatness 4668 1
! gregarius 2897 1
! gymnasium 223 1
! goclenius 2334 1
! gunderson 4649 1
! gargilius 3025 1
! gislateur 3965 1
! gloomiest 1166 1
! goodgerst 400 1
! geophysik 3026 1
! greentwin 1678 2
! geologist 142 1
! glassblow 2698 1
! geothlypi 2897 1
! gwyddbwyl 1692 1
! genoquant 4697 2
! greenhous 142 1
! guiltiest 1311 1
! grassless 4066 1
! grasshopp 4856 1 2811 1 2897 2 2130 1 4454 3 2114 3
! godwinson 1763 1
! guidepost 4892 2
! gastronom 4933 1 3024 1
! glossterm 3266 1
! graveston 502 1
! gigahertz 3196 1
! guangzhou 2928 1 2881 2
! glycolysi 466 1 351 1 209 2
! galveston 3053 1 2882 1 735 1
! guitarist 4796 1 4592 1 3269 12 3316 6 3082 1 3220 2 4113 3 2935 5 3234 2 3046 6 3375 4 3283 7 3265 3 3241 1 2951 1 2998 4 4171 6 2939 2 2960 2 2968 2 3957 2 2964 2 3459 1 2930 12
! gimpprint 1782 1
! grosvenor 2327 1
! getinterv 4279 2
! glasswork 703 1
! genogroup 4697 1
! gravitrop 510 1
! glyphshow 4279 3
! getresult 128 1
! guesswork 165 1
! gendertyp 2644 2
! glosslist 3266 1
! groundnut 3067 1 2915 1 1338 1
! glasshous 4066 1 1925 1
! gnetophyt 1146 1
! ghostbust 3181 1 1872 1
! gaudapadam 2323 1 1877 2
! githaginea 2897 1
! genmfxxxx 4715 1
! gaillardia 2471 1
! gumbagumba 135 1
! grandchild 2871 2
! grammatica 4754 2 1459 6 1772 3 1497 4 1986 2 1458 1 1713 6
! glareolida 2897 1
! gametangia 1146 2
! geographia 4689 2 3751 1 3026 2
! genomechan 4697 2
! greenfinch 2897 1
! googlebomb 1314 1
! gigantesca 3024 1
! griechisch 4935 1 3004 1
! grundlagen 4696 1 2782 1
! guatemalan 223 1
! geometrida 2114 2
! gunkanmaki 3579 3
! guendelman 4697 1
! greenbreen 330 4 458 4 133 8
! geezermech 3495 2
! gerolimich 142 1
! grammarian 499 2 402 1 285 1
! guadalhorc 3026 1
! greenthick 3221 1
! gianfranco 4118 2 3550 1 2086 1
! gnomepanel 3349 2
! girlfriend 242 1
! ghassasina 3019 1
! gemeinesam 142 1
! gynaecolog 142 1
! getsocknam 3041 1
! ganfornina 4697 2
! genocotang 4697 1
! glycolipid 1122 1 1121 1
! getpeernam 3041 1
! gegenstand 4696 1
! greenshank 2897 1
! grifterrec 2865 1
! germanflat 4066 1
! gtkradiant 2291 11
! generaliza 3024 1
! gepflegten 2782 1
! gewaltigen 2782 1
! galantamin 1591 9
! grammatikk 2673 1 2629 1
! gastropoda 229 1
! gesprekken 1459 2 1457 2
! graphicart 1978 1
! genoassoci 4697 3
! generaliti 4668 1
! gliederung 1513 1
! gooseberri 2561 1 974 3
! guttenplan 4649 2
! geschreven 1986 2
! glossogeni 4647 1
! godlewskii 2897 1
! greensleev 3462 1
! gargantuan 2726 1
! gedruckten 142 1
! grunewaldt 3483 1
! guineafowl 2194 4 2156 1
! greenstein 3025 1
! grenavitar 2364 2
! genoinvari 4697 1
! genoexpect 4697 2
! genotheori 4697 17
! geiculescu 2403 1
! gitaarstem 3375 1
! guillement 4063 2
! gopticstoc 132 1 67 2
! gorgonzola 2613 1
! galvanomet 2695 3 1055 5 2949 1 1054 1
! geburtstag 4427 1 3887 13 3004 1 3026 1 2800 2 2264 2
! grossartig 4478 1
! globaloney 2881 1
! gethostnam 4394 1
! golmerular 3789 1
! gadolinium 2695 1 2585 1
! glomerular 3789 21
! gentiobios 3615 1
! geometries 4697 3
! genderless 4012 1
! geneticist 356 1
! glandarius 2897 2
! gradualist 736 1
! generalist 396 1 298 1
! getfirefox 3700 1
! groupthink 4673 6 2804 2
! gyearmonth 2632 2
! germelqart 3025 1
! garantiert 1513 1
! gprojector 4610 1
! generateur 1329 1
! geometrisk 4697 1
! gastronomi 3282 1
! gnetophyta 2169 3 1146 1
! groundless 4038 1 3023 1 1307 2
! grapefruit 4433 1 3607 2 3004 2 796 1 1973 1 3757 1 974 2 2676 2 1681 2
! government 394 1
! guarantess 2381 1
! globaltext 1650 1
! getkeyword 4694 1
! grzanowski 307 1
! gymnosperm 2169 2 3901 2 1146 3 1173 10 508 1
! generatrix 4696 1
! grummermor 3578 1
! glycocalyx 3789 2
! getsockopt 3041 1
! gettysburg 3098 4 708 12
! germanroot 1820 2
! gestolpert 1686 1
! georgetown 4012 1 3296 1
! groundwork 4748 1 3663 2 1461 1 2968 1 4083 1 2125 1 3620 1 679 1
! gutenprint 4693 1
! germantown 4066 1 572 1
! gestaltist 2334 1
! getnodetyp 3182 1
! gouverneur 593 1
! guinealynx 2443 1
! glossarist 4038 1
! glaucophyt 2169 1
! grummersum 3578 1
! gametophyt 2542 5 1887 2 1173 1 1146 6
! glomerulus 3789 16 1159 4
! goedemiddag 4496 1
! gongxifacai 1577 2
! gingerbread 4869 2 4029 2 2764 3 2561 2 4763 1 2057 2 1595 4 1509 3 1468 3 1438 6
! genoalgebra 4697 5
! geschiedeni 142 1
! gleichnamig 963 1
! godhatesfag 135 1
! grundlegend 917 1
! geschrieben 3141 3 1514 1
! grandfamili 4573 1
! grendelkhan 1757 4 1319 1 920 2
! groundbreak 3957 1
! graphicsbas 4356 1
! goastsbeard 3873 1
! gengiskanhg 1453 2
! glossolalia 2804 1
! getchildnod 3182 1
! ghirardelli 3311 1
! generischen 1514 1
! generalized 4697 1
! gevorderden 1457 1
! grossbanken 963 2
! googlevideo 458 1
! gemeinsamen 2782 1
! granddaught 198 1
! goedemorgen 1497 4
! glossopoeia 4616 1
! genbiogenet 2143 1 930 1
! glosopoesia 4599 1
! genoparamet 4697 1
! gyanendriya 2323 1
! genocoordin 4697 3
! grammaticum 4012 1
! getnetbynam 3041 1
! genotheorem 4697 1
! generalment 280 1
! genobimodul 4697 1
! guanidinium 2933 1
! greaseproof 1723 1
! gestofzuigd 1986 1
! getnodevalu 3182 3
! glucoamylas 211 1
! gastrotrich 229 1
! genounitari 4697 2
! globalwrapp 4463 1 4159 3 3982 1 3906 1
! gildehuizen 1457 1
! genealogist 3679 1
! geschlossen 1513 1
! ginkgophyta 2169 3 1146 1
! genonumbers 4697 1
! gtktreeview 3752 1
! genoenvelop 4697 2
! genotopolog 4697 1
! glastonburi 1554 1
! genoproduct 4697 7
! gustafssonj 4693 1
! glomeruluar 3789 1
! geosynchron 3532 1
! gallirallus 2158 4
! gastroenter 1144 1
! glucoheptos 3615 1
! genomultipl 4697 1
! greenyellow 2114 1
! geometrytoc 470 2
! getattribut 3182 1 3178 2
! ghostscript 4279 80 4693 2 1513 1
! gettextcont 2840 3
! gameteophyt 2542 1
! genbiotissu 2145 1 930 1
! geantwortet 3201 1
! gjgaaaaayaaj 494 1
! guineapigcag 2443 3
! gbtsrhtrysr 142 1
! grundlegende 2262 1
! gomphaeschna 2874 1
! grunnleggend 2673 1 2629 1
! globalvillag 4648 1
! garshneblank 4693 1
! geofferybard 428 12
! gyakorlatban 3368 1
! galericulata 2897 1
! gegratineerd 3928 1
! gibraltarian 3160 1 2057 1
! getclientcod 2341 6
! gesellschaft 3701 1
! gozaimashita 481 3
! globalvarfil 4715 2
! greekgrammar 4422 1
! getnetbyaddr 3041 1
! galiciacoast 752 1
! gastrotricha 229 1
! genmfxxxxxx 4715 1
! gardeningpar 3605 2
! genomathemat 4697 25
! gochisousama 4251 1
! getposininch 4688 1
! gradientslid 4714 1
! geschweiften 1513 1
! glockenspiel 3110 1
! giambattista 4180 2
! geluidsopnam 1459 1
! georgbauhaus 3449 2
! genoprincipl 4697 1
! genogeometri 4697 9
! gethostbynam 4394 1 3041 1
! getservbynam 3041 1
! geomorpholog 2952 1
! genohamilton 4697 1
! genosymplect 4697 2
! glycoprotein 359 3
! governmentip 1245 1
! glossaryinfo 3266 1
! goodbooktest 1037 1
! genosymmetri 4697 1
! grasshoppers 3913 2
! garretwilson 3794 1
! genbioevolut 228 1
! gastronomiqu 1926 1
! genostructur 4697 1
