! hc 3119 1 4748 3 2403 3 2015 1 721 8
! hb 4571 1 3203 1
! hd 4831 2 3936 1 4697 8 3372 1 4693 4 2905 1 2865 3 2379 1
! hf 2585 1 2403 4 4053 2 1061 1 4051 6 2698 8 2188 1
! hg 145 1
! hh 404 1
! hk 4831 1 4043 1 1322 2
! hj 156 1 152 1
! hl 396 1 142 1 128 2 9 1
! hm 427 1 398 1
! ho 453 1 405 1 142 1 26 1 6 1
! hp 142 1
! hr 272 1 265 1 133 2 494 1 120 1 51 7
! hs 4541 1 3285 1 1400 1 2585 1 4697 1 4619 1 2188 1 943 1
! ht 128 1 52 1 49 1
! hu 291 1 174 1 272 1 41 1 173 1 169 1 142 3 56 1
! hv 2700 1 2403 1 1304 1
! hw 3945 2 4694 5 3719 3 3714 12 1114 1
! hx 4696 2 4241 10 4242 7 903 1 749 1 4216 1 746 2
! hy 272 1 156 1
! hz 106 1 95 2
! hda 2905 7 2379 8 1574 11
! hab 3692 8 1777 5 1515 1 1434 8 3201 1 1144 1 3320 1 2396 1 1736 1 991 10
! hdb 2905 4 1574 1
! hac 3260 1 1629 1 1057 2
! hae 954 1 695 1
! heb 142 2
! hdd 4991 5 2905 1 1574 3
! hdc 2905 2 1574 3 1573 1
! hla 3620 2
! hag 1591 1
! hah 1503 1 943 1 721 1
! hic 499 1
! hid 3638 1 3023 1 3620 4 2279 1 4693 10 1096 2 3696 1 2871 1
! hoa 3011 2
! hee 4455 1 1465 1
! hai 4958 3 3462 1 3264 5 2625 1 1711 18 1740 1 1190 25 2214 2 927 3 1522 1
! hmc 330 1
! hsa 2865 1
! hob 1178 1 967 1
! hdi 4047 1
! hua 3057 1
! heh 405 1 396 1
! hpc 2403 1
! hif 477 1
! hoc 394 1 135 1 491 1 56 1
! hva 2666 3 2635 1 2625 10
! hig 6 1
! hod 2441 3
! hci 4748 10
! hei 214 1
! hne 4766 1
! hoe 4768 1 3035 1 1714 2 4496 2 1713 6 4754 1 1465 4 4066 2 1459 12 1458 1 1497 16 1457 1
! hal 3266 1 830 2 3602 1 1423 1 1038 2 4690 1 1480 1
! ham 200 2
! hbl 666 1
! hhh 2772 1 855 1
! hub 4693 1 4564 1 4694 1 4648 7 4826 1 4563 2 4535 5 3979 1 1449 1 2875 1 3433 1 1486 42 1447 1 1446 7 570 1 1444 5 574 1 1185 1
! hej 173 1 90 1
! hsc 492 8 93 1
! hud 654 1
! han 496 1 253 1 142 3
! hcl 26 1 6 1
! hel 4690 1 3035 1 1356 1
! hpg 142 1
! hog 4688 1 2471 2 2341 1 2200 1 4873 1 972 1 2050 1 2194 1 2049 5 2197 4
! hse 142 2
! huc 4012 2 3742 1
! hre 3004 1
! hdl 3067 2 517 1
! hij 142 1
! hof 2232 1 1500 2 1490 1 995 1
! hap 1749 1 1656 2
! hao 142 1
! hbo 2952 1
! hcn 4537 2 506 1
! hoh 4784 1 1267 1
! hte 1314 1
! hue 257 1
! hbn 2164 3
! hem 462 3
! hco 4051 6 3447 1 1125 1
! hoi 142 1
! haq 4958 1
! hen 56 1
! heo 3059 2
! hug 142 1
! hil 4859 1
! hmm 208 2 142 1
! hll 2864 1
! har 358 1
! hbr 263 1 6 4
! hin 4869 1 4835 5 4427 4 4372 1 2782 1
! huh 216 1 205 1 371 1 173 1 223 1 142 2
! hth 4641 1 1281 1 581 1
! hri 4006 1
! has 438 2 392 3 193 7 484 7 285 1 473 7 331 1 284 8 474 1 183 2 333 1 480 1 498 2 163 1 260 9 495 4 10 1 207 2 307 1 389 3 458 7 167 4 496 5 453 6 265 4 168 1 494 2 306 1 403 1 422 1 416 4 358 8 352 1 330 1 427 23 491 7 294 2 391 1 288 1 385 1 282 8 379 7 278 2 475 4 375 1 472 5 271 3 174 1 464 1 267 2 266 5 460 4 169 2 447 14 253 3 56 34 223 10 419 1 25 4 222 3 413 1 216 8 410 1 213 1 16 3 405 6 208 1 402 7 205 3 396 3 199 1 384 1 187 2 186 1 383 3 177 1 373 8 176 5 171 1 166 2 363 2 165 16 359 19 162 2 158 13 355 2 160 19 157 2 354 3 152 6 150 7 339 2 142 14 336 3 139 2 335 1 138 1 38 1 235 2 220 1 417 4 120 5 123 13 20 1 414 2 113 5 105 6 499 8 449 1 252 2 58 1 398 45 201 1 7 23 445 1 51 9 248 1 54 2 49 2 190 1 93 1 240 1 46 6 135 6 329 2 132 3 229 8 35 2 281 2 84 1 181 2 428 7 231 1 37 3 48 22 145 2 342 4 148 1 95 1 115 1 12 2 406 3 226 2 129 1 444 4 50 4 244 6 47 8 83 11 280 2 27 4 421 2 127 2 24 5 221 14 418 6 21 7 415 2 121 2 318 6 180 1 36 5 106 2 303 1 200 1 397 6 6 13 118 1 114 1 211 3 408 1 117 1 202 10 99 2 493 1 149 2 52 1 254 1 57 7 40 5
! hti 4831 3 1186 1
! hip 226 3 142 1
! hat 427 1 56 1
! hbs 2164 3
! hio 4694 1
! hln 4200 1
! hkn 3684 2
! hxh 3620 1
! hom 3024 2 2711 6 732 16
! hol 3901 2 3014 3
! hui 404 5
! hlp 3776 1
! hno 4051 2
! hav 4690 1
! hfs 40 2
! hon 284 1
! hrm 1509 1
! hfr 358 4
! hes 504 2
! het 142 1
! hop 251 2 142 1
! haw 974 2
! hhs 654 1
! his 499 2 223 1 460 1 491 2 472 1 495 1 406 6 475 1 428 2 398 5 375 2 496 1 402 1 373 1 285 1 282 2 251 4 202 2 249 43 226 1 201 3 248 3 160 13 158 2 43 1 135 3 165 1 309 1 27 5 142 1 51 1 427 9 40 4 83 4 224 5 7 1 221 3 56 16 244 5 12 3 6 2
! hoo 4541 1 4975 1 4455 1 2560 1 1714 1
! htm 304 1 499 1 453 3 349 1 302 1 237 1 444 1 397 1 286 1 291 1 56 1 9 3 216 1 173 1 165 1 494 1 230 1 336 5 477 1 221 4 464 1 142 6 231 1 232 1 337 2 38 3
! hum 4746 1 3283 2 3957 2 3759 1 3110 1 3061 1 3001 17 2930 5 1324 1 2881 1 4616 1 1085 1
! hir 4619 1
! hbv 3387 1
! hso 4051 1 3447 1
! hsp 142 1
! hun 3350 1 1710 6 3059 1 3638 1 1713 1 2629 3 1459 3 1371 1
! hro 2291 1
! hay 242 2 142 1 265 1 199 3 496 1 166 5 56 4 168 5 190 3
! hms 251 2
! hit 496 1 221 1 56 2 241 1 472 1 120 1 392 1 251 1 48 1 462 1 157 1 444 1 158 1
! hex 266 3 123 2 48 4 50 1 49 1 52 3 47 2
! hos 2865 1
! haz 288 3
! hew 2315 1 1096 4
! hiv 353 1
! hns 165 1
! htp 1591 4
! hor 3920 1 1806 1
! hey 499 1 427 2 497 1 398 1 491 1 444 3 120 1 308 1 402 1 285 1 390 1 142 10 330 1 56 2 291 1 190 1 88 1 135 1 173 3 187 1 371 1 40 2 132 1 221 1 441 1 458 1 90 2
! hot 467 1 462 1 417 1 142 1 230 1 200 1 199 2 174 1
! hyp 3305 1 1558 1
! hnt 1178 2 967 2
! hpt 4693 1
! hrt 142 1
! hiy 142 1
! hpv 4397 1
! hus 4790 2 4690 1 4689 1 3663 7 2631 2 722 1
! hst 2561 1 2317 1 967 2
! hur 4690 1 4689 1 4546 3 736 2
! hkx 405 1
! htt 142 1
! hut 4010 1 1482 1 2609 1 4765 1 2443 2 4736 2 2321 1 2992 1 2106 1 680 1 2341 1 2247 1 917 1
! hws 398 1
! hyr 4690 1
! hoy 168 2
! hrw 1769 1
! huw 4582 1
! htx 1820 1
! hyv 4831 2 1267 1
! htw 4693 1
! hyw 4729 1
! haab 3149 1
! haba 4092 2 3521 1
! hebb 2334 1
! heba 2865 1
! haga 288 1 56 1
! hbad 4954 1
! head 482 1 229 3 276 1 177 1 499 1 397 1 444 1 220 1 427 1 226 2 295 1 363 7 285 1 216 6 14 1 249 3 396 1 208 2 167 36 120 1 375 1 187 1 176 1 25 4 213 4 56 2 494 1 165 2 447 2 142 2 398 2 163 1 186 1 241 1 288 1 58 2 113 2 158 2
! haec 695 4 583 1 582 3
! hadd 2800 1
! haha 142 2
! hace 280 1 199 12
! habe 4012 2 3887 16 3729 3 3004 12 2377 1 4010 1 2801 2 4427 1 2782 1 2474 1 3141 3 2246 1 1686 1 963 1 825 2 995 3 3815 5 1777 2 972 2 1200 3 993 2 810 2 971 2 1514 3 985 1 584 1
! huaa 3264 1
! haag 4714 5 4693 1
! hade 4690 1
! haib 2214 1
! heed 4584 1 2341 1 1047 1 2323 1 1308 1 4582 1
! hobb 4790 2 4749 6
! hpda 4279 1
! hach 1058 1
! halb 4586 2 3887 7 825 2 3729 2 4427 2 2227 1 997 3 2800 4
! hama 3026 1
! hice 280 1
! hidd 4715 5 4714 2 4694 55 4693 1
! heah 2804 1
! hpcc 4550 1
! hedg 2471 2 4038 1 593 1
! heid 4831 3 3701 1 1816 2 1772 1 1713 1
! hija 242 1 198 1
! hoga 1190 2
! hide 460 1 427 4 418 1 396 1 51 4 157 2 249 1 202 1 366 1 389 1 223 1 208 1 417 1
! hana 379 5
! hvac 4559 1 4558 1 4555 1
! habi 898 1
! hfdh 2498 1
! hoja 4257 1 4242 1
! hanc 695 1 582 1
! hyad 1509 2
! haal 4754 1
! hehe 208 1 142 1
! hasa 1371 3
! hdbk 2403 1
! haam 3026 1
! habl 288 4 280 4 199 6
! hack 135 1 223 1 158 1 56 1 397 1 375 1 160 3
! half 404 1 392 1 277 2 222 1 398 1 297 2 495 1 150 1 253 1 111 1 252 1 482 2 106 1 200 2 223 2 352 2 211 3 165 2 427 1 239 6 101 2 148 1 102 1 21 1 397 1 29 2 40 1 218 1 359 1 37 1 295 3 389 1 67 1 402 1 120 1
! heal 4958 1 4122 1 3069 1 3055 1 2871 3 1445 1 4690 1 2804 2 3772 1 3725 2 1591 1 2403 14 1128 1 503 1
! held 438 2 428 2 83 1 359 1 491 1 249 3 293 2 309 1 475 1 383 1 398 1 90 1 135 1
! hina 2665 2
! hola 142 2 115 1 166 3 56 4
! huia 2896 2
! hemd 2106 2
! hale 4066 1 1791 1 1790 1
! hand 260 1 285 1 96 1 427 2 330 1 482 1 410 1 216 2 226 1 224 2 418 1 40 1 331 6 428 1 381 1 282 1 248 2 207 1 160 1 398 6 204 2 157 1 251 2 57 1 480 3 318 1 221 1 130 1 202 1 443 2 152 1 249 3 223 3 417 1 135 1 158 3 246 1 123 2 405 1 211 1 93 1 7 8 242 1 67 2 458 1 167 1 6 3 491 2 56 5 444 2 133 1 338 1
! hube 1543 1 3692 1 1517 1 1515 1 1434 1
! hara 2560 3
! high 389 2 466 1 231 1 428 2 410 1 398 7 354 1 285 2 332 1 470 3 373 3 329 2 358 1 421 1 330 2 427 2 142 3 45 1 283 1 265 2 453 12 359 3 165 4 355 1 402 2 111 1 499 1 249 3 434 1 240 1 284 5 237 2 226 1 225 1 221 1 211 2 83 1 180 1 176 2 467 6 263 1 169 1 121 1 24 1 482 3 94 2 158 1 255 1 449 2 26 1 123 4 217 1 445 1 154 1 251 1 7 1 298 1 148 1 342 1 51 1 248 2 54 1 53 1 200 3 6 19 56 3 444 1 397 2 106 1 244 1 36 1 177 10 246 1 93 9 481 1 113 1
! heme 4831 1 3620 2 1119 1
! hike 4831 1 4736 1 1867 1 2428 1 2042 2 3813 3 1978 4 1307 1 3369 1 971 2
! hoch 6 1
! hodg 4098 1 1757 1
! hoff 1713 2 903 2
! hoid 2323 1
! href 418 1 216 3
! hoge 1497 1
! hccl 568 1
! hata 4544 1
! heck 330 1 56 1
! hera 3025 1 2403 1
! higg 2749 2 2056 1 1025 1
! herb 462 1 200 6 14 2
! hoje 4162 1
! haub 2106 1
! hene 4786 1
! hogg 4063 1 4072 1 4062 1
! hava 402 1
! heta 1384 2
! hgcl 4051 1
! hind 142 1
! hira 4958 1
! hmpa 6 2
! hodi 4012 3 4010 1 1431 1
! hplc 507 1
! huai 2928 2
! hyde 3145 1
! hard 460 1 414 1 428 1 417 1 496 2 402 1 398 7 444 1 491 1 260 1 307 1 20 2 396 1 258 1 380 2 265 1 242 1 285 2 216 1 251 1 458 1 176 1 223 2 200 1 405 1 499 5 123 1 49 1 43 1 6 1 282 1 221 2 207 2 160 2 56 4
! huic 695 1
! heel 4634 2 4113 1 3213 1 3345 1 1816 1 2644 1 2930 1 1465 2 1449 1
! hick 242 1
! hajj 4958 1 2865 2
! hdpe 2551 1
! hadn 160 1
! hilf 156 1
! hang 217 1 142 1 274 1 249 1 282 1 48 1
! havb 4449 1
! helg 3701 1 1906 1
! hold 207 2 200 1 318 1 180 1 157 10 493 1 359 2 428 2 7 1 336 3 148 2 467 1 398 6 349 4 248 1 363 1 205 1 158 4 480 2 57 1 104 1 150 1 35 1 58 1 267 3 37 3 120 1 26 1 496 1 266 3 174 2 281 1 491 1 303 1 21 4 397 1 6 2
! huge 428 2 398 1 249 1 484 1 392 1 248 1 499 2 453 1 338 1 223 1 56 1 217 1 165 1 158 2
! haya 3692 4 1515 1 1434 3
! hock 2049 3 1069 1 961 1
! hail 2781 1 1296 1 3638 1 1182 1 4416 1 1018 1 3025 2 4060 1 679 2 939 2 502 1 612 1 1096 1 4569 1 3125 1 572 2
! hine 4671 1 4031 2
! heap 265 1 200 1 56 1
! hihi 2896 2
! hole 458 4 282 1 462 1 242 1 226 2 148 1
! hond 1713 1
! hooc 4784 1
! hora 224 2 142 1
! humb 2930 1
! herd 2871 1 2340 5 2327 1 2878 1 843 1 643 1 4673 1 2902 1 504 1 2804 6 2089 1
! hrdi 2164 1
! hubi 3692 2 1434 2
! hare 2631 2 4768 1 1710 1 2194 1 1374 2 4066 1 1140 1
! hunc 695 1
! heik 573 3
! haar 4754 2 1710 2 1816 2 1772 1 1497 11 1459 2 1713 3 963 2
! habr 3692 13 1541 1 1515 2 1434 11
! hahn 3889 1 3701 1 2561 1
! hakk 1321 1
! hate 427 1 417 1 249 1 223 1 56 2 375 1 221 1 397 1 398 2 200 1
! hbar 3678 6 3119 1
! hemi 1139 1
! hexa 7 1
! heya 2957 1 631 1
! hocl 2623 1
! hoek 1713 2
! hood 3328 1 3230 2 2279 1 1309 2 703 1 4958 1 2175 1 3334 1 2897 2 708 1 740 1 3017 1 2236 2 2441 1
! hugh 1027 1 1764 1 1310 4 4673 1 1307 4 736 2
! home 205 1 251 1 392 1 435 1 253 1 460 1 406 3 371 2 282 3 329 1 423 1 47 1 444 2 491 2 398 3 172 1 266 1 248 1 249 5 148 1 477 1 355 1 56 4 373 1 166 1 495 1 121 1 471 1 142 1 223 2
! hing 2560 6 2016 1 1447 1
! hone 398 1
! hoan 2883 3
! hlji 2864 1 2772 2
! hjmh 142 1
! hash 431 3 417 1 379 1 255 1
! hain 3264 1 1190 2
! hank 224 4
! hall 249 6 158 4 142 1
! hear 282 1 427 1 482 1 229 1 398 1 285 1 208 1 204 2 235 1 177 1 499 2 223 2 256 1 40 1 201 2 100 1 221 1 405 1
! hire 398 1 142 1
! hord 4416 1 2340 2 703 1
! huck 113 1
! hund 37 3 21 4
! hura 402 1
! husa 2631 1
! hume 4790 2 4421 1 4038 1 3407 2 3880 1 2890 4 4138 2 1872 1 2897 1
! hope 499 4 427 1 297 1 428 1 441 2 253 2 248 2 282 2 235 3 216 1 285 1 204 1 251 1 187 1 328 1 173 1 186 1 163 1 398 12 208 1 396 1 185 2 138 2 491 3 444 6 397 1 162 1 151 1 40 1 132 1 221 1 409 1 14 1 108 1 458 1 223 3 129 1 142 4 330 1 111 1 487 1 165 3 366 1 84 1 460 1 120 2 56 16
! hhse 4647 2
! hago 199 1
! hoof 4856 1 2875 1 2194 1 504 2
! hiya 142 1
! hore 142 2
! habt 3887 1 3004 1 993 1 971 1
! huan 3694 3
! hasi 3145 1 3025 1 2560 2
! hcho 4537 1
! heat 152 1 157 2 25 1 123 5 93 2 445 2 342 10 12 1 226 1 6 3
! hego 4831 2
! hein 4647 1 2882 1
! hejm 406 1
! hell 444 1 165 1 242 2 142 1
! hijl 1772 1
! hogl 2882 1
! holi 244 1 142 3
! hong 251 1
! hoog 1743 2 1497 3 4545 2 1345 2
! hpgl 4279 1
! hrem 2865 1
! hohl 3110 1
! hari 1628 2 4447 1 1177 3 4444 1 944 4
! hamm 1804 4
! hnen 1285 1 1513 3 1178 1 967 1
! hlen 1513 1 1484 1 825 2
! hath 4066 1 651 1 3600 2 3025 1 2865 1 650 1
! huel 242 1
! hote 1190 1
! hurd 142 1
! hive 2806 2 3069 1 3024 1 2014 1
! hann 3701 1 4690 1 1560 3
! hark 205 1
! haze 939 1 703 1
! hdds 2379 1
! hebt 4496 1 1986 1 1816 1
! helm 249 1 165 1
! hemm 4831 2
! hnte 1178 1 967 1
! honi 462 1
! hose 358 1
! hren 2246 1
! hung 4072 1 2822 1 2781 1 2443 1 2857 1 4066 1 708 1 3945 1 2105 1 3025 2 2197 1 1096 2 4063 1 3143 1 2952 1 4183 2 733 1 703 1
! halo 369 2 142 1 56 1
! hill 379 1 154 2 123 2 36 1 21 1
! hati 4697 1 927 2
! heri 4010 3 1431 1
! hubo 242 1
! hoar 4365 3 3778 1
! homi 4831 3
! henl 499 1
! hmph 3377 1
! heth 708 1
! henn 2629 1
! havi 2952 1
! heav 1096 4
! hove 1096 1
! heti 4831 1
! holl 623 1
! heet 4754 1 1713 2 1497 28
! helo 142 1
! herk 2782 1
! hier 404 4
! hobr 2623 1
! hopi 2872 49 2875 31 2865 2 1739 2
! hsph 2724 1
! huli 2560 1
! hype 3014 1 3010 6
! hamp 4500 3
! hijo 242 1 198 2
! hair 443 4 438 2 249 1 358 1 226 1 242 3 167 1 158 6
! hask 1738 1
! haft 4690 1
! hagu 3450 1 2016 1
! hulk 3462 1
! hemp 2340 1 2308 1 1471 1 3369 1 1419 2
! hoth 3057 1
! hais 3121 1
! hanp 2865 1
! haul 3945 1 572 1
! hcoo 4537 2
! hler 12 5
! hmmm 414 1 398 1
! holm 142 1
! hook 499 1 431 2 398 1 358 1 295 4
! htdp 265 1
! hemo 56 1
! harm 464 2 266 1 200 1 427 3 152 1 142 1
! honk 4116 1
! heir 4851 1 2781 2 504 1 2784 2 4775 3 4038 3 4790 1 728 1 4582 1 3059 1 1038 1 2855 1 1763 3 2327 1 4063 1 2340 2 1306 1 569 2 2778 5 593 2 3010 1 2780 7 722 1 2779 1 1307 3
! help 0 3
! hasn 417 1 402 1 160 3 56 1 398 2 113 1 48 1
! huat 1058 1
! hawk 142 2 51 1
! hazi 4748 1
! herm 4279 1 4062 1 2902 1 504 2 3023 1 4038 1 3272 2
! hern 1749 3
! hool 462 1
! hunk 4715 1
! html 416 1 372 1 477 3 309 2 286 1 51 1 148 1 321 1 418 14 482 1 490 1 114 2 396 2 223 2 453 1 423 1 392 7 484 2 360 1 357 1 216 76 330 4 233 2 221 6 362 1 265 1 165 4 150 2 9 4 203 3 494 1 52 1 149 1 158 3 255 1 205 2 302 6 402 1 499 1 305 3 111 1 444 2 56 4 167 3 361 1 120 1 483 1 192 2 50 1 284 2 49 1 316 2 25 1 113 5 16 2 307 3 116 1 213 25 436 3 48 1 336 1 142 10 298 1 7 1 204 4 398 2 301 3 281 1 337 2 46 1 93 5 282 3 241 1 47 1 121 2 6 2 40 4 431 4 334 1 43 1 38 2
! hlaw 593 1
! hrer 249 1
! hush 4765 1 3600 2
! hugo 458 1
! hull 2297 5 2698 1 708 1
! homm 142 2
! hrmm 120 1 56 1
! hjpo 142 1
! halt 358 1 249 1 47 1
! harp 3183 3 3110 1 2939 1
! havn 4183 1 2728 1 2161 1 1509 1 1467 1
! henr 4545 2
! hubt 398 1
! homo 406 2
! hoon 3264 1 1190 1
! hero 142 3
! hixi 3042 1
! herp 4397 1 1141 2
! horm 3499 2
! hmtl 484 1
! halv 57 1 6 1
! hoax 2882 1 739 1
! huet 4766 1
! harr 3678 3 2865 1 2705 2 2310 2 1414 1
! hcsp 2616 1
! hilt 3449 2
! hayn 2902 1
! hewn 1096 1
! hito 4753 1
! hoop 142 1
! hopo 369 1
! hton 4394 5
! huon 4766 2
! hurl 4710 4 3025 2 3023 1
! husk 4454 1 3521 1 3105 1 2443 1 2297 1
! horn 491 2 428 2 398 16 154 1 242 2 165 5 160 6 375 4 56 5
! hymn 249 1
! hump 2274 1 2133 1 1446 2
! hatr 204 1
! herr 153 1
! huir 1526 2
! holt 2232 1 2125 1 1490 5 995 1 740 1 1500 2 1192 1 702 1
! hoor 1986 2 1772 5 1459 1
! huay 3053 2 3016 1
! hapu 3055 1
! hass 493 1 318 3
! hint 318 2 307 1 496 1 266 1 260 1 398 2 187 1 49 1 181 1 158 1 106 1 282 1
! huev 242 2
! hept 123 1
! hugu 3449 1
! hast 4616 1 4427 1 3887 1 3729 1 3775 1 3023 1 971 1 2616 1 963 1 2232 1 4072 1 3025 1 1461 1 810 1 3019 1 1307 9 1777 1 4063 1 2246 3 1763 1 797 1 1200 1 3638 2 1877 2 3004 1 3815 3
! hart 4869 1 4528 3 4072 1 1028 1 2865 2 2340 1 4063 1
! horo 4831 1
! huit 404 2
! hess 249 1
! hoku 4049 1
! haus 2714 1 2609 1 2264 4 4869 1 2317 4 997 3 1778 6 963 4 1777 2 2232 1 917 1
! hatt 1686 1 1677 1
! hest 2629 8
! heur 404 17
! haut 2561 1 1806 2 2098 1 1930 1 1574 1 799 1
! hbox 4957 2 3181 4 3630 60 3468 62 4051 27 3178 4 2996 6 1909 9 3001 2 1780 3 3627 53 1163 15 723 50
! heut 1490 1 995 1 4427 1 3887 7 943 1 1778 1 4869 1 2782 2 967 3 993 2 970 1 825 1 3729 2
! hiss 3004 1 4038 1 3017 3 2235 1 4303 1 4066 1 1591 2
! hist 219 1
! hopt 4906 1
! herv 404 6
! hvor 2635 8 2625 9
! hypp 4831 1
! horr 4108 1
! heru 1300 1
! hizo 280 1
! hdtv 2952 2
! hitt 1497 2
! hetu 2323 1
! hour 402 1 392 2 249 1 389 1 398 10 404 4 427 2 358 1 397 2 282 2 278 2 223 5 246 1 224 2 222 2 221 7 50 8 142 4 54 1 51 3 482 2 160 4 135 1
! hunt 380 1 249 1
! hoov 4856 2 3025 1 504 1
! hors 462 1 495 1 290 1
! htsq 3592 1
! http 1 1
! host 423 2 398 6 233 1 431 1 321 1 358 1 149 1 389 1 249 1 142 2 165 2 222 2 167 3 223 1 355 4 56 2 221 1
! hous 3 1
! harz 282 1
! hott 4066 1
! hust 504 1
! huss 4766 1 4550 1 3663 1
! herz 3059 2 1513 1
! hurt 249 1 149 1 208 1 175 1 162 1 56 1
! htut 1038 1
! hutu 2644 1
! hnyt 4831 2
! hizz 142 1
! habea 2781 1 649 1 2787 1 702 1 502 2
! hadad 3025 6
! haida 1416 2
! hacia 4258 1 4254 1 4242 1 4252 2 4175 11 4256 2 3024 2 4239 1 1058 1
! htbac 921 1
! hanca 3149 1
! halad 2560 1
! habla 499 3 429 1 223 1 291 1 56 2
! hread 2353 1
! herba 4297 1
! hgoac 6 2
! hahah 142 1
! helga 3701 1
! hacei 199 1
! hodja 4958 1
! honda 4754 2 2954 1
! headi 593 1
! hanja 4479 2 4460 1 4480 1 3589 3 1939 3 3057 2 4608 2 1428 4 1321 1
! hobbi 223 1 142 1
! hudah 3993 1
! hakka 1321 1
! henia 1152 16
! harga 838 3
! hacek 2636 1
! helai 839 1
! helic 342 1
! hatha 2327 1 2323 2
! halid 369 8 294 1 123 2 56 1 6 36
! heheh 4432 1 1839 1
! horac 499 1
! haggi 2201 1 2057 2
! haldi 2560 2
! harja 4831 1
! heidi 3701 1
! homag 3054 1 3638 1 2323 3 1882 2
! hered 4756 2 3271 1 1114 1 1268 1 1153 1 1130 1
! hagan 3028 1
! hamid 4958 9
! hoagi 1600 2
! hlich 4869 1
! hebel 2803 1
! haben 142 1
! hacen 199 2
! handi 221 1 282 1 47 1 40 1
! hanna 3701 1
! heard 494 1 398 4 167 1 397 1 441 1 151 1 473 1 253 1 223 2 173 1 491 1 216 1
! hecta 123 1
! hinch 242 1
! holla 3047 1
! hubal 2865 1
! hubei 2928 2
! hacki 4715 1
! hubbl 4894 5
! halal 14 2
! hoofd 1772 2
! heian 4317 6 4251 1 3053 1
! hyena 1979 2
! habeo 4012 1 612 2
! habil 798 1
! haggl 4007 1
! halan 2865 1
! hatch 105 1
! heden 1772 1
! herbi 428 1 165 1
! hfile 2343 1
! hinna 4690 1
! hirah 2865 3
! hbase 3525 1
! hegel 4648 2 4582 15
! hheji 2864 2
! hadar 4780 1
! hawai 3350 1 1790 1 4877 1 1588 1 949 1 947 2 948 1 733 2 1791 1 515 1
! hardi 3773 1 1268 1 2881 1 2875 1 974 4 4648 1 3801 1 2164 12 2560 1 735 1
! hypha 230 1
! hackl 4584 1
! hagen 3025 1 2874 1
! halsa 4690 1
! hamsa 4180 1
! handl 431 2 46 1 281 2 160 1 397 2 265 4 242 1 267 1 221 1 223 1 200 1 142 4 48 3 139 1 186 1 232 2 50 4 165 1 47 1 427 5 128 1 158 2 181 1 157 1
! hcuge 1071 1
! hibar 1000 1
! hogan 2871 3
! hrend 1513 1 1066 1
! hoard 1916 1
! hangi 2857 1
! hindi 476 1 477 51 142 3
! hjkhh 142 1
! hamrc 4025 1
! hbond 453 2
! henan 2928 2 2340 2
! higen 2782 1
! hitch 3025 2
! huang 123 1
! hunch 3920 1 2890 1 1855 1 1842 1 1114 1
! hydra 229 2
! hamel 1864 1
! hideo 2403 1
! hansa 3663 1
! humid 158 4
! haber 286 1 166 2
! htmlb 216 2
! hacer 288 1 280 1 224 1 199 8 56 1 286 3
! hagin 165 1
! halwa 2560 2
! hasan 990 1
! heath 3620 1 1044 1
! hecho 4827 1 4772 1 3692 55 991 2
! hhank 1684 1
! honig 3151 1
! humei 2897 1
! hyoid 2558 1
! halen 3347 1 4754 1 3234 8 2939 2
! htime 4696 1
! hghli 2956 1
! hondj 1465 3 1457 1
! hakim 4958 1
! humbl 431 1 373 2 253 1 223 1
! helen 3014 1 1870 1 1741 2 1762 2 1497 4
! habet 4012 3 695 1 584 1
! hablo 499 1
! halud 2560 1
! hamar 4859 1 2865 1
! harta 2726 1
! hasta 242 1 190 1 166 3
! hausa 1059 3
! hepta 123 1
! hetan 4603 2
! hiram 3025 1 3026 3 3021 4 2882 1 709 1
! hitam 835 1 834 2
! hogar 4544 1
! huden 4766 1
! hueco 242 1
! huopa 1757 2
! hutch 4251 1 2443 2
! harem 2164 1
! helar 1526 2
! herod 3026 1 2865 1
! habui 612 1
! havoc 3663 1
! hling 4427 1 3887 4
! hairi 142 1
! hembr 4690 1
! hambr 607 1
! hamza 4746 4 2865 1 2362 1
! hanas 473 1
! hanya 898 4
! hapli 1165 1
! haren 2631 2 1497 4
! heavi 398 2 389 1 249 1 239 1 237 1 226 1 242 2 176 1 56 1 54 1 27 1
! hellk 606 1
! henar 2865 1
! hexam 934 6
! hidds 4714 2 4694 1
! hilar 499 1
! hilli 251 1
! howdi 4725 1 4114 1 2804 1 1007 1
! hunan 2928 2
! hoari 2471 2
! hithi 142 1
! heill 4831 1
! human 0 2
! hyfen 4748 1
! hebon 282 1
! holen 1500 1 1490 2
! hahlo 1267 1
! hitta 4690 1
! heren 1710 1
! habit 3 1
! hafir 3538 2
! hamat 3024 2
! hayan 3692 1 1434 1
! hcooh 4784 1
! heeft 4754 2 3562 1 1986 5 1713 2 1710 1 1772 6 1497 7
! holli 157 4
! hoshi 4753 2
! huber 3701 1 1179 2
! hexan 123 4 122 1
! hmong 3149 1
! honco 2772 1
! honki 3046 1
! hazan 2159 1
! haiti 4021 1 3450 1 3164 2 728 1 703 1
! happi 491 1 282 2 249 1 285 1 406 6 208 1 427 2 444 2 398 4 165 1 142 2 499 1 223 1 435 1 113 1 221 1 14 1 204 3 56 1
! haven 488 1 428 4 186 2 427 1 282 1 167 1 398 5 444 3 329 1 142 1 165 2 253 2 223 1 135 1 160 2 56 4
! heiko 3701 1
! helio 3023 2
! henin 4697 1 754 1
! heten 1497 11
! hiren 4693 1
! hoiho 2896 1
! hombr 435 1 290 5 166 1 142 1
! homeo 3789 1
! hotel 190 1 142 1
! hound 4648 1 3023 2 2471 2
! hubri 4673 1 4648 1
! hurdl 373 1 284 1
! hwein 4869 1
! hijau 835 1 834 2
! hielo 1532 2
! hinfo 1185 1
! haste 4668 1
! hazel 4072 1 4063 1 2093 1
! hyram 829 1
! herat 2865 2
! httpd 321 3
! homin 4831 1 1431 1 562 1
! harer 2631 1
! hemri 3025 2
! hiten 4831 1
! humil 499 1 142 1
! hundo 4831 6
! henri 246 1 190 2 207 1 142 1
! hovel 1311 1
! hallo 491 2 142 2
! howel 703 1
! haarp 2698 1
! hutan 830 1
! hosen 2106 1
! hjelp 1406 1
! hepat 4885 1 3620 1
! hello 273 1 371 1 431 1 398 1 308 1 496 1 266 3 404 2 427 1 274 1 406 8 265 5 173 2 221 1 208 1 282 1 235 2 166 2 108 1 155 1 140 1 46 5 281 1 48 1 142 25 204 4 181 4 135 1 190 2 472 1 397 2 491 3 444 1 115 1 186 1 111 3 205 3 393 1 223 2 458 1 90 3 121 10 56 2
! hight 4143 1
! helpm 4994 1
! horni 142 1
! halon 4559 1
! harsh 358 1 249 4 202 2 160 2
! hines 4481 1 4460 1
! hippi 142 1
! homer 3638 1 3145 9 3025 6 3026 1 4038 2 3023 1 4449 2 3019 1 3021 1 2666 2
! hoxel 397 2
! hunni 3069 1 2672 1
! homoj 406 1
! hunas 2560 1
! huhmm 56 1
! hnung 1514 1
! hypen 1573 1
! harri 499 5 406 2 142 1
! hater 402 1
! halit 475 2 24 1
! hiero 3055 1
! hamit 3025 1 2865 2
! handw 142 1
! haver 142 2
! hejaz 2865 2
! heter 4546 5 2666 8 2635 1 2625 2
! hidey 2443 1
! hilft 4879 1 4319 1
! holmm 4693 1
! honsh 4049 2
! hoven 1096 1
! hrung 232 1
! huyii 3264 1
! hanno 4697 1 3025 12 4391 1 3021 3 3003 1
! husen 2631 1
! hecto 3434 1
! hindu 244 6
! htzii 4693 1
! haiku 4693 1
! hajor 3522 2
! harvi 593 1
! helpo 156 1
! hengu 2560 1
! heret 4790 2 3663 2
! hielt 1514 1
! hrmmm 1644 1
! hatti 2523 1 1504 2
! himno 254 1
! hijaz 3019 2
! hansm 1778 1 1498 3 2125 1 970 6 1330 4 995 11
! humok 3252 1
! hasti 40 1
! hever 2780 1
! honet 4601 1
! haast 2896 2
! hassl 4864 1 4578 1 3945 1 4748 1 3920 2 3565 1 3063 1 2307 1 3495 1 2835 1 3331 1 2341 1
! heart 284 1 106 1 226 4 28 1 142 1 27 1 398 1 211 1 200 1 24 1
! hissi 3017 4
! hullo 142 1
! htonl 4394 2
! hidup 898 1
! hetti 2279 1
! huruf 830 2
! hindw 2263 2 2114 1
! hanzi 373 1
! hooft 2097 1
! hiver 404 1
! herir 1526 2
! hartk 1200 3
! heron 3616 1 3304 3 2024 1 1472 1 3151 1 2897 7 3472 2 2163 1 2097 5 2433 1 1783 1 1469 1 2055 3 1350 4
! hyper 471 1 396 1
! hippo 3025 1 3021 1 3027 1 502 1
! herit 4756 1 2164 1 3773 2 1138 1
! hiley 4063 1 4038 1 1096 1
! hitti 2340 1
! hoogt 1772 2 1497 1
! hurri 459 1 284 1 427 1 491 1 414 1 379 1
! hydro 2952 4 1733 1
! hueso 1058 1
! hexol 7 1
! haeru 1300 1
! hover 216 3
! herrn 993 1 970 2
! hopit 1828 1
! hesit 371 4 216 1 282 1 253 1 176 1 380 1 160 3
! hoopo 2897 2
! horno 280 2
! hurti 3017 1
! hyvin 4831 1
! hjorn 4766 1
! huset 4689 1 2631 1
! htsth 3480 1
! helix 353 1 342 3
! helpt 3562 1
! huron 1416 1
! hairu 379 1 279 1
! harun 2865 1
! htmls 3868 1 2770 1
! huevo 3623 2 3637 1 3282 1 1614 6 1595 4
! hieru 1300 1
! honey 4856 1 4582 1 4088 1 2416 1 3480 1 3151 4 4024 3 3069 47 3414 2 4495 1 2897 1 4196 2 3640 2 3543 1 3152 3 3055 1 2677 4 1610 2 1605 2 2672 3 3025 2 2443 1 1681 6 2360 2 1190 1 3615 2 2548 2 2323 2 2226 2 1727 3 1921 1 2200 1 2006 1 2297 2 1695 2 1404 3 502 1 1810 2 2327 6 1648 2 2549 1 736 1 1609 1 1641 1 1419 1 4038 1 3299 2 1595 6 4768 1 1337 2 1438 4 2197 3 3415 3 3728 3
! hykso 3538 1 2340 2
! hylum 3789 1
! honor 218 1
! hostl 398 1
! hpump 1888 2
! humor 204 1 152 1
! hellx 3275 2
! hanov 115 1
! hazop 3570 3
! heinz 3932 1 3701 1
! haunt 4694 1 4584 1 3019 1 1402 1 2698 1 1308 1
! helst 4689 1
! hustl 2327 1
! hyatt 3181 2
! hasrt 4715 1
! haupt 993 1
! hazor 3021 1
! hexos 3615 3
! hjort 4690 1
! hoist 2865 9
! harus 927 1 898 2 833 1
! huius 695 1
! hoort 1497 2
! hewwo 3481 1
! https 477 1 427 3 337 1 374 1 177 1 472 1 142 1 57 1
! huayu 1321 1
! howto 449 1 142 1
! hypot 4655 1 2504 1
! horst 4031 4
! humus 2671 1 2667 5
! hattu 4831 1 1267 2
! hours 4052 1 4051 1
! hanyu 4007 1 3057 5 3053 1 1328 1 1321 5 581 1
! hiryu 251 1
! huzur 4958 5
! hertz 95 1
! hfuzz 4957 2
! hijaab 4958 1
! headed 4673 1
! hahaha 4432 1 3815 1 3070 1
! hablad 1057 1
! herbac 2881 2 2169 2
! handed 210 1 142 1 7 1
! huanca 1595 2
! hierba 290 1
! haladi 2560 1
! handla 4690 1
! halaal 4958 1
! hspace 2754 1
! haamid 4958 14
! haluaa 4831 2
! hanafi 990 1
! hijack 441 1
! hebben 4754 1 4496 1 1986 16 1710 1 1465 1
! helena 3887 1 3729 1 1461 1 1200 2 970 4 963 4
! holmea 4748 1
! hoocch 4784 5
! herbal 2523 1 1591 1 4297 1 3751 1 3739 1 1554 5
! hadden 1986 1
! hanasa 473 1
! harald 3701 1
! havana 3592 3 733 1 703 1 3546 1 571 1
! henban 3739 1
! herald 4760 1 3638 1 3059 1 4416 1 2865 1 2924 1 3023 1 3014 1 2772 1 593 1 4480 1 571 1 4688 1 2923 1
! hyncic 2015 1
! humana 2555 1
! handig 1457 1
! haldan 4582 1 1153 2 1120 1
! haraam 4958 1
! hembra 4541 2
! hidden 429 1 398 1 112 2 427 1 56 1 51 2
! hnlich 1200 2
! hannah 330 2 194 1
! habita 4831 1
! hablan 499 1 166 1 56 1
! hitech 3416 2
! hannib 499 1
! hbridg 3016 1
! habili 4780 1 4647 1
! harina 2027 1
! hrlich 1514 1 1066 2
! haleem 2560 2
! hajira 2865 1
! heilig 1178 1 967 1
! hageni 2874 1
! haldar 2560 1
! handen 3562 1
! harsha 2388 1
! hawaii 487 1 373 1 251 1
! header 56 2 385 2 418 19 311 1 499 2 223 1 177 1 46 8 281 2 216 1 404 1 266 1 397 3 167 2 52 1 428 1 152 3 49 3 233 1 47 2 208 1 48 6 181 3 111 1
! herhal 1457 5
! hgjghj 142 1
! hilang 1371 1
! himera 3003 1
! hippia 3228 2 3020 1
! hobbin 2057 2
! hulsea 2471 1
! heroic 1307 1 574 2
! heleen 1497 6
! haiman 4647 1
! hemden 2106 7
! henden 2631 1
! haunch 2050 1 2049 1
! hieman 4831 2
! higsbi 3606 1
! hnchen 3004 1
! hodgen 2896 2
! huangh 2340 1
! helfen 1514 1 1461 1
! hiddin 4958 1
! hasard 754 4
! halvah 2297 2
! hallan 3024 1
! haupia 1438 2
! hablar 199 1 429 1 198 1 288 4 280 1 190 1
! haluka 4831 1
! habill 1044 1
! harden 359 1
! hawick 4038 1
! hirado 3450 1
! holden 735 1
! hundra 2634 1
! hybrid 210 1 25 7 123 1 21 7 208 1 119 2 369 1 6 2
! hydrid 4053 1 4051 1 4377 2 3052 1 2717 1
! horgan 593 1
! haaren 970 2 963 1
! hacemo 199 1
! halsal 1983 1
! hamako 282 1
! hasarg 3041 1
! hazard 249 1 160 1
! heisei 4279 1
! hennig 2164 1
! herodi 582 1
! hornbi 3369 1
! hangar 724 2
! hereof 702 2 649 2
! herman 142 1
! halign 3978 1
! hallar 4256 2 4241 1 4281 1 4237 1 4244 4 4242 3 4250 2 4239 5 4216 2 4238 1 4203 1 1526 2
! harold 205 2
! hellen 3026 1 3002 1 3025 2 2865 1
! hurali 2560 1
! hesiod 3145 1
! hostag 249 1
! haskel 396 2 265 1 397 1 392 2 277 3 142 6
! hacker 431 1
! himmel 4650 1 997 2
! hilari 4649 1
! healer 4648 1
! hodgin 3213 1
! heifer 3025 1
! hurrah 4395 1
! hanasi 473 1
! heisig 284 1
! hender 2631 1
! hinder 499 1 129 2 123 1 6 6
! hfgong 142 2
! hygien 3663 2 2443 2 2223 1 3570 5 2360 1 736 2
! hadith 4958 2 990 1
! hanger 4066 1 1671 1
! harken 1423 1
! harlem 4761 1 736 3
! higher 330 1 297 1 373 1 298 1 331 6 492 1 398 2 352 1 282 2 324 1 277 1 246 1 453 2 359 4 265 1 226 3 158 1 84 1 131 1 126 1 167 4 26 1 120 1 475 2 428 1 240 1 102 1 36 1 25 1 231 3 278 1 121 1 6 3 21 3 397 1 444 4 54 1 7 6 24 2 208 1 123 1
! hetman 3017 2
! hinweg 2782 1
! hooman 2560 2
! howard 4673 1 4648 1 4736 1 4584 1 3234 1 3179 2 2780 2 1906 1 4238 1 1869 1 1846 1 1494 1 735 1 2952 1 829 1 709 2
! humain 4184 1
! hydrob 2897 1
! hygein 4600 1
! humita 1604 1
! holder 398 1 173 4 366 2 444 5 158 1 150 8 149 2 417 1 142 1 241 2 56 4
! hejsan 4546 1
! harder 491 1 398 1 223 1 428 1 54 1 208 1 284 1 160 1 375 1 56 1
! hetgen 1710 1
! hashar 223 2
! hengin 1888 2
! hobbit 2009 1
! horrid 216 1 40 1
! henkil 4831 1
! hijink 3673 1
! helpen 3562 1
! health 444 1 358 1 238 1 337 1 249 1 288 2 200 5 211 1 209 1 142 1
! heaven 482 1 160 1
! hebern 4300 1 1632 1
! hendri 4582 2
! herder 3027 1 3450 1 2865 1 2340 1
! herweg 2661 2
! harran 2865 2
! hotdog 3815 1
! humili 4748 1 2323 1 4416 1 3025 1 1848 1 1458 1 703 1
! huraya 3025 1
! hubies 3692 4 1434 3
! hubier 1543 1 1515 1
! hofoen 2431 1 2163 2 2152 1
! hectar 3025 4 2952 1 708 1
! hashim 2865 1
! haitta 4831 1
! horrif 3057 1 2881 1 733 1
! haight 1179 1
! hamish 3716 1
! hamlin 829 1 703 1
! happen 177 1 292 1 410 1 475 3 498 1 211 3 373 1 252 1 440 1 158 1 135 2 417 1 67 1 358 1 427 6 148 3 342 5 491 2 6 10 297 1 277 1 418 1 221 1 318 1 398 10 204 2 176 1 467 2 160 2 190 1 481 1 496 1 11 1 108 1 202 1 428 3 331 1 472 1 278 1 90 1 50 1 244 1 444 6 56 4 280 1 139 1 47 1 285 1 165 1 167 2 499 1 402 1 120 1 163 1 260 1 166 1 416 2 28 1 48 1 397 1 18 1 253 1 99 2
! harrod 1838 4
! hassan 4958 1 4038 1 3986 1 504 1
! hearer 4649 1
! heptan 123 2 122 1
! hibern 4688 2 4669 1 2341 3
! hispan 173 1
! holger 3701 1 2698 1
! homeip 2393 1
! homini 4291 13 4024 9 3832 2 1595 5 1661 2 2021 2 1619 2
! horrbl 517 1
! hougen 4431 1
! humbug 2905 1
! hyalin 1161 3
! hyphen 404 2 285 1
! hanker 4673 1
! hiiren 4831 2
! hicimo 280 1
! helsem 718 1
! hunder 702 2
! halten 2782 1
! heiner 3701 1
! heller 4690 1 2635 1
! henday 3979 1 3921 2
! heresi 3118 2 4790 2 2780 1 570 1
! heutig 1513 1
! hierat 3055 2
! holpen 4066 1
! hubimo 3692 1 1517 1 1434 1
! hhello 2987 1
! horati 612 1
! hemmin 4831 1
! hammer 142 1
! habent 584 1
! haruhi 1872 1
! heater 4555 1 2830 2 2376 1 3267 1 1159 1 609 2
! height 83 2 198 9 410 2 168 6 133 1 41 1 202 2 158 13 148 1 51 9 166 4 57 7
! hymnen 2698 1
! halant 3794 1
! hamlet 3772 2 1096 1 573 1
! hamper 40 1
! hayamo 1434 1
! hearth 4733 1 4416 1 3759 1 2875 2
! hellip 331 1 230 4 158 2
! herren 2233 2
! hindis 3794 1
! hirmil 3026 1
! hither 3023 3 1165 1 650 2
! huygen 112 2
! hwinfo 623 1
! hunger 242 1
! holler 1406 1
! halper 2403 2
! hallol 4879 1 1686 1
! hanaso 473 1
! holten 593 1
! hungri 200 1 56 1
! hacers 242 1
! hamnet 1402 2
! helmet 158 8
! hereon 4697 3
! hiwaay 3600 1
! hopkin 4437 1 3541 1 3320 2 653 1
! hundir 1526 2
! hydrat 6 3
! habito 499 1
! hooker 708 5
! hinten 2106 1
! hadley 3121 1 703 1
! helper 4576 1 1526 1 4869 1 3780 1 2840 1 1245 1 2014 1 809 1
! healey 3108 1
! hasten 4790 1 3025 2 2327 2 2323 2 739 1
! hearti 4577 1 2613 1 2548 1 4132 1 2490 1 1928 1 1661 1 1604 1 2202 1 1407 1
! hablum 2340 2
! heroin 4899 1 504 1
! hobart 829 1
! hombro 4720 1
! hadron 4697 195 2403 2
! hacert 4772 1
! hunmin 4480 1
! halloo 504 1
! halter 2164 2 2114 1
! hammon 3025 6
! hanmir 3722 1
! harper 1306 2 4651 1 1186 1 3889 1 1040 1 1138 1 703 4 1872 1 574 1
! hercul 4999 1 3025 5 3003 2
! hiszpa 223 2 164 1
! hostap 4693 2
! hostel 3979 9 3937 3
! hotuhi 2896 1
! hukuki 3063 1
! hummer 2561 1
! hwater 3772 1
! hangul 4479 3 4460 2 4480 3 3589 1 1939 4 3057 17 4608 1 1428 3 1321 1
! hastar 1431 1
! hthlth 2015 1
! hitler 253 1 251 16 249 32
! hoisin 2469 1 2166 2 1638 1 1337 2
! hesten 1514 1
! harbor 251 6 246 1 229 1
! hamilt 829 1
! hebrew 499 1 90 3
! hosmer 593 1
! huiwen 2772 1
! hitung 1134 1
! hermet 3761 1 2403 1
! hockey 4570 2 1532 4
! hampir 1371 1
! heanor 4878 2
! howlin 4796 1 740 1
! hayfev 3069 1
! hassin 3025 1
! horner 3463 1 1069 1
! hamito 2865 3
! halley 2890 3 1310 5 1307 3 1311 2 1306 13
! hankul 3149 2
! harmon 40 1 37 1 36 3
! helium 27 3 21 1
! holism 4648 1 1492 2
! honori 502 1
! hopper 4791 1 4066 1 2918 1 1872 1
! hotelr 2392 10
! howler 4771 1 4770 1
! huizen 1497 5
! hydrol 3615 1
! hostil 499 1 398 1 358 1 380 2 160 3
! hinter 1513 1
! humero 1431 1
! hdyksi 4831 1
! hetero 2310 1
! helvet 4690 1 2865 1 1513 1
! henley 1159 2
! hivern 3976 1
! hornet 251 1
! huahou 2896 2
! hubert 2883 2 1872 1 829 1
! harass 249 1 160 1
! hazrat 4958 40
! hitori 485 1
! hanasu 473 1 379 1 279 1
! hierro 3145 1
! hunter 4018 1 3765 1 3125 1 4745 1 2882 1 2340 2 2196 1 2878 1 4603 1 1872 1 722 1 843 1 4648 2 2992 1 2325 8 2875 3 708 1 703 1 504 1
! hermit 4072 1 2327 1 4697 10 1595 2 4063 1 2897 1 2130 1 1438 2 504 1
! hicist 280 1
! hotbot 2865 3
! hoplit 4416 1
! habitu 280 1
! hamton 2050 1
! harley 936 1
! hudson 4877 1 4647 1 3027 1 4761 1 3450 5 1623 1 2865 1 1504 1 1307 1 571 1 2902 1 504 1 570 3 708 1
! hoopti 4324 1
! hodoku 1300 1
! helpul 142 1
! hangov 242 2
! hector 4038 1
! hoover 4392 1 2952 1 829 1 2114 1 735 1 573 1
! havent 1769 1 1467 1
! hanson 4584 5 593 4
! hormon 427 1 142 1 356 1 364 1 359 2 354 1 129 1
! herasu 1300 1
! heraus 4869 1
! hlasso 256 4
! holzer 4760 1
! hunnit 4690 1
! herbst 4427 1 3887 5 3729 1
! hotter 3357 1 2952 2 3230 1 4308 1 1134 1 2698 2 2404 1 3393 1 3185 1 1166 1 4984 1 3992 1 1669 1 736 1 3267 1
! hitsth 761 3
! homest 1307 1
! hooray 495 1
! hotkey 3203 1 1015 1
! harlot 1492 2
! heriot 3017 1
! hindus 244 1
! holyok 703 1
! huzguk 142 1
! hyster 504 1
! hairto 1807 1
! hayley 4038 1
! hahriy 1190 1
! huungt 2882 1
! hubist 3692 1 1517 1 1434 1
! herfst 1503 1
! hallow 4584 1 3098 1
! hayasu 1300 1
! hearst 736 1
! honest 427 3 398 3 253 1 235 1 190 1 56 3
! hospit 402 1 288 2
! hyperr 4697 1 4582 1
! hektor 3701 1
! histon 350 1
! hayson 3589 2
! hittit 253 2 244 1 142 1
! hannov 2262 1 2246 4
! hasiru 2560 1
! hiyasu 1300 1
! holist 3759 1 1535 1 4648 3 1076 1 3320 5 2825 1 2334 1 1114 2
! huolto 1444 1
! hurray 4884 1
! hungov 242 1
! hmtest 1686 2 1066 2
! hollow 359 1 229 1 226 1
! huxley 2804 1 4648 1 1153 2
! harvey 3415 1 2015 2 2336 1 1876 1 1869 1
! hiatus 504 1
! harlow 4740 1
! hutson 593 1
! hutton 3878 8 3866 2
! horror 428 1
! hussit 4790 1 3663 4
! heisst 4478 1 2609 1
! helmut 4031 2
! hznkov 3600 1
! heptos 3615 1
! histor 491 2 282 1 167 1 419 1 253 1 462 1 427 1 473 1 379 2 218 5 223 2 176 1 142 1 131 1 37 1 83 1 56 1 150 1 244 1 113 2 139 1 260 1 7 1 217 11 309 3
! hamstr 3213 1
! hommus 2703 1
! honour 56 1
! hotpot 4361 4 2057 2 2023 2 1605 2 1595 2
! hypnot 4648 1 2327 1 2210 1 1591 4
! hyssop 979 2
! harrow 2046 1
! humour 255 1 202 1 142 1
! huzoor 4958 2
! hummus 4198 1 2703 17 2667 3 2665 2 1806 2 2653 2 2671 1 2297 2 1595 2 1419 2
! houmus 2667 5
! hsphys 4043 1
! hirsut 603 1
! histoy 4222 1
! housut 4831 2
! hazusu 1300 1
! holizz 4641 2
! hormuz 3450 1
! hablaba 280 3
! headach 288 1 120 1
! hinaaja 4831 1
! hacerca 4254 1
! habdich 142 1
! hideabl 132 1
! hickama 2514 1
! heidegg 4582 1 3758 2
! hebraic 4583 1 2865 1
! habasha 3019 1
! handbal 2800 1 2714 1
! hygieia 2015 1
! homemad 4748 1 2403 1 1867 1 4219 1 1729 2
! hwangha 3673 1
! handbel 3110 1
! holgide 2609 4
! hokkaid 4049 3
! hubbard 1437 1 1870 1 975 3
! hambali 990 1
! heiland 3203 1
! hudibra 504 1
! hablado 3024 4 991 1
! headman 3023 1
! harebel 2471 1
! hardcod 4716 1 4715 1
! hermana 435 2 290 2 198 1
! huangdi 2340 1
! huracan 3592 1
! haddock 3543 1 3471 1 1992 1
! halleck 708 3
! helleck 708 1
! hiddenh 3228 1
! homepag 431 2 203 1
! hundrad 2634 1
! husband 496 1 198 1
! haeckel 3153 2 1140 1 1040 7
! huberia 291 1
! haberma 4749 1 4648 2 1837 1
! haifeng 4965 1
! haittaa 4831 1
! halaman 830 1
! hartama 2523 1
! harmand 4766 1
! holland 4958 1 3873 1 2522 1 4582 2 4021 1 1931 1 4696 1 2327 1 739 1 1503 1 1595 2 570 2 593 1 2781 1 2990 2 3450 4
! hubiera 3692 4 1515 1 1434 3
! hyperad 4696 2
! havilah 2865 1
! haamaat 3026 1
! hodgesc 4693 1
! hakawai 2896 2
! hidrata 3499 1
! hsdebat 2804 1
! hysical 4149 1
! hhokmah 4583 1
! holarch 4648 1
! hancock 708 1 593 17
! homemak 708 1
! halfdim 4592 1
! hoofden 1772 1
! hundred 2634 1
! hindiii 1139 1
! hodgeni 2896 1
! hadrami 2865 7
! helicas 1131 1 934 5
! hoffman 123 1
! honderd 1986 3
! hamblen 4359 1 4004 1 3924 1 4003 1 3925 1 3911 1
! herbatg 142 2
! hangman 113 1
! hearted 4673 1
! heritag 398 1 218 1
! hetgeen 1710 1
! hinchar 1526 2
! hominid 4781 14 4649 4 4752 1 4750 4 4745 9 4584 1 4771 1 4780 16 4582 1 4744 3 4733 4 4018 9
! hyemali 2897 2
! hypatia 1872 1
! harappa 2340 1
! holmend 4693 1
! haqeeat 4958 1
! howland 3350 15
! hidalgo 703 1
! hunsack 1307 9
! handcuf 1628 1
! headlin 152 3 142 47 56 2
! higuera 3024 1
! hitchen 1864 1
! hitchik 142 1
! hablamo 499 1 280 1
! honeybe 3069 2
! haploid 230 3 229 3
! halldin 4824 2
! hammock 2806 2
! habilin 4649 2
! haitian 3350 1
! halogen 294 2 142 1 292 1 6 9 369 1 123 4 26 1 5 2
! hardhat 1368 1
! heathen 2881 1
! hellman 4765 1 1628 5 1621 2
! hensibl 1044 1
! himself 251 1 249 3 244 1 398 1 93 1 56 1 160 1 402 1 373 2 10 1
! hohokam 2879 3 2875 3 843 4
! hoeveel 1713 1
! hokstad 4694 2
! hearing 4668 1
! hemlock 2471 2 1979 1
! himilco 3025 1 3021 2
! herself 83 1
! htmldog 4860 2 608 1
! hagfish 226 1
! hackthi 142 1
! haqqani 4958 2
! hatcher 4523 2 3889 2
! hayakar 473 1
! herauld 4766 1
! hillsid 2882 1
! hvordan 152 1
! hardpap 2403 1
! handsel 4066 1
! hoecker 961 1
! hearken 3025 3
! hashmap 3328 1 2366 1
! herdmen 4038 2
! hotmail 142 2
! herrera 4766 2
! hypohal 2623 1
! horribl 330 2 285 1 223 1
! helppoa 4831 1
! hackish 135 1
! hammond 1310 1 1308 3 916 1
! hardenn 754 1
! harvard 27 1
! healthi 200 7
! heatmap 4671 1
! heavili 398 1 379 1 499 1 356 1 342 1 252 1 152 1 113 1
! homogen 331 10 211 1 41 2
! hostlib 4694 2
! horrend 3042 1
! husaini 4958 2
! hexapod 3213 4 2811 1
! homecom 4648 2 3663 1 3167 1
! hayando 4175 1
! hibisco 142 2
! hdaudio 4693 1
! humbuck 2939 1 3265 1 2930 10
! hungari 252 2 158 11
! handler 50 3
! horrifi 392 1 162 1
! hatchet 175 2 174 1
! handduk 4690 1
! hendrik 3450 1 4859 1 1713 9 3266 1 1906 2 1456 1
! henrico 708 2
! hessian 4967 2 572 5
! hetzeld 1816 1
! halifax 4528 1 572 1
! hofmann 3701 1 2804 1
! homefri 4857 2
! hominem 221 3
! hungrig 3815 1 3004 3
! harming 2327 1
! heather 2471 5
! habitat 229 1
! habremo 3692 1 1434 1
! hairlik 3153 1
! hamalon 3993 1
! hammasl 4831 1
! hanuman 2323 4 1879 2
! happili 473 1 281 1 221 1 142 2
! hartkek 3552 1
! hereund 1685 1
! hlungen 1513 1
! holiday 14 1
! hurrian 3026 1
! headwat 571 2
! hondura 164 4
! hasdrub 3025 5 3021 1
! habitud 1044 1
! hardcor 491 1
! hatefui 2323 1 1880 2
! hayford 1926 4
! headset 142 1
! heparin 3615 2
! hermosa 142 1
! herniat 226 1
! herring 3067 1 3045 1 2561 5 1803 2
! hexagon 25 1
! heyward 593 1
! higkeit 2782 1
! hostfaq 1185 1
! handful 1020 1
! hiddent 2824 1
! haastii 2896 1 2158 1
! hexamer 934 1
! heavier 122 1
! hermano 435 1 290 1 224 1 198 2
! hermann 83 2 7 1
! hacerlo 3084 1
! hyperel 4696 20 2804 1
! hausman 2865 1
! honorif 373 4 142 4
! hegemon 4648 1
! hilight 2865 1
! haanzii 2864 1 2772 1
! hadasht 3026 2
! hairlin 2014 1
! hangeul 2357 2 3589 3 1939 4 4608 1 1428 2
! happier 427 1
! hurford 4650 1 4649 3 4647 4
! hypoxia 3789 1
! hammerl 1131 1
! husvagn 4689 1
! haughti 4391 1 3023 1 3017 1
! homolog 358 3 226 1
! habilit 3923 1
! henkaku 473 7
! hopewel 843 1
! hastili 249 1
! hamburg 499 3
! haqiqat 4958 3
! hominin 4771 4 4770 1
! hardwar 329 2 389 1 265 1 298 2 278 1 485 6 301 1 47 1 300 4 277 1 266 1 233 1 223 1 154 1 121 4 181 1 115 1 142 3
! hexamet 3145 1 3020 2
! hickori 3393 1 2197 4
! himmler 249 2
! hogarth 1492 2
! hostnam 4693 1 4465 3 4394 2 2862 2 3171 2 2291 1
! hatinya 1134 1
! highcyl 4693 1
! hostili 160 1
! horario 3024 1
! heissen 2609 1
! hiberno 1431 1
! harmoni 4303 1 3110 1 4189 1 3485 3 3945 1 3462 2 3123 3 3459 1 733 1 1741 2 3574 5 3265 1 4628 3 3455 1 2327 91 3477 2 3082 1 3270 1 740 1 2323 46 4673 1 3454 1 2879 2 2214 2 1739 2 589 1
! hetwelk 1710 1
! highter 2698 1
! hitoshi 3620 1
! hossein 990 1
! hussein 2865 1 829 1
! harrier 2897 5 2896 3
! harsher 2007 1 4666 1 1406 1 733 1 708 1
! handset 3945 2 3920 1
! hablast 280 2
! hazrath 4958 2
! homilet 4583 1
! hairpin 2934 1 934 2
! habiton 1047 2 754 1
! haricot 3573 2 1929 4 796 2
! handsom 249 1 242 1
! harriet 703 2 574 1
! headway 4748 1
! heisten 4831 1
! hendley 4766 1
! heuther 3789 1
! hilbert 4697 21 3889 1 1425 2 1350 2 1070 4
! hippocr 2015 4 502 1
! horatio 829 1 593 1
! hydraul 390 1 132 1
! horvath 3220 1
! handwav 1757 2
! hardcov 3028 1 3060 1 1685 1
! hotpink 2114 1
! hobbist 3944 1
! harrisi 2158 2
! heckert 4293 1
! herbert 3701 1 3052 2 2865 1 4138 1 2334 1 1872 1 2952 1 829 4 2784 1 735 1
! hindert 1736 1
! hotplat 3393 1
! hoffert 593 1
! hirundo 4649 1 2897 4
! hafnium 2585 1
! helpful 2323 1 1749 1 1509 1
! hackett 3014 2
! housepl 3597 1
! highest 331 1 36 2 47 1 123 1 158 1 37 3 21 1 6 1
! hockney 4031 2
! halibut 3543 1 3473 2 3067 1 1992 1 1991 2
! hashset 2366 3
! hattusa 2340 1
! herdess 504 1
! hinweis 1736 1
! hostdir 4715 1
! henrion 4766 2
! hardest 398 1 318 2 83 1
! halfton 4279 2
! honesti 142 3
! halcyon 3228 1
! halfway 397 1 396 1
! herbett 4766 1
! hershis 1864 1
! hundert 2317 1 2246 2 1484 1
! hearsay 240 1 204 1
! homerit 2865 1
! hysteri 2695 2
! harvoin 4831 1
! habemus 502 1
! habitez 1047 1 754 1
! hostler 3185 3
! homesit 4715 1
! harmlul 2327 1
! hamster 4768 2 2443 2 1718 1 1269 1 890 1
! heroism 722 1
! hittorf 2698 1
! hotplug 1576 1
! however 2723 2
! husserl 3761 1
! hyalron 1161 1
! halowav 3861 1
! highway 4555 1 4038 1 3736 4 2952 1 2875 1 2323 5 736 1 3025 1 2772 1 2327 1 4634 3 2311 2 2872 2 3120 2 1261 1
! holmium 2585 1
! hearest 951 1
! hershey 1131 4 934 2
! harrass 650 1
! heiress 1402 1 504 1
! hendrix 4171 1 4096 1
! hepburn 473 1 304 1 282 12
! hidroxi 3499 1
! hiukset 4831 1
! holiest 2327 1
! hariett 1465 3
! harpoon 229 1
! hallway 3253 1 2765 1
! hampton 708 2
! hautpol 3054 1
! hopugop 3412 4
! hypnosi 2804 2 2210 5 4748 1 1678 2 1591 12
! haircut 4576 1 3757 1
! halloun 2883 5
! histori 4 2
! hauptgr 2782 1
! hideous 3042 1 563 1
! hartley 3108 1
! hashiru 279 1
! hilltop 3096 1
! histoir 142 5
! homeown 3101 1
! hydroxi 369 1 7 1
! harbour 251 1
! harnett 593 1
! hellitt 4831 1
! hevoset 4831 1
! hassium 2585 1
! homoton 2864 1
! handout 398 1 142 2
! hermoso 630 1
! hostent 4394 3
! harriot 3026 2
! hewlett 3528 1
! habitus 612 1
! hostium 583 2
! howsoev 1165 2
! hasattr 3276 1
! horizon 40 1
! harvest 142 1 453 1 113 1 40 1
! holdout 593 1
! hostess 3282 2 892 1 504 1
! hotshot 4169 1
! hypoton 358 1
! hissest 4066 1
! hauteur 204 1
! heinous 160 1
! honorum 4416 3 3021 2
! hazlitt 4038 1
! homonym 3296 1 3145 1 1329 1
! hottest 3538 1 1959 1 3059 1 2939 1 2096 1 1166 1
! htmhttp 142 1
! heurist 154 8
! homonyn 3057 1
! humerus 2558 1
! houston 205 1 142 1
! henslow 3900 7
! histtop 3026 1
! hommous 2703 1
! homozyg 3773 3 2164 1 1130 1
! hasruun 3026 1
! hoummus 2703 1
! hummous 2667 1
! hotspot 4693 1 3772 1 2319 4
! hartmut 3701 1
! homolyt 29 3
! hakluyt 569 4
! hasruut 3026 1
! histroy 1594 1
! horwitz 4697 1
! hablabai 280 1
! hydrabad 4958 1
! headband 242 1
! hardback 3708 1
! hablaban 280 1
! hammaana 3026 1
! hyaenida 2265 1
! hiragana 373 8 284 3 282 9 235 1
! highbeam 2403 2
! handmaid 3025 1
! headpiec 4768 1
! heladera 280 1
! highinbc 2539 1
! habitaci 280 1
! handheld 4714 2 4220 2 4180 1 3320 1 3181 1 2732 2
! handydad 4616 1
! hirigana 4022 1
! hierachi 4356 1 1680 1
! hadamard 4375 1
! hominida 4770 1 2130 1
! hoogheid 1710 1
! humpback 2133 2
! handicap 3652 1 3061 1 2609 1 3650 1 995 1 708 1
! hidangan 4637 2
! highland 3638 1 3121 3 3022 1
! huachafo 242 2
! hiearchi 935 2
! handbrak 4634 5 1447 2
! haschang 4215 3
! hergeben 1514 1
! hezekiah 3145 1
! homeland 252 1 249 1
! hstgrade 219 1
! horchata 3282 2 2677 2 1614 2 1419 2
! hubierai 3692 1 1434 1
! haldeman 4007 1
! hopfield 4648 1
! hardtack 3552 1
! hegelian 4648 1
! hexapoda 2271 1 2811 4 2272 1 2263 2 2273 1 2174 1 2130 1
! hindranc 7 2 6 1
! hispania 4416 1
! hibernia 3022 1
! hakoakoa 2896 1
! harleigh 1123 1
! hnlichem 1513 1
! hedgehog 4768 1 2471 3 1872 1 1870 1 680 4
! hawaiian 142 1
! hjhjghjg 142 1
! humidifi 226 1
! holarchi 4648 1
! hfastedg 3845 1 2609 2
! hablando 198 7 173 1
! hashtabl 3778 4
! heirarch 2365 1
! hemiacet 916 1
! henchman 3025 1
! hierarch 436 1 131 2
! hyggelig 2666 5
! hawfinch 2897 1
! handshak 4356 1 4835 2 3945 1 2233 1 1369 1
! handhold 4180 1
! habiendo 3692 1
! haciendo 4842 1
! hamilcar 3026 1 3025 2
! harbaugh 3053 2 3016 8
! hillsdal 4647 1
! hokkaido 482 1
! hrlichen 2446 1
! hikoilla 4831 1
! heeschen 4650 1
! himalaya 4877 1 2922 1 2327 4
! hominina 2130 1
! heiligen 4869 1 1178 1 967 1
! haploidi 4647 1
! headmark 4603 1
! heinrich 249 2
! hexaqaua 2287 1
! hitchhik 1872 1 740 1
! hubiesei 1434 1
! humanoid 4648 1 1120 1 2902 1 1012 2
! heartfal 1307 1
! hendrick 829 1 733 2 571 3 1310 2 570 1
! hubieran 3692 1 1434 1
! hovedsid 4395 1
! hadronic 4697 1
! hardboil 1604 3
! herschel 2949 1 703 1
! hurrican 2523 1 4690 1 1504 2 3265 4 848 2 4555 1 3592 1 4483 1
! halfplan 3203 1
! hellegat 3450 1
! henchmen 2804 1
! himilico 3021 1
! handshap 3296 4
! hardtail 4113 2
! hemiamin 916 1
! hemocoel 229 1
! hippolai 2897 6
! hydrohal 6 1
! hypnagog 1678 3 2210 3 1585 1 1591 8 1581 1
! hasitata 2897 1
! habbakuk 3145 1
! headlong 1165 1
! halutaan 4831 1
! hoffmann 3701 1
! handmark 3016 1
! heraldri 4763 1
! herzlich 3141 1
! hgfernan 3457 2
! hominoid 4771 16
! hooccooh 4784 1
! hostname 3171 1 2905 1
! hotelnam 2680 2 2392 11
! heavisid 2889 1 2888 1 2813 1 2698 1 2211 5
! hernando 3450 1
! handfish 4454 1
! handbook 285 1 167 1 93 2
! harappan 2340 1
! hardcopi 398 1
! hardware 4748 1
! harganya 1371 1
! homeward 1165 1
! hongshao 1605 2
! horribil 502 1
! hotcockl 504 1
! housecat 1979 1
! hubiesen 3692 1 1434 1
! hypercar 4648 1
! hysteria 3544 1 828 1 517 1
! hereford 4198 1 2878 1
! heinlein 202 1
! haystack 3935 2 3221 11 3041 4 3034 5
! harddisk 4693 1 1782 1 1050 1
! habanero 2096 5
! hundreog 2634 1
! haqeeqat 4958 3
! halfcook 2667 1
! halliday 3366 1
! hallmark 1307 1
! handleev 3998 1
! homerita 2865 1
! homilect 4583 1
! homorgan 3350 1
! heerlijk 1465 1
! horseman 4066 1
! humanlik 4770 1
! hypercub 1624 2
! herdsman 4066 1 2865 1
! hyberbol 2841 1
! hydergin 2806 1
! hanamura 1872 1
! handcart 703 1
! hauwahin 947 2
! headphon 4498 2
! hegemoni 249 1
! helpdesk 2510 1 2321 1
! heutigen 2782 1
! hicistei 280 1
! hyperact 4885 1 1871 1
! hyperref 1513 1
! hyplosia 3620 1
! heighten 373 1 248 1
! hiempsal 3025 3
! hagindaz 499 2 56 2 285 6 165 6 40 5
! hangugeo 1775 1
! hydrogen 465 1 475 4 354 3 25 3 342 4 365 1 263 3 292 4 359 1 453 21 106 1 200 2 294 4 110 5 127 2 358 2 123 29 24 4 353 1 369 2 40 2 109 2 349 2 27 12 117 1 352 2 7 3 129 7 26 2 6 63
! heredero 3024 1
! holloman 740 1
! herbolog 221 1
! hargreav 4790 2
! hisarlik 3638 2
! hallucin 4669 1 3739 1 2804 10 2210 1 1591 5 1478 1
! halophil 358 1
! hhhhllll 855 1
! historia 142 3
! homochir 7 2
! hongkong 2327 2 1749 1
! hussaini 4958 2
! hyacinth 1704 1 1702 1 2957 2 3122 1 1703 1 1701 1 1700 1 1964 1 1694 2
! houndmil 4647 1
! huacatay 979 2
! hablaron 280 1
! hadramit 2865 9
! headword 379 1
! helsinki 158 4
! htmlhelp 4860 1 4684 1 2732 1
! hyperfin 4697 2
! herrlein 970 1
! hoefulli 2775 1
! homoicon 4968 1
! heptagon 3190 1 504 1
! hubistei 3692 1 1517 1 1434 1
! horsemen 736 1
! herdsmen 3023 1 2865 1
! hybridis 123 2 21 1
! habshiit 3026 1
! hardwood 2566 1 3393 1 2443 1 2159 1
! hartford 4863 1
! headmast 1199 1
! herrmann 3701 1
! honduran 242 1
! hyperbol 96 2 52 3 49 3
! hispanio 406 1
! historic 4582 1
! hipertek 213 1
! hardship 3673 1 2323 1 573 1 570 1 572 2 502 1
! habsburg 728 4
! headless 221 1
! hodgsoni 2897 1
! habitant 3024 3
! hadshiit 3026 1
! hartmann 4697 1 3701 1
! hellgrau 1890 1
! hicieron 280 1
! hoffnung 1513 1
! honorari 56 2
! hallazgo 3024 1
! happydog 2956 2
! humboldt 1040 2
! histmath 1186 1
! humiliti 4668 1
! hydrolas 211 1
! handloom 1307 1
! heathkit 4101 1
! heatsink 2404 2
! helarcto 2274 1
! hokstein 3565 2
! homebrew 4748 2
! hydrolog 4632 1 2865 1
! housewif 4696 1
! hydroxid 475 3 118 1 26 3
! holdaway 831 1
! hyperrel 4697 5 4696 1
! hubieron 3692 1 1517 1 1434 1
! holstein 4790 2 2561 1
! humanism 3758 1
! hashimit 2865 1
! handiest 2750 1
! histoire 3965 1
! hokstadv 4693 1
! hymnolog 3019 1
! herstein 1406 2
! hierodul 2865 1 2340 1
! hapsburg 4790 1 4775 2
! harddriv 444 1
! hathaway 1402 1
! heilprin 2865 1
! hennessi 1689 1
! hirofumi 2403 1
! histolog 226 1 225 1
! histonen 3965 1
! hoeheetu 1497 1
! hannelor 3701 1
! hajimaru 279 1
! hmtesten 1066 1
! hydrazin 123 2
! haloform 568 1
! hampshir 115 1
! honeydew 3151 1 974 2 3922 1 2114 1 1738 1 623 2
! hydrozoa 229 2
! hydrobor 142 1 6 21 5 2
! hipotesi 4239 5
! haenszel 2757 1
! herewith 3025 2 3022 3 3019 1
! hexametr 3145 3
! hackspir 4748 1
! hardness 4668 1
! harefoot 2855 1
! heirloom 2150 1
! helicopt 4859 3 3125 1 2882 2
! homeless 246 1
! homophon 284 1
! hopcroft 4365 1 3777 1
! hopeless 491 1 398 1 444 1 329 1
! horsesho 229 1
! hortensi 2897 1
! hyperion 4693 1
! hinduism 244 5 218 1
! hajimeru 1300 1
! hirnhaus 142 1
! hydromet 1380 1
! heartrat 1963 2
! httpconn 3363 9
! himyanit 2865 1
! haversin 4893 1
! hierdoor 1710 1
! huomioon 4831 1
! helpwith 3557 2
! hibiscus 2434 1 946 1
! hagenius 2874 1
! hamilton 447 1
! hanareru 1300 1
! hanaseru 379 1
! heaviest 4866 1
! homeobox 4584 4 4582 6
! hypothes 231 1
! hypertim 4697 4
! hodokeru 1300 1
! harmless 383 1 358 1 251 1 249 1
! harmonis 2327 8
! helpless 248 1
! himyarit 2865 13
! houghton 3428 1
! hybridus 2897 1
! hypocrit 2323 2 1883 1
! hypothet 373 1 26 1 6 1
! homologu 2164 2
! hellmuth 2949 1
! hrzjzwic 3296 1
! happiest 1166 1 504 1
! huckster 504 2
! humanist 4790 1 4775 9 4648 1 3149 1 2334 5
! hardwork 3024 2 2220 1
! housebus 4324 2
! homotopi 3889 8
! hazelton 1308 1
! harshest 1848 1
! hemistri 4149 1
! hymenoxi 2471 2
! hydropon 1974 2 1934 1
! henriett 1465 2
! hitherto 397 1
! homework 398 6 288 2 224 1
! hydrazon 123 2
! hyperset 4696 104
! hurewicz 3889 1
! herbivor 3620 1 2443 2 2274 3 1154 3
! hedonist 3760 1
! helposti 4831 1
! hindimus 142 1
! harrison 3121 1 1876 1 733 3 1591 1 829 5 703 7
! haverton 3394 2
! hawthorn 431 1
! historio 402 1
! hostibus 3351 1 583 1
! houdetot 4766 1
! humphrey 829 1
! hyperequ 4696 3
! handwrit 284 7 58 1
! huguenot 3554 1 4790 6 3450 2 2781 2 593 1
! halibutt 2549 1 2461 2
! hangzhou 2928 3
! hellonot 142 1
! histcorr 2865 1
! holloway 1311 3 1308 1
! hyaluron 3615 1
! hobbyist 93 2
! hypotens 3789 2
! hpolscrv 736 1
! hereunto 649 1
! hyperton 358 1
! homeunix 1886 1
! horatius 612 1
! hometown 4792 1 3919 1 3019 1 736 1
! hypnotis 2327 1
! happyenv 4694 1
! harpyhum 2116 2
! htmlhttp 142 1
! hairloss 3620 1
! hirokazu 2403 1
! hieronym 1972 1
! heapsort 4907 1 4279 1 1316 1
! huntress 504 1
! hazelnut 1924 2 1609 1 1419 2
! honolulu 3350 1 733 2
! horsepow 4634 2 2452 1
! humorist 4668 1 970 1
! hypersum 4696 6
! homospor 1146 1
! hazureru 1300 1
! homosexu 249 1 242 5
! holyston 2403 1
! hyperpow 4748 1
! hairstyl 2875 1 1554 1
! horizont 458 1 158 12 330 1 83 3 152 1 358 2 105 5 6 1 148 1 57 15 101 1 120 3 260 5 7 2
! hydrolys 4784 3 748 1 3615 1 745 1
! hydrolyt 359 3
! hydroxyl 369 3 359 1 294 2
! harjutus 1316 1
! hornwort 2542 3 2169 1 2130 1
! hyderabad 4958 2 4648 1
! hydrolyz 359 1
! hunchback 4768 1
! hamisadah 3993 1
! hogenraad 4671 4
! hexadecan 122 1
! horseback 1595 2 1532 2
! hispanica 3638 1 2897 1
! handlebar 1447 5 4504 1 1449 2 1444 2
! hanasanai 379 1
! handelaar 1459 8
! hindrance 4668 1
! heartleaf 2471 2
! hexadecim 277 3 266 1
! harmonica 4096 1 3456 2 3110 1 2927 1
! hoffstead 4748 1
! hirudinea 229 1
! huldreich 569 1
! hhhhhhhhh 142 1
! helvetica 4706 1 3735 1 3982 2 3392 1 1087 5
! hitchcock 1872 1 1186 1
! homestead 3541 3 1085 1 3108 1 708 3 703 2
! hiddencat 4915 1
! hudsonica 2874 2
! hexidecim 3041 1
! heinecken 4031 2
! hierarchi 389 1 167 1 373 1 285 2 329 4 131 3 142 1 216 1 139 1 298 3 56 1
! hoangmang 1882 1
! helgoland 2609 1 2561 1
! haloalkan 263 1 123 1 130 2 7 2 369 2 6 12 56 2
! heirarchi 142 1
! hennigian 2164 1
! hypercard 3012 2
! hodgepodg 3511 1
! halfcircl 4454 2 3107 1
! healthcar 2015 2
! hypergeek 4392 3 1560 9
! hammurabi 2865 1
! hypoleuca 2897 1
! holistica 142 1
! hashclash 3260 1
! harranian 2865 1
! heartland 3026 1 2018 1 1438 1
! hiaticula 2897 1
! hungarian 249 1 248 3 142 1
! hyperbola 642 1
! hornickel 3598 2 1806 2
! haamidiya 4958 1
! handcraft 4752 1 2325 1 2220 1 2015 1
! hexanedio 4784 1
! humankind 4648 1 4790 1 4416 1 4752 2 2882 2 913 1 2323 1 519 1 1979 1
! hyvercian 1161 1
! hoernchen 2919 1
! hjemmesid 4610 1 1061 1
! heartbeat 3751 1
! hyperhard 4696 1
! hillbilli 3057 1 740 1
! hobgoblin 4884 1
! haphazard 2334 1
! hiroshima 251 3
! hannaford 177 1
! hortulana 2897 1
! heckscher 2865 1
! hedgepeth 1040 2
! hellingen 1772 1
! hermitean 4697 40
! hesarubel 2560 1
! himalayan 2323 1
! hollenska 1457 1
! horripila 142 1
! hostaphan 2403 1
! husbandri 4668 1 3638 1
! hyperspac 4697 1
! hashrefer 3479 1
! healthili 200 1
! hereinaft 4697 1 3870 1
! hesperian 4038 2
! hotelguid 2392 8
! hubiesein 3692 1
! headlight 3185 1
! huibrecht 398 2
! hlschrank 993 1 995 1 810 3
! holograph 2322 1 1310 1
! homograph 166 1
! honkasalo 2098 1 1956 1
! housekeep 4604 1
! horsehair 229 1
! hemiptera 2811 2 2263 3 2130 1 2114 2
! highlevel 3222 1
! household 402 1 142 1
! henicosan 122 1
! homebound 249 1
! healthier 3620 1 2327 2 2027 1 1439 1 1419 1 1437 1 3387 1 736 1
! hardbound 2865 1
! headstock 3220 3 2930 12
! hiddclass 4694 3
! hausdorff 4967 1 4696 1 4523 1
! horsetail 2543 4 1173 1 2471 1 1146 1
! hudsonian 2897 1 2874 2
! hydrophob 365 1 453 4 363 5 359 1
! huoneessa 4831 1
! hoevekamp 1704 1
! hermitian 4697 1 3343 1
! horsemeat 798 1
! hamakulta 2902 1
! heterogen 358 1 211 2
! highlight 417 1 398 1 358 1 427 1 216 1 285 1 223 1 418 1 165 1 114 1 408 1 397 1 265 1 56 4
! hospitali 3025 1
! havilahit 2865 1
! hematuria 3789 2
! helsingin 1265 1
! hyperinfl 249 1
! halloween 3125 1 2874 1 2279 1 1644 1 2990 3 975 5
! hampaaton 4831 1
! hultajski 3765 1
! heartleav 2471 2
! hotelnumb 2680 6
! hypersoci 3059 1
! hisraayil 3026 1
! henrietta 1465 3
! haberkern 93 1
! hematolog 2015 1
! histogram 3874 1 2757 2 3868 13 4805 1 2770 2 3867 1
! hieratiko 3055 1
! hernandez 4766 1
! highlithn 3203 1
! hindsight 3057 1 3010 1
! historian 251 1
! heartseas 4297 2
! hexatrien 748 1
! harkarkom 2865 2
! haustoria 1145 1
! hemispher 253 1 158 4
! hippocrat 2015 4
! hydrophil 363 6
! housenumb 775 1
! htmlsingl 4873 1
! haymarket 3108 1 733 2
! heliopoli 3023 16 3026 5 3021 1
! henriette 1465 1
! hollerith 2987 1
! hyperdens 4697 6
! hypoleuco 2897 1
! heartfelt 4765 1 4874 1 3759 1
! hyperlink 410 1 398 1 213 2 149 4
! hambleton 3028 1
! hypernumb 4697 2 4696 15
! historien 3965 2
! homophoni 3149 1
! herbalist 4297 1
! hypericum 1591 1
! hypothesi 202 4 231 2 226 3 201 11 191 1
! homebuilt 4748 1
! heatproof 3245 1
! hephaesto 186 2
! hereabout 3017 1 3025 1 1165 2
! hokurikud 4049 1
! hypocrisi 2323 4
! healthnew 3620 1
! hadramawt 2865 1
! hideminor 4395 2
! harbornet 398 1
! hendrerit 3844 2 3843 2 3841 2 3842 2 3837 2
! hippocoon 3020 1
! hysteresi 3267 1 2695 4
! hypochrom 934 1
! heraclius 3026 1
! handygrip 4066 1
! horstmann 4582 2
! hutchison 4649 2
! heutlings 4693 1
! housewarm 3025 1
! harlequin 2897 1 2874 1 2471 2
! hooptylif 4324 1
! humanmetr 1846 1
! hydroclor 4051 1
! hypotherm 2014 1
! headquart 394 1 317 1
! herkforth 3511 2
! henderson 453 1
! headstart 660 1
! hairdress 2006 1
! hypnapomp 1678 3
! hemingway 142 1
! hartstikk 3827 1
! horseshit 398 1
! hyperoper 4697 6 4696 4
! haliaetus 2897 1
! heliopaus 1026 1
! heliostat 2952 1
! histories 2865 1
! hortatori 3529 3
! hellenist 243 1
! handiwork 213 1 12 1
! heretofor 4748 1 1165 1
! holomorph 4702 2 1725 12
! homeostat 4648 2
! homomorph 370 3 41 4
! hygroscop 3069 2 2403 1
! harmodius 3020 1
! handprint 2902 1 2875 1
! homoplast 230 1
! hylomorph 3849 1
! hermeneut 4648 1 4583 1 504 1
! hypersens 4696 1
! hazarmawt 3019 2
! hellooooo 142 1
! hollywood 142 1
! holocaust 218 1 217 1
! heartburn 4183 1 1628 1
! hauptseit 142 1
! hebrewess 504 1
! honeymoon 2875 1 4673 1 1578 1
! hydronium 27 2 26 3
! hydrostat 226 1
! hypertens 3789 2
! homegrown 3945 1 3059 1 1059 1
! herennius 3025 2
! hermitess 504 1
! hartshorn 3302 1
! heatstrok 3813 1 2014 2
! honestley 253 1
! honaratus 3025 1
! hyperunit 4697 7
! heliotrop 2471 2
! housework 1047 4
! hlxjfzcpv 3592 1
! hydrolysi 455 1 453 7 464 1 359 2 211 2
! heterocyt 358 3
! hilversum 1503 1
! herbythym 428 2 165 2
! homelinux 4716 1 4694 3 3604 1
! hypocotyl 510 1
! honoratus 3025 1
! hookproto 4694 1
! hypotenus 58 1
! hermippus 3025 1
! helmholtz 4696 1 2949 3 2334 2 2698 1 2403 11 1888 4
! herodotus 460 1
! historiqu 4184 1 3025 1
! hyperphys 3525 1
! hypoosmot 1159 1 1121 2
! hypertext 305 1 302 1 233 1 301 1 216 3
! hirodotus 3026 1
! heterozyg 3773 1 2164 1 1130 1
! hypnotist 1591 1
! heterolyt 29 3
! hippolyto 1178 1 967 1
! halukkuus 4831 1
! herodutus 1628 1
! herozygot 2164 1
! homozygot 2164 5
! hillowrym 175 4
! hogersluy 3562 3
! hyderabadi 2560 3
! hauptsitz 2227 1 993 3 985 1
! heptadecan 122 1
! hausaufgab 2317 1
! hylobatida 4770 1
! hylocichla 2897 1
! hominoidea 2130 1
! hiearchial 935 1
! hetvabhasa 2323 1
! hypermedia 471 1
! hiddenmemb 3334 2
! hesperiida 2273 1
! hollingdal 4582 1
! helicobact 1139 1
! haemastica 2897 1
! hypocalcem 3620 1
! heidelberg 4697 2 810 1
! homophobia 709 1
! honderdelf 1986 1
! hendecagon 504 1
! hihihihihi 3479 1
! houseclean 428 4
! hindenberg 739 1
! hyperfield 4697 1
! hackbinari 1560 36
! heresiarch 502 1
! hihihjijhi 142 1
! heartbreak 3234 1 1492 2
! hallelujah 4038 1
! healthfind 337 1
! hypnogogia 2804 1
! heisenberg 428 1 40 2 25 1
! herpestida 2265 1
! hollandais 3640 2 2561 2 3652 5 1662 3
! heptanedio 4784 1
! hajimemash 3875 1 1372 1
! handarbeit 4319 1
! hinterland 3026 1
! hispaniola 3450 2 886 1
! hypermarch 798 1
! handicraft 4066 1 3663 1
! hambrienta 3024 1
! handleinfo 4693 1
! historical 4697 2
! honderddri 1986 2
! herzlichen 3004 3
! homographi 3149 2
! hemoglobin 354 1
! hereditari 4582 1 1591 1 1131 5 1802 1 2865 3 4416 1 2778 1 1398 1 4756 2 2784 1 1128 1 1120 2 1114 1 4755 1 2340 2 1119 5
! hornemanni 2897 1
! hypermodel 4697 2
! homeopathi 3986 3
! hyperdivid 4696 1
! haematuria 3789 1
! heimermann 2956 2
! heteroscel 2897 1
! homerepair 1978 1
! humblefool 142 1
! hairstreak 2114 1
! hemorrhoid 504 1
! hausarbeit 142 2
! hanoverian 2783 1 593 1
! harrastava 4831 1
! hugocoolen 3794 1
! huolimatta 4831 1
! honeycreep 3873 4
! hindenburg 248 1
! hermstaedt 4766 1
! hovercraft 2882 1
! hellohello 4526 2 3686 2
! historieta 991 1
! highschool 93 1 56 1 40 1
! hazewinkel 4696 1
! heterochir 7 1
! hashedword 3041 1
! homeschool 253 3
! hinstellen 4869 1
! hundertein 2317 1
! heretohelp 639 3
! hyperbound 4696 3
! heterocycl 2932 1 916 1
! hablaremos 4544 1
! hadhramaut 2865 1
! henceforth 4012 1 2723 1 4649 1 2504 1 2319 1 1406 1 1165 1
! holzscheit 4697 1
! humanities 3061 1 2327 1
! hydrodynam 132 1 93 1
! hyperbaton 4062 2
! hindustani 477 1
! historisch 3026 3 1513 1
! harunyahya 2865 1
! heartathom 3110 1
! historgram 4805 1
! hanasemasu 379 1
! himmelsohn 4696 52
! hyperpolar 1156 1
! halohydrin 2623 5 894 2 916 1 881 1
! homeostasi 355 2
! hospitalis 2052 1
! hydrochlor 123 1 118 1 26 1
! heliocentr 4790 2 1025 2
! helloworld 4695 14 4279 1 3131 1 1526 1 1096 1
! herbekommt 1513 1
! hadamitzki 3483 1
! hematocrit 1155 1
! hipotenusa 4252 1 4242 1 4238 1
! hygroscopi 2403 1
! hydrotherm 3901 2
! haliaeetus 2897 1
! heteroatom 12 1 7 2
! homeomorph 447 2
! honeysuckl 1644 1
! hydrospher 1040 1
! hipparchus 4897 1 3228 1 3020 3 2890 2
! hardstruck 3509 1
! heterodoxi 4668 1
! hauptstadt 963 2
! hyperquark 4697 1
! homermorph 4523 1
! heterophon 3149 2
! himyarites 2865 1
! hutchinson 571 1 570 1
! housetruck 4324 6
! hieroglyph 3055 43 3025 3 2772 2 3002 1 3145 5 3350 1 3143 3 3020 2 1939 1 2882 3 3056 11 2902 7 3017 1 3054 7 1628 1 2477 1 3144 1 3029 11 4608 11 2883 4 1739 4 2873 1
! hisatsinom 2872 1
! harrington 4500 1
! heterodont 1154 1
! henotheist 2340 1
! hypothesis 2334 1
! helsingist 3604 1
! hymenopter 2114 1
! heraclitus 4582 6
! habrammuun 3026 1
! hasslerkun 1304 1
! helianthus 2515 1
! hirundapus 2897 1
! huntington 4582 1 2881 1 593 3
! hyperunion 4696 1
! hashirutim 3993 1
! hastinapur 2323 2 2214 2
! hyperquant 4696 12
! hadrumetum 3026 1
! haloformyl 369 2
! hydrofluor 27 1
! hydroxylas 211 1
! hypererror 4696 69
! hyoscyamus 3739 2
! haematopus 2897 1
! huckstress 504 1
! hyperquoti 4696 2
! handystrok 4066 1
! heterospor 1887 1 1146 2
! harryortho 3938 2
! hyperosmot 1159 1 1121 2
! hahahahahah 142 1
! hypophysis 3789 1
! hatshepsut 1872 1
! himantopus 2897 3
! hypertruth 4582 2
! heiligabend 4869 1
! hasselbalch 453 1
! heteralocha 2896 1
! hoofdpagina 1459 1 1458 2
! hydrobatida 2897 1
! hierbeneden 1459 1
! hirundinida 2897 1
! hackfleisch 1769 1
! hypermechan 1739 2
! hrishikesha 2323 10 1884 4 1879 6
! heraclitean 4584 2
! hoteldetail 2392 4
! hummingbird 51 1
! harvinaisia 4831 1
! herbivoraci 1604 1
! homeodomain 2164 1 1137 1
! hagiographi 4958 1
! hyperplasia 3789 1
! haschildren 2632 1
! hochzuladen 1285 1
! haemoglobin 3620 1 2085 1
! hyperobject 4696 1
! hyperboloid 4697 1
! hyperelemen 4696 1
! herumlabern 1513 1
! huckleberri 462 1
! holsteinian 2561 1
! hypothermia 4736 1 3813 1 3125 1 2745 1 2014 4
! horseradish 3579 2 2561 1 1600 2
! hypersurfac 956 1
! hinbekommen 4879 1
! hydrocarbon 122 1 123 9 8 1 129 2 110 1 363 2 369 1 127 1 6 1
! hydrographi 3025 1
! harpsichord 3110 1
! haftpflicht 142 1
! hrenddessen 2246 2
! hyperbiolog 4697 3
! hamiltonian 447 4 93 2
! handletouch 4356 6
! hydrosulfid 568 1
! hamburguesa 280 1
! herzegovina 248 1
! hexafluorid 4053 1 2403 2 1295 1
! heliomyzida 2114 2
! hypothetico 2890 2
! heinzendorf 2015 1
! hymenoptera 2811 2 2263 2 2114 2
! haskellwiki 2637 3 1804 2 1738 2
! historyplac 703 1
! harthacanut 2855 2
! healthtouch 2015 1
! hemaphrodit 226 1
! hydroelectr 3509 1 3267 1 2952 12
! highfalutin 3270 1
! hindieditor 477 1
! hypermarket 798 1
! hypernumber 4697 1
! hippopotami 504 1
! hypercorrel 4697 1
! hanashimasu 379 1
! hendrickson 3350 3
! hyperconjug 25 2 6 3
! histocompat 4383 1
! hypertheori 4697 1
! hintergrund 4159 1
! hyperventel 2798 1
! heavyweight 4694 1 4693 1 1801 9
! hallintoalu 4831 1
! hermeticist 2865 1
! heterodonti 226 1
! helicoptero 3592 1
! hostelworld 3937 1
! housewebsit 3266 1
! hyperventil 3813 1
! homocystein 3620 1
! hypertrophi 3879 4
! heimstetten 4693 1
! hypochlorit 4051 1 3447 1
! hippocampus 3620 1 3021 2
! hypermeasur 4696 2
! handwritten 2164 1 4828 1 2083 1 4372 1 1087 2
! historicist 2865 1
! hcnwjzryhgi 3592 3
! hotelformul 3979 1
! hypersubset 4696 3
! helloraipur 2358 1
! hahahahahaha 2534 1
! hyperboreus 2897 1
! herttukunta 4831 1
! heterotroph 358 2 230 6
! hotelpictur 2392 6
! hypersensit 4383 1
! hucksteress 504 1
! hieroglyphs 3055 1
! hyperformul 4697 2
! hydroperoxi 369 3
! hyperformix 1284 1
! hamsterpoop 458 2
! haloragaceae 1752 1
! hawkesworth 4072 1 4063 1 4038 3
! habroptilus 2158 1
! hypersystem 4696 3
! hydrosystem 2952 1
! hydrargyrum 2828 3
! hfdfgdghdgfd 142 1
! horticultur 142 1
! heterozygot 3773 2 2164 4
! hgoznpguiuy 3592 3
! handkerchief 450 1
! hastamalakam 2323 1
! hausaufgaben 4427 2 3887 3 2317 4 3729 1 2800 4 971 1
! hyperalgebra 4697 1
! hemichordata 231 1 229 1
! hemipterodea 2811 1
! handlemessag 2341 5
! hyperlanguag 4583 12 4582 13 4584 2 1739 10
! hauptbahnhof 2246 6
! hadramautean 2865 1
! hervorragend 1513 1
! hydrohalogen 6 1
! hyponatremia 3789 1
! humanitarian 4790 2 2016 1 735 1 4673 1 3023 1 1848 1
! hanashimasen 379 1
! helocordulia 2874 1
! hinditypepad 477 1
! hallucinogen 1826 1 1591 2 2804 4 1479 1
! heterographi 3149 2
! hardwarebook 3944 1
! highlandsumc 2865 1
! hyrdrocarbon 748 1
! henceforward 1165 1
! holystonecap 2403 1
! heringssalat 2561 1
! hispanizando 56 1
! haudenosaune 1416 2
! hauptartikel 142 1
! hauptproblem 3145 1
! herzegovinan 3160 1
! hydroxyalkan 745 1
! horsemanship 2042 2 2038 2 1978 4
! hauptseminar 2865 1
! hematopoiesi 2558 1
! hyperconcept 4582 2
! helimentolog 1114 1
! hermaphrodit 229 1
! hinterlassen 4224 1
! hrerscheinpr 3141 1
! hypercorrect 1816 1
! hauptverlauf 1514 1
! hepistemolog 4648 1
! haematopoiet 142 1
! hrungsstrich 1513 1
! hyperanalysi 4696 6 1739 2
! hydroperoxid 369 3
! hypothalamus 3789 1
! hochstetteri 2896 1
! hyperrelativ 4697 1
! hebrewsymbol 2865 1
! hypercomplex 370 1 184 2
! haplodiplont 1146 1
! hyperproduct 4697 1 4696 2
! harmoniousli 2327 1
! hubertusburg 571 1
! histrionicus 2897 2
! hyperthought 4582 1
! huitzilopoct 3450 1
! hopelessness 4668 1
! headmistress 441 3
! hypermultipl 4697 2
! howstuffwork 142 1
! hippopotamus 4768 1 3025 1 504 2
! heterokaryot 1145 1
! hydroxyethyl 745 3
! hydrogenolyz 123 1
! harrassowitz 2883 1
! hookprotoxxx 4694 2
