! ia 498 1 406 4 331 1 272 1 204 1 193 1
! ib 225 1 492 7 142 7
! ic 4392 1 4399 2 2804 1 2774 1 2452 2 3980 2 1061 1 2403 2 2164 1 4835 12 3202 2 2190 1 3945 2 1492 1
! id 0 3
! ig 142 1
! ii 499 1 246 1 223 1 462 1 260 1 307 4 397 1 243 2 404 1 379 1 473 2 494 1 447 1 356 2 251 1 204 1 249 4 221 1 93 2 187 1 207 9 253 1 9 1 193 3 248 4 142 14
! ih 3592 2 2441 1 1053 1 888 1
! ij 404 1
! ik 142 5
! im 165 1 142 6
! il 404 20 249 1 142 9
! io 499 4 431 7 397 2 193 3 204 1 135 1 121 1 271 1 51 3
! ip 419 3 402 2 427 3 312 1 389 5 285 1 374 1 176 1 311 2 135 1 157 1 152 2 375 6 398 1 56 1 390 1 160 27
! iq 3865 1 3247 1 2322 1
! ir 289 1 288 3 280 8 56 1 199 5 286 2 198 4 340 1 142 2
! iu 204 1 193 1
! iv 260 1 223 1 207 5 142 4 41 1
! iw 2583 1
! ix 281 5 142 4
! iy 4697 2 1725 2 1503 1 4693 1 2578 1 577 3
! iz 4831 3 4721 1 726 1 1771 1 796 1 577 14 504 1
! iba 280 3
! ida 379 2
! ica 4831 2 3192 2 2865 2
! ibb 1509 2
! icb 2865 1
! ifa 427 1
! iga 3620 2
! iac 3026 1
! iad 2865 1
! iec 265 3 232 3
! ibd 3620 1
! icc 1284 1
! icd 2403 1
! ied 1352 1
! ice 467 1 158 4 6 1
! ide 396 1 379 2 323 1 265 3
! iib 3465 1
! igc 3772 1 3320 16
! icg 2865 1
! ige 3565 2
! iid 4694 1 1554 1
! ina 3192 2 2297 1 1416 2
! ipa 404 24 194 1 193 1 405 36 190 2
! imb 1365 1
! ife 4149 1
! imc 2431 1 2026 1
! ich 2636 1 2317 28 1490 1 3887 32 4319 1 1485 3 2801 3 4869 2 3729 7 3775 5 2396 3 2227 2 985 18 2246 4 972 7 2233 11 2609 8 1736 3 1686 3 3141 4 3815 22 1778 3 4427 16 1808 1 2782 8 1513 1 810 9 1489 2 2474 1 2377 3 825 4 2714 1 1022 2 1890 1 1514 8 4586 19 997 4 1796 1 1500 1 967 3 3004 40 2800 19 4879 4 1484 1 1271 3 2446 1 1018 2 3055 1 963 3 2232 2 971 28 993 10 1200 10 4268 1 3201 1 970 19 992 1 1777 5 2106 6 995 7 1285 3 943 9
! iff 447 1 318 2
! ikd 3678 3
! ild 1591 1 1585 2
! ibi 1431 1 4012 1 2897 2 502 1
! ira 4831 2 805 1 4432 2 562 1
! ije 404 1
! iie 1384 1
! isa 4498 3 4183 1 1576 2
! ijg 265 1
! ici 142 1
! idi 1972 2
! igh 193 1
! ile 1277 1 888 2
! ipc 4884 8 1186 1
! ita 379 2
! ime 4874 1
! ike 3616 3 3076 1 2538 1 740 1
! ick 943 1
! iej 1271 3
! ilg 3625 2
! iwa 1791 1 1790 1
! ial 1715 4
! iam 402 2
! ifi 3495 1 2656 1
! isd 1461 1
! img 444 2 142 1 110 1 216 8 56 1 14 4
! inf 142 4
! itc 4748 1 4737 1 2865 1 1359 1
! irc 419 2 169 14 282 1 402 1 241 1 191 1 398 5 387 2 233 3 223 1 427 2 220 2 160 1
! isc 2944 1 657 1
! ine 123 1
! igi 2311 1 1741 1
! iya 4439 1
! ipe 142 1
! imf 252 1
! icm 4697 2
! idl 398 1
! ibm 277 1 265 2
! iii 473 2 223 1 397 2 260 1 249 1 207 9 142 13 41 1
! ikh 2609 2
! ing 380 1 285 1 198 3 397 1 142 1
! iji 1748 1 1577 1
! ire 499 1
! ise 462 4
! ian 402 2
! ijk 3419 1 3333 2 3411 3 606 1
! ite 379 2
! iem 1274 3 1273 3 1270 2
! ili 406 2
! imi 2340 1 1274 7 1271 1
! ive 4975 2 3265 1 1977 1 1423 1
! inh 4372 1
! ibo 4080 3 4046 1 4043 2
! ini 495 1
! ibn 4958 1 2865 2 990 3
! isg 4715 1
! ico 4831 1 3499 5 3192 2
! ido 271 1 135 2
! ign 4152 1
! ikk 2666 2 2635 2
! ipi 4391 1
! ish 465 1 393 2
! ihm 2246 1 1022 2 963 6 985 5 1890 2 825 1
! ilk 4619 1 1281 1 890 1
! iil 3769 1
! iim 3769 1 3485 1 3482 4
! ien 4496 1
! isi 156 1
! ith 2326 3 1880 1 604 1
! ibr 4697 36
! icq 223 1
! ihn 3004 3 1890 1 1022 1 997 1 4869 1 985 5 1513 2 963 3 2609 1 970 1
! iin 3769 1
! ill 496 1 249 1 444 1 290 2 495 1 242 1 200 1 223 1 211 1 142 1 186 1 435 2 193 1
! iri 405 1
! ize 398 2
! ink 445 3 165 1
! ilm 4958 1 2865 1 990 2
! iti 4831 2 4063 1 4697 1 4012 1 4010 1 3780 1
! ier 4183 3 4831 8 806 1 805 1
! ics 4835 6 3864 2 4392 1 3202 2 4379 1 3408 2 2428 1
! iip 2016 2
! iom 402 1
! ipm 3739 1
! ivi 1972 3 1307 5 4454 1 809 1
! ihp 2403 1
! irk 405 1
! ipl 142 1
! ids 216 1
! ict 492 1 444 2 83 1 491 1 56 1
! ifr 4546 1 2403 1
! ifs 4613 1
! inn 4697 1 2642 1 4066 1 2680 2 1308 1 973 1
! ino 166 1
! ism 4616 1 2881 2 4831 3 4600 1 2865 1 2698 1 4584 1 724 1
! isl 4072 1 4066 1 4063 1 4038 2 3003 1 2865 3
! itl 1186 1
! izi 113 3
! irl 1585 1
! imp 142 2
! ipn 2324 1
! ihr 3887 18 1490 1 4586 11 2782 2 4427 16 3729 6 971 20 1500 1 3004 6 2317 5 2246 3 3026 3 1777 7 2106 1 970 3 993 5 1890 6 1200 1 972 2 1066 1 1022 2 2609 2 963 5 985 1
! ibu 4442 24 1177 5 840 2 833 2
! ion 475 31 358 3 363 1 132 1 342 1 365 6 295 1 26 15 118 2 349 1 211 2 27 4 359 5 37 1 125 1 25 1 12 1 35 1 438 1 369 6 24 11 6 16 21 1
! iau 4892 1
! imo 428 1 199 1 397 1 330 1 198 2 398 2
! iaw 2327 1
! iet 4496 4 3562 1 1713 1 1459 1
! iis 483 1
! ijs 1503 1
! inp 4183 1
! isn 418 1 253 1 414 1 397 3 162 1 392 3 298 1 417 1 406 1 285 1 216 2 235 1 186 1 233 1 427 6 330 1 177 3 86 1 415 1 221 5 174 2 402 2 499 3 14 1 111 1 484 1 108 1 155 1 176 1 167 3 458 4 24 1 165 1 398 9 163 1 396 2 114 1 207 3 160 1 54 1 148 1 444 1 56 3 120 2 190 2 49 1 57 2 46 2 422 2 491 1 152 1 175 1
! itm 2757 1
! ium 561 2
! ipo 405 1
! ipp 491 2 253 1
! iir 3769 1 4183 8 2698 1
! ieu 1503 1
! icu 1284 1 592 1
! itn 2952 1
! ihu 1577 1
! ims 3203 3
! ito 282 1 252 1
! ivn 4358 1
! iso 405 1 379 5 397 1 232 5 265 3 160 1 266 1 123 4 128 1
! iht 3014 1
! ipq 3411 1
! iro 2116 1
! igu 1748 4 1405 5
! iit 473 1 93 1 6 1
! ils 1047 4 805 1 809 2 754 5 798 1 808 1 797 2 799 6 726 3
! isp 375 2 315 1 312 1
! iku 473 1 379 1 279 1
! ilt 2865 1
! iqr 4524 2 3865 1
! ins 2881 2
! ior 4012 1
! ips 493 1 419 1 381 1 176 1 160 2
! iwo 251 1
! ivo 1872 1
! idx 4653 9 3790 7 3449 1 1316 3 1186 1
! itp 3296 1
! ikt 799 1
! iew 383 1
! ivp 4797 1
! ios 3840 2 2210 1 1591 1 1329 1
! irq 4694 3 4498 1 4183 60 1576 2
! ipt 3897 2
! ilu 4831 5 2340 2
! int 472 18 498 1 331 23 359 4 267 15 261 3 52 60 397 2 51 72 281 10 50 55 417 1 49 27 181 14 48 14 157 1 47 32 266 31 46 46
! iss 4831 3 2003 1 1777 1
! isr 4183 6 3363 2
! inu 473 1
! irr 4140 1 1986 3 1888 2 1044 2
! ius 194 1
! iez 807 1 806 1
! ikx 331 2
! inv 3638 1 3635 1 3485 2 3334 1
! irt 1778 1
! ist 4726 1 4319 1 4869 1 2801 1 2317 2 4831 8 695 1 3775 3 3729 12 2227 8 2687 1 2396 1 3887 12 2238 1 1490 3 1686 6 2106 3 1777 4 997 7 1773 1 1514 9 2609 3 1736 5 4427 1 1517 2 2782 4 1513 19 1484 13 967 8 3004 9 1500 1 1461 2 1352 1 3815 1 1972 2 985 3 2246 2 1774 1 1677 3 1163 1 1066 1 825 23 2474 1 4608 2 970 11 963 16 971 3 2232 2 1178 4 1431 1 810 4 995 4 993 9 1200 1 1285 1 917 1 992 1
! ipv 4694 1 4693 8 1422 1
! its 331 1 57 3 244 2 221 1 404 1 266 2 322 1 223 3 165 1 189 1 142 2 48 2 243 1 431 3 355 1 120 2 491 1 21 1 173 1 359 1 265 1 12 1 226 1 111 1 123 1 358 1 36 1 83 1 7 1
! iow 4505 1
! iru 473 1 379 12 279 1
! itt 473 1 379 1
! itu 4445 1 4444 1 4443 1 2698 1 1371 6 898 3 842 1 1149 1 830 1 2726 1 834 14
! itv 2952 2
! itx 4498 2
! iww 735 2
! itz 2882 1
! idea 3 1
! icha 4432 2
! ilca 4831 1
! iadd 3334 1
! inca 244 1
! iced 2677 2
! inda 402 1
! isab 4647 1
! inea 2865 1
! imac 56 1
! imdb 736 2
! ipad 1591 1
! iach 1274 1 1273 1 1272 4
! ibla 2522 1
! ieee 4372 1 4694 2 2589 1 4498 1 3213 1 4791 1 2698 1 2381 2 3945 1 4748 1 3437 1 1149 1 1491 2
! ilha 142 1
! irda 2698 2
! inga 3701 1
! ibai 280 1
! idee 1677 1 1514 1
! ibid 4582 2 4038 1 3023 1 3025 5 500 1
! idna 1185 2
! ilia 406 2 123 1
! isfa 721 1
! idai 592 4
! irga 4831 1
! isea 1630 1
! iiib 3465 1
! ieci 3376 1
! illa 499 1
! imag 447 1 427 6 372 1 211 1 453 8 422 2 452 1 123 2 130 3 318 4 391 2 488 1 112 3 441 1 150 4 291 2 366 6 363 1 455 1 358 1 173 2 362 1 456 1 285 1 216 3 263 4 360 1 101 1 7 3 201 1 185 1 180 1 83 5 458 5 167 3 361 1 158 93 142 15 418 6 127 2 30 4 16 3 113 1 284 1 96 2 10 3 398 3 445 5 57 2 260 1 357 1 454 1 99 8 25 1 413 1 375 5 84 1 35 1 423 1 94 5 41 1 223 1 417 4 208 1 20 2 349 1 58 1 24 1 93 1 444 32 56 44 491 7 6 6 103 1 338 1 241 7 102 1 149 2 21 1 157 5
! inde 398 5 473 2 462 1 389 1 56 1 355 1 216 1 414 1 207 1 284 1 330 1 132 1 160 1 83 1 208 1 120 1
! ined 3552 1 2049 1
! iraf 4895 1
! idle 4688 1 2503 5 3722 3 3684 10 3274 1 3685 2 1560 1
! inge 3701 1
! inai 205 2 193 1
! inef 4673 1
! icra 3213 1
! irib 2865 1
! ilai 2560 1
! ichi 284 1 222 1
! iffi 3936 1
! imaj 3482 3
! irla 56 1
! icta 123 1
! iban 280 1
! icbm 740 2 573 1
! inch 200 1 248 1 83 2
! ivka 142 1
! ifan 1190 1
! ieoe 4693 1
! iggi 142 1
! indi 251 2
! ipmc 2328 1
! isch 4930 1 1503 1 1458 1
! ivla 191 1 142 2
! itai 3855 1
! itch 266 1
! irie 2881 1
! ille 695 7
! imei 2321 2
! ixfd 3990 1
! isma 2865 2
! iami 1274 1 1273 1 1272 4
! icap 4863 5 4861 1
! icki 3944 1
! iiii 583 2
! imam 2865 6
! ilta 4831 1
! irak 3024 1 765 1
! idli 3105 2 2560 2 1964 1 3106 1 1661 2
! iirc 4748 2 4693 1 4715 1 3495 1 3265 1 1749 1 1726 1
! ikan 4637 5 2726 1
! itoa 4215 1
! icph 890 1
! iden 4831 1
! igen 4689 1 4546 3
! ipod 3483 1 3319 1 1591 1
! ihre 2246 1 963 1
! ilan 3410 2
! iman 4958 1
! inan 4673 2 2240 4 1307 2 1186 1
! incl 4550 3 4397 1 2381 1 4696 4 3123 1 3260 1 4670 1 3240 1 2180 1
! inod 4884 8 4056 1 3041 2 1576 1 2379 1 1574 8
! iram 2865 1
! irgi 4831 1
! isra 765 1
! ital 444 1 301 1 40 1 216 2 418 1 330 1 185 1
! ibdp 4043 5
! ilua 4831 1
! iota 4583 1 2599 2 2139 1 3145 1 965 6
! ippc 3320 1
! imta 2340 1
! infj 2222 1 1840 1 1851 1 2239 1 1843 1 1865 11
! isoc 394 5 301 2
! ideo 4012 1
! ipsa 4831 2 502 1
! isle 427 1 177 1
! isod 4697 11
! ietf 394 2 374 3 312 2
! iiil 3769 1
! illi 936 1 695 1
! inji 2560 2
! iran 3673 2 3013 1 4600 1 827 2 4082 2 3162 2 2865 7 4958 1 2340 6 765 2 1813 1 573 4
! isfj 2239 1 1863 12 1843 1 2220 1 1840 1
! ista 892 1
! iago 2519 2
! imap 3203 1
! iehm 1258 1
! igni 2949 1 583 2
! ithi 2311 1 1741 1
! iowa 4421 1 3021 1 1644 1 1400 1 1906 1 574 1 1311 1 1058 1 1310 2 655 1
! ivan 3776 2 2956 4 2441 3 3758 2 2330 3 2123 1 3412 4 2334 2 1864 1
! icio 4372 1 4324 3 2586 2
! ifeq 4293 1 3690 1 4715 1 3494 1 2626 2 1241 1 2627 3 1222 6
! iiim 3769 1 3485 1
! ilse 3701 1
! ilya 4648 1
! indo 307 3 373 3 244 1 499 1 477 1 202 2
! inen 4831 5
! isbn 379 1 203 1 307 1 167 2
! ispe 4350 1
! iego 1271 2
! immi 3739 1
! iasi 4697 1
! ingl 435 3 429 1 407 1 433 2 290 5 142 1 276 2 166 3 56 2
! irem 3529 1
! iwan 473 1
! imre 1983 2
! iptc 4033 1
! infn 4279 1
! ieri 4391 1 1258 1
! igbt 2403 1
! iiin 3769 1
! info 471 2 431 3 434 1 417 1 397 1 375 1 444 4 398 2 349 1 142 10 491 1 169 1 330 1 253 1 160 2 113 1 93 2 177 1 221 1 56 1
! inte 4690 1
! ioni 3376 1
! iraq 142 3
! iren 2874 1
! irse 1526 2
! isdn 3945 1 1576 1
! isen 4831 2
! issd 1504 1
! item 207 4 453 1 131 2 428 1 472 1 266 1 427 4 50 1 473 1 303 1 418 2 402 1 330 1 48 2 163 2 224 2 216 1 409 1 202 1 458 1 176 1 410 1 222 1 152 1 20 2 150 2 47 2 157 1 392 1 7 1
! ivki 142 1
! ides 255 1
! idol 4583 1 3266 1
! iodo 568 2
! imin 369 4 123 1
! ielo 405 1
! ihau 733 1
! infp 2222 1 1840 1 1851 1 2239 1 1843 1 1868 14
! ioin 2323 3
! ipar 1177 1
! iste 695 1
! itza 3530 4
! icon 336 3 176 2 473 3 177 1 167 1 444 1 158 7 135 2
! irar 4831 1
! iuli 1258 1
! incr 4215 5
! imho 428 1 398 1 491 1 282 3 297 1 330 1 165 1 160 1 113 1
! inkl 4748 1 4582 1 2369 2
! ingo 2323 4 3701 1 1881 1
! iufm 3917 1
! idno 1186 1
! iuni 1258 1
! idon 4831 8
! ibis 2897 1
! ilds 2210 3
! iori 4012 1
! ipll 830 1
! isfp 2239 1 2221 1 1867 9 1843 1 1840 1
! isin 318 1 297 1
! ittf 3449 2
! inth 2984 1 679 1
! isep 3449 1
! isok 2680 5
! ials 1059 1
! iiir 3769 1
! ijsk 1366 2
! illo 1431 2 3192 1 582 1
! iuml 1000 2 765 5
! impl 4241 1 4245 1 4240 1
! ingr 2046 1 2018 1
! ibum 2340 1
! imbu 4193 1
! isti 1972 2
! igit 3775 1
! intj 1864 13 2239 1 1843 1 2223 1 1841 1 1840 1
! iter 142 1 139 1 90 1 181 2 46 1
! iver 193 1
! itsi 1186 1
! iork 194 2
! imax 4279 2
! inir 1972 1
! isol 458 1 148 1 373 1 131 1 402 1 7 2 99 1 123 1 284 3 8 1 358 1 248 1 6 2 226 1 106 1 46 1
! immo 4012 1
! iels 142 1
! inet 4693 1 4394 12 2905 1
! itti 3063 1 2340 1
! inuk 504 1
! iitm 2388 1
! igor 4790 1 3466 2 2121 1
! intl 3468 1 2865 2
! iblu 3815 2
! idyl 1306 1
! igrp 1477 1
! imit 398 1
! imul 3334 1
! iron 467 1 252 1 249 3 354 1 475 1 167 1 246 1 160 1 20 2
! ismo 1532 1
! isom 129 3 123 13 28 1 6 6 127 14 12 1 7 28
! isrl 4647 1
! istj 2239 1 1847 5 1843 1 2220 1 1840 1
! itgs 4046 2 4043 1
! itom 3394 1
! iucu 592 1
! iuti 1573 1
! ives 4859 1 1309 1 1308 3 1307 1 1306 1
! ingu 2560 1
! iowi 1273 1
! iset 3331 2
! idiv 4279 3
! izat 1133 1
! iemu 1271 1
! inop 702 4 649 4
! irgu 4831 1
! iris 3701 1 2523 1
! isis 4416 1 3026 1 3055 1 4697 1 2882 1 3025 1 2775 2 1477 2
! init 51 1
! iuvi 1972 1
! inks 3602 1 1554 1
! iast 3794 3
! irit 2800 1
! ipso 3478 2 502 2
! isyi 4831 1
! ifup 2862 2
! iint 3331 6
! issn 4437 1 4426 1 4365 1
! illu 3789 1
! isso 3499 2
! ibus 4012 1 561 9
! imps 3945 1
! intp 2239 1 1869 27 2223 1 1843 1 1840 1
! igst 3887 1 3729 1
! isos 2944 1
! isto 1431 1
! itun 190 1
! istp 2239 1 1843 1 1840 1 2221 1 1866 10 1186 1
! isnt 4796 1 3196 1 4185 1 2579 1 687 1 3063 1 4518 1 3495 1 2956 1 4694 2 679 1
! irez 4831 6
! intr 4437 2
! iptr 4813 15 4716 15 4694 12
! irqs 4183 3 1576 2
! isps 375 1
! itot 4697 3
! ints 181 1
! irix 3293 1
! inqu 583 1
! inst 3388 1 2240 1 1680 1 504 1 2121 1 962 4 703 1
! ipow 1058 1
! ious 3698 1
! imus 4012 1 4010 1
! itss 4860 3 2530 3
! ierz 890 1
! isst 3004 3 2232 1 1500 2 995 1
! iust 2323 2
! ilys 2575 1
! irst 1002 1
! issu 186 2 416 1 284 2 460 1 383 2 499 2 384 1 392 1 398 12 444 1 397 1 491 5 411 1 223 2 176 1 428 3 381 1 266 1 285 1 216 2 169 4 248 1 321 1 180 1 165 2 113 1 160 7 218 1 120 1 402 2 167 2 282 1 235 1 417 1 135 3 177 2 271 1 145 1 380 1 427 1 221 1 152 1 108 1 56 5 46 1
! intz 1190 1
! iwtx 4697 1
! ijbaa 3026 1
! idaea 2561 1
! idead 330 1
! iccha 2323 1
! isaac 4109 1 1864 2 4790 2 1380 1 976 1 2890 2 2881 2 736 1 1506 1 2949 1 573 3
! idade 3663 1
! iface 1477 1
! imica 4693 1
! imbed 3889 1 1127 1
! iliad 4072 1 4063 1 4038 1 3638 3 2211 1 4422 1 3025 1 3145 7 3021 1
! ifdef 4884 1 4694 1
! imbib 258 1
! india 477 1 246 1 244 6 218 2
! illac 1431 2
! ibhfe 3592 1
! ideid 2883 2
! indee 3545 1
! ipdia 2403 2
! ikana 3483 2
! image 4 1 3 1
! iflag 4350 2
! incid 495 2 447 6 427 6 102 8 67 4
! iemia 890 1
! indef 1772 1 963 3
! imide 916 1
! indic 371 1 428 2 199 1 481 2 499 1 453 1 406 1 473 1 379 8 282 1 496 8 373 11 281 1 491 1 6 1 297 1 397 1 494 7 295 2 342 2 383 2 286 1 181 1 278 1 266 1 166 12 263 1 29 1 223 3 396 1 105 6 202 3 349 1 58 2 175 1 369 2 158 1 495 4 204 3 398 2 157 1 260 1 25 1 37 4 131 1 207 3 113 1 67 2 149 4 57 1 123 2 284 2 49 1 56 1 444 1 168 1 193 1 99 1 336 2 289 1 7 3 194 1 167 1 48 2 50 1
! iupac 123 11 9 2 7 1 6 5
! inhib 211 1
! iudic 502 1
! isodb 4697 4
! iadek 890 1
! iddle 4152 1
! ideal 402 2 370 2 249 1 398 3 409 1 244 1 131 1 12 1
! ineff 4648 1
! infla 4242 1
! iodid 6 5
! isaak 4583 1
! isoda 4697 8
! imbal 24 1
! ilibi 3023 3
! iacta 502 1
! iench 1199 2
! inabl 4648 1 4113 1 4634 1 3789 2 1985 2 4770 1 3620 1 3466 1 3213 1 1741 1 2323 5 3059 1 4116 1 1747 1 702 1 3870 1 2881 2 593 1 2327 8 4752 1 589 1 649 1 4697 5
! issac 499 1
! iesaf 1265 1
! iliaj 406 1
! imped 123 1
! incan 843 11
! indoc 2875 1
! invad 252 1 251 4 359 1 249 2 248 2 123 1
! isgkc 2865 1
! inode 3041 1 4884 1 1574 6
! idref 3345 2 2644 3 2632 2 2392 21 2680 1 2365 4
! infal 414 1
! iatka 890 1
! illeg 402 1 398 1 389 1 284 1 56 1 375 2 177 1 142 1 186 1
! insha 4958 1 4746 1
! ibate 2340 1
! iexec 1820 1
! infam 375 1 249 1
! inhal 2323 3 1882 2 1826 1
! isode 4697 1
! indra 3023 25 2323 1
! ionic 263 1 142 3 6 1 369 1 28 1 475 8 24 11 453 5 123 1 113 1
! imean 4670 1
! infra 4498 1 3393 6 2698 1 4866 1 1431 1
! igigi 2340 1
! inria 4874 1
! ibpal 4080 2
! icirc 822 1 814 3 1000 2 824 4 813 1 808 3 765 4
! ideen 1514 1
! incap 473 1 243 1
! indel 2323 1
! infan 503 1
! isodf 4697 4
! itchi 3757 1
! isodg 4697 4
! ilska 4690 1
! isend 4550 6
! icaza 3397 1
! indem 3141 1
! irasc 1307 1
! iiiii 4526 1 3686 1
! iacio 3376 1
! ibinh 2214 1
! ideas 4668 8
! illam 695 5 584 1 582 1
! incub 2881 1 2210 5 2164 1 733 1 1591 3 3780 1 1830 1 1585 1
! inind 2323 2
! iraaq 4746 1
! irnak 142 1
! isham 3296 1
! itali 495 1 251 8 406 1 252 4 285 1 249 13 248 2
! imine 369 7
! intic 1585 1
! idaho 2441 1 655 1
! ibbio 4043 1
! icing 1817 1 1619 1 1595 3 1438 15
! irene 1007 1
! inaud 2939 2 2698 2 1008 1
! ilman 4831 2
! impal 2995 1 1531 1
! ilock 4884 8
! ianua 499 1 496 1
! ifram 3203 8 2732 2
! imjrb 3592 1
! imman 1726 1
! istic 4616 1
! ingen 142 1
! innoc 221 1 249 1 204 1 160 1
! ipaya 1190 1
! isbar 4715 1
! islam 253 1 243 1 218 1 236 1 244 3 14 1
! iwona 307 1
! ibmap 397 1
! integ 318 4 458 2 267 8 266 10 183 1 277 2 47 8 181 10 142 1 48 16 330 2 278 4 303 1 52 6 58 1 472 1 49 3 101 1 148 5 281 2 46 4 207 8 57 1 51 3
! insid 363 1 229 2 482 1 50 1 418 1 465 1 438 1 453 1 359 4 282 2 47 1 353 1 226 1 216 1 210 1 36 1 365 1 342 1 158 1 25 1 495 2 57 2 356 2 207 9 46 2 397 1 21 1 102 1 56 1 7 1
! induc 467 2 453 1 123 1 24 4 469 1 359 1 349 1 6 1
! incas 843 2 585 1
! irreg 1972 2 1490 1
! igual 56 2
! ibpap 4050 1
! ibiza 3026 2
! infar 2698 3 2650 1
! infil 51 4 48 2
! icann 1185 5
! intak 200 2
! iquid 4391 1
! inetd 397 1
! ifunc 50 1
! illog 1585 1 4375 1 3979 1 1678 1 1591 1 736 1
! infin 120 1 208 3 148 2 458 7 260 1 160 1
! imath 2403 1
! iendo 198 1
! iffer 330 1
! iitoc 2822 1 2842 1 2819 1 2808 1 2825 1 2843 1 2890 1 2821 1 2805 1 3242 1 2817 1 2806 1 2804 2
! inari 1267 1
! inaug 593 1
! inder 3004 1
! imran 241 4 120 2
! isodl 4697 2
! ilmen 4831 2
! ipsam 583 1
! ivago 890 2
! impel 495 1
! iraqi 3509 1 1604 1 3320 1 2865 1 4361 1 2831 1 2016 1
! ihnen 2233 5 2227 2 1022 3 967 1 1890 2 985 10 963 6 993 8 943 1
! iodin 354 1 294 3
! ihann 4831 1
! irrig 3027 1 3282 1 2952 1 2875 1 3003 1 2879 1 2340 4 2865 2 3538 1 843 6
! inact 491 2 427 1 417 1 285 1 135 1 273 1 410 2 173 1 160 8 444 1 7 1 398 1 90 1 428 13 221 1 56 1
! igfet 2599 6
! infer 154 2 142 1 67 1
! istei 1517 2
! iclin 3929 1
! ismap 2754 1 2732 1
! iuber 3529 1
! ibait 2865 1
! iexcl 1000 1
! ikura 1991 1
! intra 457 1
! indri 4771 1
! inect 499 1
! ingin 142 2
! insan 392 1 142 2 49 1
! iyyah 4958 1
! ilnik 2134 1
! inund 2340 2
! isinh 1882 1
! ionen 2403 1
! illuc 4012 1
! inord 4215 6 3778 1 1412 1
! ineer 4616 1
! ilomi 4616 1
! inher 427 1 495 2 410 1 83 1
! icaro 4694 3 4693 19
! idiom 499 8 477 1 397 1 402 1 490 1 393 2 284 1 494 2 175 2 142 6 282 1
! idler 4504 1 3023 1
! igung 943 1
! ilbis 3023 1
! illud 695 2
! impli 379 1 493 1 383 1 318 9 479 1 150 1 398 2 260 1 251 1 458 1 223 1 499 2 253 1 46 1 207 1 397 1 6 3 190 1 181 1 51 4 139 1 409 1 202 1 48 1
! incom 102 2 157 1 278 1 464 1 101 1 67 3
! invoc 265 1 49 1 392 1 47 1 46 1
! ipubm 4399 4
! iseri 4101 1
! ivnsb 3110 1
! indol 4062 1 2932 1 2327 1
! ihren 1513 1 963 1
! indet 1752 2
! intel 329 1
! ibook 142 2
! immin 398 1
! iller 4690 1
! imigr 1644 1
! impar 4239 3
! infti 261 6 458 1 148 8 57 1
! inget 4690 1
! inmho 1747 1
! indon 1530 1 840 1 3172 1 838 1 929 1 837 1 899 2 830 1 927 1 835 1 765 1 834 1 833 1 836 1 1177 1 832 1
! icbms 740 1 573 2
! infom 4648 1 4109 1 2474 1
! incis 3028 1 2902 1 3145 1 2440 1
! inlin 253 1 121 5 51 7 265 2 50 3
! isdir 4694 1
! ironi 142 1
! ipcrm 4884 1
! iodis 2018 3
! ifels 46 1
! innat 379 1
! incit 2890 1 3017 7 2512 1
! inner 359 8 349 1 244 2 229 2 355 1 121 2 363 2 352 1 232 1
! iremo 1521 1
! irish 3081 1 3025 2 4909 23 4964 1 3387 5 1685 1 4790 4 3004 1 2881 3 3022 1 2784 5 3160 2 2882 1 3231 3 2855 1 2164 1 2057 1 4125 1 3021 2 4152 2 1802 1 1595 1 1503 1 1140 1 2016 3 1059 3 709 3 621 2 572 1 570 2
! ioctl 4350 6 3041 1
! immer 3887 2 2897 1 1513 1 967 2 2232 1 1677 1 997 1
! initi 460 1 355 1 447 1 491 2 398 5 421 1 266 10 406 1 359 1 298 2 251 2 248 1 202 1 249 1 242 1 223 1 190 1 237 1 472 5 331 12 428 1 193 1 99 1 56 1 106 1 51 5 427 1 40 1 369 1 160 1 254 1 47 6 50 2 27 1 281 12 46 7 253 2 252 3 6 3
! irecv 4550 5
! inorg 2283 1
! inerm 583 1
! ihrer 1022 4
! index 334 1 396 2 327 1 337 1 398 4 391 1 298 1 392 1 482 1 278 29 181 2 416 1 369 1 366 1 330 1 427 1 286 2 317 1 411 1 499 1 305 4 303 1 249 1 47 4 338 2 241 1 417 1 223 2 135 1 38 1 232 2 221 7 112 1 306 1 212 1 9 3 203 1 106 2 494 2 300 1 491 1 200 2 297 1 216 4 169 1 113 6 160 5 389 2 98 2 145 6 142 13 41 2 154 2 255 1 67 2 102 4 56 2 282 1 167 2 25 1 116 1 407 3 213 1 131 1 93 3 281 4 381 1 284 2 49 2 40 1
! icewm 3371 1
! idijt 15 1
! iinet 2865 1
! ilook 4169 1
! imino 369 4
! imper 499 1 285 1 265 2 495 1 473 2 396 3 121 2 242 2 379 9 181 1
! infjs 1865 4
! intim 4756 1 4688 1 4648 1 4582 1 4629 1 4583 1 1096 1 2890 1 4958 2 703 1 4038 1 4669 1 1380 1 2323 11 2875 1 2583 2 4420 1 2327 2 3096 1 1848 1
! invar 4859 1
! isilo 1186 1
! isles 4490 1 2895 1 570 1 2870 1 3022 4 2897 1 1166 1 1764 1 2523 1 2448 1 2902 2 2781 1
! iuxta 4012 3
! imion 1274 6
! igrav 4697 7 1000 1
! isodr 4697 6
! iphon 3483 2 3372 2 1591 2 1204 1
! inlet 4072 1 4063 1 3213 1 3025 2
! immol 1311 1
! idlex 3978 6
! igloo 2443 3 504 2
! ileum 1154 3
! indiv 142 1
! iotat 2007 1
! isfjs 1863 3
! issim 4012 1
! iterm 4523 1
! ident 216 2 458 3 411 1 249 1 25 1 396 1 330 1 48 1 363 1 478 1 358 1 207 2 177 1 369 1 165 1 447 1 24 1 127 1 150 1 58 2 7 2 148 8 303 2 444 1 99 1 106 1 359 2 6 1
! irrat 458 5 303 1 207 1 186 3
! isods 4697 2
! iarno 890 1
! invas 373 1 251 1 249 2
! ision 4391 1
! inlay 2930 3
! iwarp 2865 1
! iferr 3557 2
! iform 2865 1
! ignit 438 1 123 1
! ikono 4737 1
! innon 3620 1
! inter 398 1 359 1 251 1 284 1 142 1 356 1 56 1
! ionon 3620 1
! iuvar 1972 1
! ivalu 3790 1
! ivori 4790 1 3003 1 2865 1 3145 1 4180 1 3025 1 4072 1 722 1 3055 1 3538 2 3021 1 4063 1 2897 1
! ieron 1517 4
! issue 154 1 142 1 25 1
! isbns 1685 1
! idiot 398 1 393 1 375 3 242 5 142 3 49 1
! invok 472 1 157 1 50 4 51 4 46 1
! inwer 2804 1
! ionis 4105 1 4054 3 4866 2 4052 13 4053 3 2698 2
! iscsp 4871 2 2178 2
! ister 2320 1
! istri 1177 1
! ixmax 3203 2
! irvin 708 1
! inset 4674 3 2875 1 2293 1
! isodu 4697 234
! irssi 3742 2
! infix 4765 3 1133 2 1804 1 899 1
! irwin 4509 4 3121 1
! ilium 4781 2
! immit 499 1
! inept 2026 1 1869 1 1307 1
! isset 4168 1
! iacut 1069 2 1058 1 1000 2
! ignor 176 1 398 3 266 4 473 1 298 1 251 1 392 1 369 1 380 1 242 1 158 2 221 3 152 1 253 1 46 1 113 1 207 2 131 1 460 1 49 2 177 1 263 1 56 1 6 1 397 1 491 1 444 1 389 1
! iodiz 4053 1 3105 1
! ioerr 4715 4
! irtaw 3449 3
! iupui 2865 1
! iymax 3203 2
! imers 2572 1
! infps 1868 5
! ivoir 765 2
! illum 3844 2 3843 2 695 1 3841 2 3842 2 3837 2
! invol 181 1
! itzas 3530 1
! inbox 3326 1 1424 2
! isson 824 1
! ilgiz 2329 2 2083 2
! imasu 379 5
! imbox 4309 1 4293 1
! incur 3920 1 2327 1 4648 2 3241 1 1884 4 652 2 1882 2 702 2 2323 13 651 1 649 2 3145 1 593 2
! inert 123 2
! inton 224 1
! inurl 4465 2 4385 2
! irito 242 1
! itaqu 4012 1
! iztok 113 3
! ictum 583 1
! isfps 1867 9
! immor 4584 4 3799 1 2327 4 4673 1 3760 2 3650 2 735 1
! incus 226 1
! immun 358 1 349 1
! isodx 4697 7
! iuliu 1049 1
! inequ 480 33 224 3 148 2
! impun 251 1
! impor 2210 1
! indus 244 1 243 1 218 1 402 1 142 1
! invis 398 1 241 1
! irrit 266 1
! insul 443 1 438 1
! intjs 1864 3
! inuit 240 1
! izzat 4958 1
! ilist 4215 1 4119 5 3331 11
! impos 359 1 331 1 298 1 218 1 251 1 217 1 138 1 248 1 49 1
! iniqu 2323 1
! injur 4572 3 4062 1 3110 1 1526 1 962 1 4856 1 2717 1 1144 1 735 1 798 1 4736 4 573 1 2014 9
! intro 399 1 398 3 173 1 265 1 210 1 402 1 241 1 142 3 397 1 282 3 40 1 94 1 28 1 177 4 331 1 9 1
! invit 404 4 398 2 235 1 444 1 499 1 174 1 171 1 221 1 56 2 205 1 40 2
! ireru 1300 1
! irway 2798 1
! istjs 1847 3
! infus 2915 2 2327 50 2323 50 1741 1 3479 1 1984 2 1439 1
! ipsum 158 33
! iriur 3844 2 3843 2 3841 2 3842 2 3837 2
! icoru 462 1
! impot 2323 1
! iconx 4693 3
! immov 4412 1 2327 1 2323 6 1884 2 1306 2
! inonu 4697 2
! isupp 52 1 49 1
! ioniz 4999 1 4053 3 4052 2 3630 1 881 2 2698 4 2933 2 2404 1 1294 1 4054 1 1118 1 1138 1 507 2
! issez 824 1
! innov 398 1 246 1 217 2 50 1
! istor 3026 1
! iusto 3844 2 3843 2 3841 2 3842 2 3837 2
! illus 4180 1 2327 1 2902 1 4673 2 3019 1 2865 1 2334 1 1740 2 2323 2 3772 1 3761 1 2210 3 1585 1 1492 2
! irrot 1571 2
! intps 1869 25
! islow 52 1 49 1
! impur 3230 1 2397 1 2327 7 2554 1 2323 6 2018 1 2695 1 1881 1 2341 1
! instr 4653 7
! istps 1866 4
! idtyp 4859 1
! immut 4755 1 4038 1 3879 1 3274 1 2327 1 4673 1 3331 2 3883 1 2342 1 1882 2 3330 3 2341 1 3328 7 2323 8 3876 2 1576 1 1884 2 1804 1
! imput 3980 2
! insur 491 1 298 1 67 1
! ijust 56 1
! isost 4697 1
! input 181 2 267 1 157 1 318 8 111 1 436 1 260 1 329 1 282 2 167 1 120 2 266 2 335 1 427 1 51 3 176 1 150 4 477 1 148 2 90 1 57 36 255 1 208 1 116 2 115 2 397 1 285 1 50 2 138 1 123 2 284 1 49 7 186 1 48 16 41 4
! inout 48 1
! isosu 4697 1
! intox 1591 2 2323 1 728 1 3023 1 702 2 652 1 649 2
! istru 3149 1
! ilytt 4831 1
! ixwxx 4697 3
! ixxxw 4697 3
! ibadah 4958 2
! indica 4245 1 4175 1 974 2
! ignace 3143 1
! indeed 266 1 398 1 496 1 298 1 165 1 6 1
! illiad 3025 2
! impecc 799 1
! impica 4239 1
! indice 1414 1 1286 1 3937 1 1102 1 2865 1 1070 4
! isaiah 4038 1 3145 2 2865 7
! isbndb 1685 2
! infanc 4697 1 4653 1 4648 4 2327 2 4606 2 2164 1 3620 1 1838 1 3213 1 3023 1 736 1
! implac 4038 1 3024 2
! inplac 4898 2 4893 2 4897 2 4892 2
! italia 4831 2 2742 1 2159 1 2978 2 898 1
! inband 4350 1
! ifndef 4884 1 4715 1 2343 2 1316 1
! inlaid 2930 1
! iberia 3026 1 3638 2 3003 1
! invade 3025 1 3019 1
! irania 2897 1
! isabel 3638 1 3701 1 1846 1 1841 2 897 1
! indici 3862 2 3333 1 3916 1 3851 1 3016 1
! indiff 3965 1
! iguala 4175 1
! ideali 995 1
! iguana 4768 2 3900 1 2130 1
! inbred 3773 1
! indecl 4012 1
! infima 583 1
! italic 373 1 142 23
! inleid 1458 1
! iemand 142 1
! irradi 364 1
! inroad 1503 1
! iberic 2882 1
! ilucid 1591 4
! ineleg 4038 1 1096 1
! ishige 4251 1
! immedi 499 1 414 1 427 2 402 1 398 1 260 1 444 1 162 1 392 1 251 2 157 1 318 3 472 1 331 1 216 1 285 1 193 1 160 1 150 1 56 1 288 1 142 7 84 1 121 1 20 1
! ibidem 500 1
! islaam 2865 5
! inabil 3541 1 1581 1 2327 1 702 2 649 2
! inanna 2340 2
! ibchem 4050 2 4043 1
! inland 3282 1 3023 1 843 1 3450 1 3054 1 4454 1 571 1 3026 2
! incred 499 1 249 2 229 1 495 1 398 1 223 1 221 1 56 1
! itemid 4610 2
! isspac 52 1 49 1
! irland 765 1
! idioma 164 1 142 1 56 1
! iethic 3263 1
! iframe 3203 1
! ingham 4582 2
! ioanna 582 1
! island 373 1 369 1 309 1 251 7 142 29
! inside 444 2 359 1 181 1 438 1 38 1
! induce 467 1 142 1
! itidan 473 2
! indian 477 2 434 1 251 3 243 2
! intech 2403 1
! impedi 56 2
! ismael 2865 1
! inflam 4066 2 843 1
! iboard 4969 1
! immrec 1820 1
! inelig 702 1 4309 1 649 1
! infile 4279 3
! iptabl 3171 2
! issanc 726 1
! imagen 2985 1
! infare 2949 1 2698 1
! intake 3067 1
! ibguid 4080 1
! ilmene 4831 1
! impend 398 1 249 1
! implic 398 1 389 1 284 1 460 1 427 1 229 1 447 1 150 1 133 1 132 1
! inaddr 4394 2
! irreal 3024 1
! impera 2842 1 502 1
! issled 3026 1
! innard 2179 1
! instad 3320 1
! isleta 3143 1
! infact 920 1
! infold 359 1
! idealo 4831 1
! ikanji 3483 2
! imagin 414 1 397 1 441 1 226 1 402 1 369 1 473 1 36 2 266 1 235 1 396 2 83 1 447 1 56 2 223 1 293 2 201 2 135 1 58 1 398 7 7 1
! ingold 25 2 12 1 7 3
! insidi 2577 1
! ironic 249 2
! isocel 3287 2 2455 4
! intenc 3024 1
! income 278 3
! idcplg 4183 2
! israel 142 4
! ifconf 2862 2
! ingrid 3701 1
! ingeni 7 1
! indebt 3026 1 3025 1 2323 1 663 1
! ingenj 4690 1
! intang 204 1
! intial 253 1
! ismail 3019 3 990 1
! isobar 3992 1 3444 1 2464 4
! indign 221 1
! irisch 3004 1
! inline 121 1
! inebri 4584 1 2804 3
! inculc 4038 1 2327 1
! incumb 4582 1 1307 3 4673 2 1308 2 593 1
! intend 3 1
! ilonna 3620 2
! ionian 3466 1 3462 5 3459 6 3465 9 3020 3
! ingolf 3701 1
! ibmath 4043 1
! idinki 1265 1
! indigo 273 2 173 4 444 2 411 2 221 2 56 2
! infect 355 2
! inicio 4175 1
! inlcin 165 1
! inward 2351 6 3759 5 4648 1 3314 1 2327 17 3638 1 2323 45 4416 1 2865 1 3992 1 3025 2 2473 1 504 1 4781 1 2274 1 1446 1 1010 2 2326 2 1056 1 2804 2 1447 5 1165 1 1445 1 1882 4 1356 1
! iskall 4690 1
! itself 422 1 294 1 484 1 202 1 418 2 423 1 379 1 473 1 419 1 398 8 495 1 467 1 397 2 267 1 359 2 453 1 355 3 402 1 499 2 496 1 399 1 460 1 266 1 413 1 57 2 251 1 223 1 417 1 318 1 221 2 271 1 177 1 114 3 211 1 152 1 249 2 158 4 133 1 160 1 113 1 49 1 243 1 149 1 103 1 6 4 150 2 56 1 148 3 51 1 342 1 54 1 248 3 7 2 48 2 242 1 330 1 94 1 47 3 139 2 24 2 167 1 458 1 261 1 120 1 410 1 216 1 28 1 40 1 331 1 181 1 375 1 46 2 115 1
! invoic 4653 2 3662 9
! isarel 142 1
! icreas 2422 1
! inculd 1259 1
! iltweb 2865 1
! ingram 3053 1 3016 1
! iliari 4616 1
! inlcud 4812 1 2549 1 2213 1
! indict 702 2 649 1 1308 3 648 2
! igrave 1000 1
! implod 3059 1
! indemn 3003 1 733 1
! inning 4648 1
! intric 284 1
! invinc 4707 1 2881 1 2323 5 2214 2 1740 2
! iphone 1204 1
! isoloc 4697 3
! impact 491 1 358 1 298 1 218 6 427 2 398 5 211 1 176 2 329 1 142 1 217 4
! indexe 2407 1
! incipi 1307 1
! immisc 123 1
! inches 4688 1
! includ 496 4 473 1 285 3 149 5 466 1 369 2 175 1 231 7 249 2 52 11 484 4 193 4 396 2 202 2 265 9 453 1 499 9 208 3 111 1 358 2 284 4 472 1 375 1 281 2 352 1 449 3 252 1 258 7 355 1 389 3 292 2 366 2 383 1 480 5 353 1 301 1 398 6 282 4 266 2 460 3 56 9 253 3 332 1 135 2 235 1 427 5 230 1 330 1 423 1 226 7 229 6 132 1 223 3 220 3 417 7 414 1 20 1 217 4 117 1 413 2 216 2 211 1 14 2 207 4 190 1 183 1 176 5 373 2 173 5 370 1 167 7 162 4 359 10 165 6 163 3 257 2 160 2 151 1 54 2 251 4 154 1 246 2 49 41 146 1 131 1 51 8 148 3 298 1 7 4 48 27 241 1 244 2 47 17 444 5 50 22 150 17 46 23 43 1 40 2 237 6 108 1 406 2 12 1 303 1 6 2 400 1 397 6 200 2 294 1 491 1 297 1 391 2 153 1 115 1 181 4 139 3 27 1 421 1 415 1 218 4 318 2 121 1 418 4 221 3 127 1 16 1 157 8 222 1 419 1 28 2
! inanim 496 5 279 1 244 1 12 1
! inject 358 1 318 4 447 1 57 1
! imping 67 1 100 1 40 1
! icosan 123 1 122 1
! inclin 427 2 282 1 260 1
! inequa 4134 1
! inessa 2330 1
! iskram 2404 1
! itseen 4831 1
! intman 120 4 108 2
! incarn 4583 1 2323 2 4648 1 4582 1 4392 1 1926 1 1329 1 709 1
! iamthi 3334 8
! istalk 4159 2 3735 2 3576 2
! isoact 4697 7
! ignite 1439 1
! inthem 709 1
! indulf 2855 3
! inflat 249 1 160 1
! italio 406 1
! improb 204 1
! indulg 3663 1 4673 2 3650 1 2341 1 2327 1 2323 3 4790 1 1985 2 1741 1 1591 1
! idossa 4831 1
! ifwiki 3495 2
! ikhwan 2865 2 990 1
! impati 4906 1 4063 1 2780 1 4072 1 2323 1 1871 1 2319 1 1844 1
! interf 113 1 106 1 102 1
! invoke 221 1
! indwel 3789 1 2323 1
! italok 142 1
! intact 4694 2 1928 1 2871 1 709 1 4642 1 4279 2 4608 1 1782 1 3145 1 4249 1 2340 1 1776 1 1922 1 4604 1 4416 1 703 1 2323 3 2875 3 2123 1 2878 1 2027 1 573 1 4051 1 2327 3 589 2 728 1
! irvine 3651 1
! isomap 4967 6 4697 1
! iwidth 3203 2
! ioquak 2293 2
! idolat 2865 3 504 1
! imperi 246 1 20 1
! ingles 407 1 276 1 223 1
! idrefs 2632 2
! impair 251 1 158 2 47 1
! incant 3023 1
! indiom 477 1
! infrar 4737 1 3626 1 4866 4 3557 1 4052 2 2877 1 3393 1 2698 11 2066 1
! inhoud 1457 1
! insect 229 3
! instal 458 1 431 2 422 1 417 1 329 2 252 1 142 1 484 2 392 1 323 1 223 1 216 1 121 2 282 3 397 1 56 1
! invari 217 1 150 2 149 3 83 10 58 3 47 1
! ignore 398 1 379 1 221 1
! inchon 3673 4
! itteni 4831 1
! isisod 4697 1
! inviar 1431 1
! irving 27 1
! identi 4673 2
! iegisl 2327 1
! ihmisi 4831 1
! immigr 246 1 217 1
! immune 3788 1 4383 5 3789 1 3620 1 1155 1 1122 1
! infant 223 1
! inhalt 3565 1 1815 1 3265 1 1736 1 3187 1 2230 1 1513 1
! insati 2878 1 2323 2 1883 1 502 1
! intiat 398 1
! invect 1306 1
! isorel 4697 26
! itzhaq 2883 1
! imovan 7 1
! instig 299 1
! iebork 142 2
! infuli 583 1
! iuncti 502 1
! inguva 2560 1
! ibefor 4078 3
! intval 48 1
! introc 4697 1
! infirm 2052 1
! idrisi 4737 1
! ijklmn 3144 1
! incens 249 1
! integr 323 1 139 1 233 1 458 1 113 1 331 16 298 1 329 4 398 6 218 1 265 2 180 2 133 1 177 1 142 5 283 1 121 1 358 1 217 1 102 1 101 1 54 8 169 1 120 1 261 1 402 1 175 1 37 1 221 1 231 1 43 1 40 1
! invite 205 1
! ishtar 2340 2
! isolat 248 3 447 2 232 1 25 1
! isolin 4047 1
! idoksi 4831 1
! inkjet 4498 2
! iterat 431 2 181 1 154 3
! interj 1199 3 1190 2
! incent 3010 1 4693 1 2323 24 4669 1 2392 1 3436 1 2325 3 1882 2 569 1 1880 6 593 1 648 1 4673 4
! initil 472 1
! imperm 1301 1 3789 3 1159 1
! ibanez 4113 1 2930 3 2927 2
! igsten 4586 1
! induct 244 1 447 2 237 1 183 1 6 1
! isospe 4697 2
! infosi 1107 1
! idenit 2711 1
! imitat 398 1
! indent 397 1 152 1 111 1 160 2 40 1
! initio 4697 1 2934 1
! indept 2804 1
! inerti 142 1 83 3
! integu 1161 1 1146 1
! indium 2975 2 2585 1
! incept 244 1
! isomer 129 4 211 1 123 6 6 1 127 9 12 1 7 2
! imprim 1431 1
! inoper 1450 1
! inulin 4987 3 3615 2 2515 1
! isidor 56 1
! isoinn 4697 1
! itsenn 4831 1
! iclass 4813 1 4716 1 4694 1
! imprud 4038 1
! inflex 135 1
! immelt 4120 1
! iction 4616 1
! inargu 3311 1
! incess 4063 1 2352 2 2327 2 1165 1 3673 1 2323 7
! immens 248 1 223 1 132 1 249 1 129 1
! infuri 4844 1 3025 3
! ingenu 4063 1 3638 1 3145 1
! inosin 934 3
! inviol 248 1
! isapnp 4694 1 1576 3
! inborn 1842 1 1131 1
! inform 391 5 396 4 499 1 423 2 235 1 241 5 379 1 282 2 285 1 473 1 491 6 385 3 191 1 288 1 9 1 397 4 494 1 441 1 244 1 56 15 253 6 153 2 444 13 389 5 436 1 284 1 90 1 484 1 387 1 190 3 380 1 371 1 465 1 230 1 427 1 370 1 173 6 266 2 169 1 366 2 359 1 162 3 312 1 265 2 298 1 223 2 417 4 220 2 218 1 121 1 318 1 221 5 120 1 20 1 217 3 214 1 216 4 16 1 410 1 213 1 263 1 166 4 163 4 260 1 449 1 158 9 113 2 207 1 404 4 301 1 204 2 398 13 57 1 254 1 351 1 157 1 151 3 12 1 303 3 336 1 142 10 148 3 152 1 167 6 458 1 160 4 472 1 375 2 181 1 278 5 431 1 43 1 135 1 40 1 337 1 46 3 149 2 131 1 108 1
! instil 487 1
! idbsum 1186 1
! igster 3887 1
! inclos 4063 2
! intosh 571 1
! intrud 282 1
! inutil 142 1
! ipnosi 4097 1
! isotim 4697 1
! istuva 4831 1
! injuri 226 1 223 1
! insure 4760 1
! intern 472 1 266 1 402 2 383 1 336 2 222 1 306 1 24 1 398 2 416 1 349 1 466 2 278 1 231 1 157 7 204 1 298 1 251 1 342 4 248 1 229 1 417 1 252 2 282 1 47 1 139 3 131 2 441 1 112 1 218 2 312 1 359 4 226 3 249 2 149 1 6 1 86 2
! icaros 4693 1
! invalu 249 1
! infomr 3776 1
! ingest 230 2
! iastko 890 1
! iactum 3376 1
! ifdown 2862 2
! impart 318 1 202 1 25 1
! impass 251 1 32 1
! interp 4279 1
! intmax 2381 3
! iranto 4831 1
! indoor 3597 1 4377 1 1671 1 1638 2 3339 1 2698 1 2443 2 1402 1 2044 1 939 1
! iulium 3376 1
! immers 416 1 222 1 102 1
! infest 3102 1 3021 1 651 1
! intitl 157 8
! intnet 167 1
! intens 257 1 249 2 95 1 398 1 57 3 222 1 142 1
! illert 4697 5
! imholt 87 1
! inevit 398 1 186 1 152 1 25 1
! intent 499 1 476 1 427 4 398 2 491 1 397 1 379 3 285 1 160 1 482 1 298 1 251 1 204 1 135 1 318 1 108 1 202 2 249 1 248 1 154 1 208 2 242 1 176 1 253 1 138 1 57 1
! irksom 4673 1
! istitl 3275 7
! inspir 444 1 393 1 121 1 331 1 56 1 142 1 27 1 25 1
! insurg 3673 1
! issent 824 1
! inrush 3267 4 2403 3
! interr 1199 2
! invent 249 1 484 1 165 1 246 1 116 1 101 1 93 1
! isodrt 4697 1
! issuer 2945 4
! ivisit 878 1
! inclur 1044 1
! ieyasu 284 1
! improp 10 1 7 1
! inquir 398 1
! intron 1138 1 1142 1 1132 4 1139 1 934 2
! isoequ 4697 5
! inflow 3078 1 2323 1
! inclus 499 1 379 2 396 1 458 1 167 2 282 1 278 1 207 1 46 1 298 1 56 1 265 1 173 1
! implos 3558 1 3513 2
! icarus 3250 1
! isoton 3789 1
! ihmist 4831 1
! insert 453 3 359 2 306 1 398 1 297 1 253 1 358 1 427 1 266 1 186 1 232 4 495 1 150 1 173 1 204 1 158 6 47 1 482 1 91 1 50 1 142 53
! itwork 2732 2
! impetu 3568 1 3512 1
! incurr 226 1
! insinu 4582 1 2323 1
! invers 261 2 120 2 318 5 458 2 67 1 57 8 49 3 208 2 47 1 58 1 242 1 99 2 7 3 84 2 6 2 52 3 41 2 83 1
! invert 318 1 127 1 7 2
! isoexp 4697 2
! ivlarx 3780 2
! ineunt 3376 1
! illius 695 3
! invest 484 1 359 1 282 1 141 9
! incurs 4771 1 3638 1 4125 1 2340 1
! iquest 4023 1 1000 1
! interv 482 1 148 5 120 1 260 1 95 1 458 1 83 36 67 1 57 4
! isotop 3977 1 4052 30 1292 4 2189 3 1131 2 4697 53 1127 1 3513 1 1118 3 934 1 4051 7 916 2
! impuls 359 1 354 1
! intuit 342 1 281 1 355 2 260 1 458 2 148 2
! isosum 4697 1
! immort 4672 1 4584 1 4671 1 4648 1 4063 1 4038 3 593 1 3054 1 1306 1 1884 2 3025 1 1166 1 3023 1 2323 5
! insist 249 1 186 1 58 1
! isstop 4715 1
! import 3 1
! igitur 4012 1
! illous 4066 1
! insult 379 1 242 1 491 1 221 1 160 1
! involv 359 8 470 2 410 1 473 1 266 2 480 3 397 2 303 2 21 1 349 1 252 1 392 1 330 1 427 1 7 3 298 1 260 2 163 1 398 11 495 1 253 1 151 1 54 9 248 1 342 1 229 1 29 1 223 1 499 1 305 1 211 5 199 2 186 1 83 1 180 2 56 8 444 2 356 1 162 1 207 1 160 3 27 1 221 2 127 1 249 1 108 1 36 1 177 1 96 2 331 2 428 1 57 1 6 10 241 1 123 3 26 1 141 1 358 1 28 1
! isorot 4697 3
! imposs 496 1 202 1 417 1 241 1 480 1 411 2 216 1 369 1 240 1 152 1 221 2 111 1 398 2 453 1 223 1 25 1 165 1
! inmost 2323 3 1880 2
! impost 702 4 651 2 649 4
! improv 398 16 329 1 417 1 391 1 312 1 177 4 499 2 358 1 298 1 251 1 249 2 173 1 220 2 216 1 165 1 212 1 152 2 246 1 176 1 411 1 284 2 190 1 167 3 211 1 142 1 50 1 491 3 162 3 444 1 380 1 427 2 145 1 291 1 56 3 10 1 339 1 221 1 133 1 113 1 138 1
! influx 4249 1 2340 1 2327 1 735 1 1769 1 709 3 728 1 593 1
! ioport 2905 1 1576 3
! intptr 4694 1
! isopow 4697 1
! ilustr 639 1
! intrus 428 1
! ikkyuu 142 1
! inttyp 4694 1 2381 2
! incapac 4648 2 3024 1 2881 1 2327 4
! intefac 4498 1
! italica 2338 3 2026 3
! iranica 2865 1
! impeach 702 8 709 2 654 1 829 2 653 3 651 1 641 3
! irenida 2290 1
! indiana 402 12 337 1
! implica 4239 6
! inbreed 3773 2 2164 3
! indeped 3778 1
! ifinagh 3145 2 3143 1
! islamia 2865 1
! icacude 4541 1
! ichidan 473 4 379 5 279 6
! iceland 4152 1 4021 1 3509 1 4180 2 4608 1 2952 2 4493 1 740 1 2902 1 2327 1 3265 4 2897 1 1000 4 3456 1 765 1 621 1 2016 1 3160 3 722 5 2882 1 572 1
! iguania 2130 1
! inyecci 1548 1
! illegal 49 2
! isntead 4372 1
! infanci 4606 2
! implied 1504 3
! inducci 1591 1
! infidel 309 2 221 3
! instead 498 1 398 7 358 3 171 1 453 3 484 1 418 2 303 2 192 1 427 4 330 1 186 1 380 1 421 1 428 1 381 1 284 4 389 1 486 1 57 1 251 1 480 1 373 1 293 1 285 1 473 8 379 2 282 1 423 1 278 1 472 1 271 1 266 5 226 3 417 2 223 4 221 1 318 1 175 1 211 1 165 3 6 5 200 4 56 5 153 1 444 2 167 1 458 1 166 1 263 1 457 1 410 1 216 3 404 1 113 1 157 1 254 4 160 5 26 1 123 1 111 1 499 2 402 1 120 3 298 1 7 1 54 3 342 1 148 1 9 1 48 1 142 3 50 1 190 1 49 2 237 1 260 1 25 2 47 1 36 2 152 1 199 1 20 1 408 1 37 1 158 6
! intflag 4694 1
! ireland 722 2 3620 1 4021 2 1064 1 4790 4 3387 1 765 1 2786 6 2855 3 4909 2 3023 1 2788 5 4937 2 3160 4 2784 6 572 1 2781 3 2952 2 1802 2 3638 1 2327 2 3022 1 2787 1 1764 4 709 1 733 1 2783 2
! islamic 236 1 142 1
! isalpha 52 1 49 1
! iceberg 4688 1 2443 1 2336 3 2335 2 3802 2 517 1
! iglesia 3024 2 1578 1
! itallic 330 2
! imagine 3780 1
! invalid 266 1 221 1 181 1 49 2 120 1 43 1 278 2 25 1
! ipomoea 1902 1
! iridesc 2174 2
! isabell 3701 1
! italiam 2742 1
! idealli 398 1 230 1 176 1 139 1
! intacta 2874 2
! iguaria 1727 1
! ingredi 462 1 258 6 294 1 239 1 200 1 12 1 56 1 20 3 14 1 142 1
! interce 3025 1
! italian 251 2 248 3 249 6 199 1 496 1 495 1 242 2 142 1
! ianimal 4688 1
! inauenc 2327 2
! indicat 205 1 204 1 149 1 494 8 142 3 277 1
! icarian 4671 2
! injunea 1491 1
! ibaiyah 2865 1
! indigen 242 1
! indisch 3004 1
! iranian 3149 2 2865 1 4608 1 573 3
! insecta 229 1
! ileosec 1154 1
! inglesa 56 1
! idealog 4958 1
! ingridi 1728 1
! israeli 3441 2 2878 1 1038 1 3656 1 4185 1 3424 2 2664 3 3423 1 2883 1 1595 1 3021 3 4616 1
! inellig 1406 1
! iconifi 4693 1
! indefin 2631 1 1963 1 1192 1 980 1
! iminmaj 3482 2
! inittab 1576 1 4350 1 2905 1 1575 1
! inveigh 4582 1
! iodevic 4279 1
! infobik 4697 1
! include 422 1 142 1 285 1 226 3 413 1 229 1 154 1 227 1 150 2 93 2 47 1 52 1 266 1 46 1
! inscrib 3143 1 3287 1 3025 1 3054 3 3538 1 1012 1 2875 1 703 1 2865 1 3024 1 1069 1 3020 2 2882 6 3145 2 1029 1
! incline 4634 1
! iberian 3282 3 2897 1 3022 1 722 1 3450 1 3003 1 2134 1 4790 1 1616 1 3145 1 2340 1 3143 2 1482 1
! igualan 4281 3 4203 3
! inescap 3650 1
! isospac 4697 42
! icterid 2897 1
! indekil 232 1 156 1
! iconbas 4715 2
! imbuhan 1133 15
! incidio 4175 1
! instabl 4634 1 3759 1 4958 1 2340 1 1292 1 3574 1 593 1 573 1 3213 1
! inyecta 4254 1
! iraqeng 2865 1
! isblank 1107 1
! ismaili 2865 1 2831 1
! imageri 218 1
! ishvara 2323 3
! identic 3041 1 2064 1 1358 1 1128 1 1058 1
! initlib 4715 1
! ibrahim 2865 4
! intimid 499 1 249 1 223 1 221 2
! inflate 1447 1 1445 4 1444 2
! ilmaise 4831 1
! inhabit 35 1 21 1
! infrare 4859 1 4052 2 2698 4 4866 3 916 1
! isopata 4180 1
! ibiblio 462 1 309 1 93 1
! ichiran 4021 1
! immobil 4576 1 4781 1 2933 1 4770 1 1585 2 1251 1
! incircl 3287 1 1350 2
! indecis 204 1
! indigin 2875 1 1644 1
! individ 1820 1
! inertia 96 1
! inflamm 211 2
! ingenta 4697 2
! initial 424 1 414 1 384 1 175 1 420 1 266 1 381 1 411 1 421 1 375 1 398 2 416 1 163 1 50 2 165 1 390 1 160 1 248 1 386 1 271 1 392 1 47 2
! inkscap 40 1
! instanc 418 3 431 6 398 1 358 2 240 1 414 3 359 1 460 3 266 4 37 1 413 1 389 1 342 2 51 15 148 1 472 1 278 1 223 1 458 2 167 1 120 1 216 1 208 1 103 1 200 1 83 2 221 1 318 3 174 1 271 1 133 1 36 1 177 1 331 1 481 1 190 1 160 1 354 1 166 1 207 1 202 1 57 6 47 3 94 1 50 4 256 1 21 1 303 2 175 1 157 1
! isobasi 4697 1
! italien 142 12
! infecti 4080 1 3620 1 2197 1 1398 2 733 1
! irreduc 4789 1 4697 4 1111 5 4696 1 3901 1 731 15
! inorgan 358 4 369 1 24 1 453 1 27 1 142 3 56 1 33 2 26 1 25 1 359 1 7 2 12 4
! igualar 4175 1
! incubat 2210 3 1591 3 1581 1 1151 1
! infofil 1820 1
! ingrain 2327 1 1633 1 1499 1
! inkguid 4279 1
! insipid 4063 1
! isoscel 3530 1 3305 3 2455 3 1350 2 3256 3 1316 2
! innhold 4347 1
! idcirco 4012 1
! increas 466 1 398 2 297 1 285 1 473 1 240 1 218 1 359 6 249 3 226 1 410 2 211 7 160 2 113 1 207 1 200 2 106 1 131 1 37 3 292 1 339 1 223 1 342 3 154 1 358 2 123 4 21 1 251 1 298 4 282 1 6 1 98 2 105 2
! ishtaar 3026 1
! innkeep 4066 1
! immeubl 1047 3
! iniuria 502 1
! interal 4498 1
! invagin 349 1
! ipswich 3620 1
! isgraph 52 1 49 1
! isodual 4697 40
! interna 4238 1
! incesta 2874 1
! inflect 496 3 495 12 373 4 379 11 284 1 202 2
! identif 369 1 359 1 205 1 265 1 217 1 142 2
! indienn 2560 1
! ideolog 249 1 245 1 221 1 186 1 162 1
! ihminen 4831 1
! immacul 1727 1
! impedir 1431 1
! incidit 583 1
! infring 176 1 270 1 165 1 169 1 149 1
! ingesen 142 1
! inthral 4066 1
! irchelp 3742 3
! isaacto 3076 1
! incoher 4729 1 4697 1 4582 1 3778 1 3541 1
! integer 431 4 277 1 267 1 207 1 52 2
! idealis 1608 1
! inhibit 266 1 211 19
! ileocol 1154 1
! impregn 2875 1 3213 1 2403 9
! iheight 3203 2
! ikibook 142 1
! inequal 480 5 224 1
! inflict 249 1
! inhuman 4673 1 1857 1 1842 1
! initfil 4715 2
! inrialp 2322 1
! insofar 3454 1 4808 1 2883 1 2323 1
! invider 584 1
! irrigat 2340 1
! isoplan 4697 2
! insigni 2158 1
! inshann 221 2
! inexact 4696 10 3010 1 2890 1 2455 1
! ironsid 1864 1
! inolvid 3024 1
! ianuari 1258 1
! idiomat 494 1 408 1 393 1 255 1 242 1
! ifresco 3638 1
! immissa 583 1
! impenni 2897 1
! impract 3760 1 3759 1 2952 1 3778 1 3456 1 2323 2 4673 1 2327 3 1106 1 1059 1 663 1 1628 1 843 1
! incitar 584 1
! inordin 3145 1
! insepar 4063 1 2883 1 3541 1 1740 2 2323 9 4072 1 2327 2 1457 1
! ioptarg 2343 1
! irgigir 2340 1
! ilyanep 1850 1 1849 1
! invocat 4063 1
! indriya 2323 1
! isoflat 4697 2
! ignoran 2323 1
! isdigit 52 1 49 1
! ieither 2214 2
! illinoi 830 1 3250 2 2882 1 2652 1 3620 1 4793 1 1307 1 728 1 843 1 1040 1 655 1 1400 1 733 1 3450 1 736 3 703 7 648 2 593 1 2874 1 574 3
! inaccur 427 1 385 3 191 1 148 1
! indepth 477 5
! indoler 223 2
! infomat 398 2
! intract 2211 1
! ishould 2539 1
! isoexpa 4697 1
! irvinem 4012 1
! impieti 4668 1
! icompar 4215 3
! isocyan 369 5
! install 431 1 389 1 142 2
! irrevoc 149 2
! inspect 329 1 257 1
! intoxic 2798 1
! iamgrav 3589 8
! iancart 3412 2
! ibstudi 4043 1
! implict 2888 1
! inflexi 4239 1
! initiat 398 3
! inspire 56 1
! irrelav 4549 1
! istumbl 3493 2 3492 2
! ispring 9 1
! imperat 499 3 379 6 473 1 265 2 494 2 142 1 307 1 402 1
! intimat 4420 1 4397 1 1146 1
! isonumb 4697 13
! indubit 2883 1 1723 1
! icqgirl 223 4
! intacto 3024 1
! iliacus 2897 1
! infoamt 1069 1
! interim 398 2 383 1 324 1 310 1 270 1
! isindex 2732 1
! incauti 427 1
! icterin 2897 1
! isotalo 1656 3 1749 6 1649 2 1535 2
! intuita 4181 1
! inadequ 282 1 158 1
! infinti 1426 3
! igolino 4766 1
! ibastud 4046 1 4043 1
! importa 1431 1
! indexes 4653 1
! innacur 397 2
! insight 499 1 253 1 398 1 277 1 201 1 331 1 56 2 6 1
! intcomm 4873 1
! iridium 2585 1
! isomalt 3590 8 2672 2
! ithkuil 4616 5
! imperio 3736 1 3024 3 722 1 502 1
! irgenwi 1514 1
! ironfir 1646 7
! irreven 517 2
! inverse 4697 2
! infinit 499 2 375 1 458 8 480 2 260 1 307 1 495 3 148 7 289 6 473 2 414 1 254 3 207 3 160 2 183 1 406 3 199 2 494 3 447 2 402 1 103 1 303 3 444 1 415 1 208 3 142 5
! iffpars 4694 2
! illiter 4790 1 3145 1 4608 1 3023 2 2323 1 3149 2 652 1 722 1 616 1
! imhotep 3055 1
! imparti 176 1
! inferno 3663 3
! injerir 1526 2
! intensi 4673 1
! intoler 200 5
! invitar 1526 2
! isidudu 3554 1
! isomorf 732 1
! implant 142 3
! isochor 3992 1
! intravi 582 2
! isograv 4697 6
! ineveit 2781 1
! inmersi 3331 1 872 1
! intruig 3057 1
! inelast 3954 1 960 1
! irrelev 398 4 373 1 175 1 221 1 397 1 216 2 142 2 165 1 149 1 47 1 162 1 318 1 21 1
! integro 4697 4
! indrawn 2323 2
! inactiv 428 1 358 1 410 2 160 1
! inherit 444 1 431 2 121 4 352 1 265 4 226 2 51 3
! intonat 4575 1
! ibranum 2340 1
! ihmiset 4831 3
! indivdu 4509 1
! inlimit 218 1
! interln 3751 1
! isempti 4119 1 2366 4
! itanium 142 1
! inggris 4443 2 4442 2 1371 2 4440 10 4439 8 4441 4
! inestim 4466 1 2327 2 650 1
! interes 3634 1 3024 1
! illumin 329 1 257 8 165 1
! intergr 3638 1
! impulse 4668 2
! invenir 3376 1
! inkblot 2772 1
! infimum 2737 2
! injunct 2323 1 740 1 736 1
! innumer 4583 1 4053 1 4466 1 3025 1 2772 1 1186 1 2352 2 2327 13 2323 12 3541 1 736 1
! insecur 246 1
! inserir 142 1
! insulat 4595 2 4489 1 2952 1 2697 2 4105 2 2404 1 2403 6 1006 1
! insulin 356 2
! invitat 4763 1 4508 2 3772 1 2865 1 1461 1
! irrever 1848 1
! itezevi 3592 1
! instmat 217 1
! infinum 2737 1
! ireless 4151 1
! ikimasu 1384 1
! inquiri 162 1
! inarray 4215 2
! incentr 3287 5
! infobox 3768 1 2958 1 1701 1 2375 1 1245 1
! informo 4827 1
! innovat 4043 1 4502 1 827 1
! invigor 3027 1
! isalnum 52 1 49 1
! isospin 4697 2
! improve 202 1 40 1 171 1 56 1 6 1
! indivis 2327 1 4648 1 3978 1 2323 1 1726 1
! iconset 4693 1
! iararum 2340 1
! impervi 3260 1 708 1
! instruc 142 1
! ispunct 52 1 49 1
! impreso 991 1
! incisor 4781 1 4771 2 2443 7
! instant 449 1 129 1 375 1 238 1 158 1 148 1 83 3 58 2
! interno 56 1
! intrigu 221 1
! inverno 4107 1 3938 1 1070 1
! interit 1130 1
! impolit 4251 1 2106 1 852 2 1465 1 3004 2 1219 1
! implaus 4649 1 4584 1
! isotopi 4697 60
! identit 3920 1
! illness 3570 1
! infrequ 4557 1 3102 1 3778 1 3606 1 1585 1 2443 1 3053 1 2492 1 1467 1 970 1
! ilumquh 2865 2
! incubus 504 1
! infiltr 249 1
! infitiv 3376 1 1192 1
! ingress 4668 1 4619 5 1445 1 1451 1 651 1
! insimul 1431 1
! insuper 3024 1 2323 1
! iroquoi 4648 1 3450 1 572 9 1416 1 571 7
! iscntrl 52 1 49 1
! introdu 265 1 142 1 112 1
! intvalu 4330 2
! ibtzznd 3110 1
! inaugur 158 1 142 16
! intento 4175 1
! invasor 3024 1
! irrefut 210 1
! isometr 4697 7 3992 1 4696 2 1261 1 2164 1 1158 1
! insurer 2015 1
! isonorm 4697 1
! impriso 2871 1
! incompt 1307 1
! imprint 4648 1 2403 2 4372 1 4082 1 3901 1 3149 1
! intrins 142 1 27 1
! intruct 1059 1 1038 1
! igneous 3901 1
! informt 1059 1
! impress 491 2 428 1 398 5 397 1 56 1 309 1 421 1 223 1 402 1 160 1
! immatur 230 1
! imposit 373 1
! inadwqu 4523 1
! infront 4051 1 3913 1
! inputet 1560 1
! instuct 3606 1
! inverso 4281 4 4239 1 4203 4
! ioerror 3276 1
! isounit 4697 59
! istutin 4831 1
! immerss 2003 1
! interpr 142 2
! isprint 52 1 49 1
! identiy 4630 1
! icculus 2291 2
! ifexist 1222 2
! intitul 1044 1
! icterus 2897 1
! irkutsk 4696 3
! ignotum 142 1
! intrest 223 2
! impious 4038 1 2323 1
! interst 381 1 253 1
! issimus 4012 1
! isthmus 4766 1 3023 4 504 1
! isotrop 4697 2 2071 3 4696 2 3343 5 2828 2 2064 5
! immuniz 1077 1
! impetus 3495 1 3145 1 3213 1 2323 1 504 1
! inscrut 2772 2
! isocurv 2529 2
! institu 3053 1
! involut 2251 1
! insitut 1076 1
! illustr 158 1 99 1 398 2 67 1 458 1 223 1 131 2 103 1 167 1 355 1 402 1 263 2 6 5 329 1 282 1 207 1 331 1 7 1 101 1 50 3 27 1 444 2 491 1 95 1 51 2 373 1 83 3 105 1
! indicada 3499 1
! iarlagab 2340 1 1816 2
! iucaidai 592 1
! igualdad 4281 7 4239 1 4203 7
! ixxxsxw 4697 1
! infancia 56 1
! ineffeci 3057 1
! imbalanc 438 1 330 1
! italiana 142 1
! impedanc 4489 1 3980 2 3711 4 2812 1 2537 1 2595 1 2452 1 2755 1 2288 1 2403 4 3344 1 2657 1 2404 1
! isabella 194 1
! ironclad 708 2
! ineffici 453 1 398 1
! interfac 391 1 427 1 157 1 398 1 431 1 255 2 112 1 50 1 96 2 142 2 56 2 265 1 67 9 116 2 484 4 121 10
! indicado 3499 1
! icterida 2897 1
! indebted 2327 1 1762 2 1741 2
! italiaan 142 2
! indecisa 142 1
! irreplac 251 1
! icecream 3230 1
! illegibl 2883 1
! inflamma 4066 1
! intimaci 2323 5 4546 1 1866 1
! included 3222 1 2503 1
! isofield 4697 45
! inscribe 3149 1
! imagefil 2322 1
! ismanila 4046 1 4043 1
! isogamma 4697 1
! independ 495 1 253 1 230 1 398 4 397 1 331 1 204 1 251 1 458 1 245 1 480 1 57 17 229 1 41 3 252 2 226 1 244 1 150 1 56 1 26 1 167 1 330 1 142 2 50 1 51 1 40 2 12 1 58 1 47 1 221 1
! irraheem 2865 1
! imagemap 158 9
! indicatg 428 1
! insignia 398 1
! inferenc 154 1
! inkscape 4395 2 4392 1 2477 3 3203 1 2578 2 1038 1
! intercal 142 1
! ifconfig 4693 2 3045 1
! italiani 249 1
! iedereen 1816 1
! indefini 1044 1
! inundado 3024 1
! increase 4668 1
! ineffect 251 1
! inapplic 4697 8
! indeclin 4012 3 4011 1 2123 2
! ipconfig 4693 2
! irrahman 2865 1
! immagini 2754 1
! ignoranc 2323 4 1069 2
! immediat 251 1
! indiffer 204 1
! incarcer 4584 1
! icterina 2897 1
! imperial 247 1 246 2 248 3 243 6
! initiali 4684 1
! irradiat 4866 1 517 1
! isodelta 4697 1
! ismenian 3020 1
! ideogram 277 2
! imagesco 3213 1
! indesisa 142 1
! infoseek 4760 2
! integral 370 1 208 1 133 1 54 2
! iskindof 4356 8
! isospeci 4697 3
! islander 3101 2 1973 1
! isaodual 4697 1
! immovabl 1312 1
! implicat 4756 1 4651 1 4747 1 4582 1 4648 1 3213 1 936 1 3296 1 616 1
! iftekhar 4958 3
! influenc 330 1 254 1 252 2 398 2 329 1 251 1 218 3 499 1 246 1 223 1 201 2 120 1 211 3 244 2 12 1 35 1 56 1 217 7 6 1
! identifi 485 1 320 1 415 1 447 1 417 1 373 1 374 3 313 1 298 3 157 2 249 1 299 1 301 1 207 2 398 2 168 1 356 1 218 1 149 2 431 2 123 1 499 2 177 1 56 1 150 2 84 1 49 1 48 1 20 1
! infinita 495 1
! insomnia 3900 1
! invented 3145 1 3143 1
! ilezabet 194 1
! immutabl 3331 1 3330 1 3328 1 2342 1
! incommob 142 1
! intellig 435 1 284 1 249 2 265 1 472 1 142 2 290 1 202 1 224 3 499 2 154 13 46 1
! inertial 3730 2
! ibbiolog 4080 1 4043 1
! implemen 4372 1
! inconduc 3731 1
! inexplic 473 1 12 1
! interbre 4770 1 3873 7 2164 4
! intrepid 3121 1
! irrumabo 584 2
! italiano 142 3
! indentif 1459 1
! igualamo 4239 3
! initiate 1311 1
! iftikhar 4958 3
! infraord 3127 1 2290 1 2263 1 2133 1 2271 1 2206 1 2275 1 2272 1 2274 1 2251 1 2135 1 2273 1 2174 1 2289 1 2169 1 2265 1
! idiolect 201 1
! ifstream 51 1
! inaccept 1059 1
! indexnam 3722 1
! informal 473 3 279 2 447 1 260 1 166 1 288 1 148 3
! internal 107 2 6 1
! irracion 4239 1
! incalcul 2327 1 571 1
! italicis 2603 1
! invisibl 2865 1 4958 1 2158 4
! italienn 2159 1
! indiatim 142 1
! insuranc 141 1
! imperman 284 1
! inseniar 1431 1
! indetect 4748 2
! intaglio 4180 1
! imulsifi 3311 1
! imposibl 3024 1
! inaccess 472 1
! indirect 402 1 328 1 46 1 310 1 494 1 285 1 406 6 496 2 254 10 202 1
! insincer 3759 1 502 1
! invalubl 3016 1
! iostream 111 4 51 11 50 15
! iridolog 142 1
! igkeiten 2609 1
! inasmuch 4697 1 4012 1 2323 1 1431 1
! incarnat 2327 1 4138 1 2323 10 1740 1
! interact 342 2 375 4 485 1 298 2 349 1 211 2 142 4 253 3 223 2 127 1 174 3 24 6 165 1 398 16 210 1 141 1 113 2 431 1 102 1 123 2 217 1 336 1 7 2 148 1 54 1 402 4 121 2 356 3 359 2 218 5 453 3 6 1 99 2 139 1
! intensif 3480 2 2825 2 2843 1 2821 1 2890 1 2822 1 2819 1 2808 1 3369 1 2817 1 4220 1 1837 1 2803 1 2827 1 2804 1 2815 8 2805 3 3242 1 2807 1
! inputenc 142 1
! immanuel 142 1
! immateri 4584 1 4648 1 2323 1
! inetract 4697 1
! isoptera 2811 2 2263 2 2114 1
! intighet 4690 1
! indexmap 2371 8
! insegura 4239 1
! incident 46 1 251 1 240 1 204 1 447 1 7 1
! isotopic 4697 3
! insuffer 4648 1
! indonesi 1457 1
! implicit 330 1 57 2 266 1 208 7 108 1 460 1 50 1
! impedeix 142 1
! ibaction 4330 2
! incredul 221 1
! incrimin 4669 1 3260 1 702 1 3098 1 648 1 573 1
! infantil 4648 1 3965 1 3759 1 3377 1
! innuendo 1307 1
! ischnura 2874 2
! izvestia 2328 1
! imagebox 4169 1
! interfer 221 1 101 2 189 2 167 1 112 2 102 13 359 1 106 7 495 1 99 5
! imprecis 260 1 83 1
! includes 4715 7 1506 1
! isocanon 4697 4
! intertid 1388 1 1159 2
! innaccur 4437 1 3531 1
! intercol 1162 2
! ingolemo 4657 2 4619 25 4623 16 4618 10 4611 3 4605 10
! introcuc 2865 1
! infocent 2381 1
! incompar 318 1
! immigrat 243 1 142 2
! integrat 331 7 298 1 283 1 208 2 142 1 54 2
! introduc 499 8 491 1 398 1 373 2 494 2 402 9 496 1 120 1 266 1 328 2 190 3 265 4 406 2 297 3 485 2 27 1 121 1 487 1 252 1 183 1 249 4 108 2 216 1 133 1 107 2 43 3 113 1 267 1 173 1 58 1 293 1 132 1 54 3 148 1 477 1 47 1 282 4 208 2 307 1 25 4 285 1 50 1 332 1 56 1 142 11 330 3
! israelit 3025 1 3023 1 3021 3 3002 2 3145 3 3013 1 4038 1 2883 1 2877 1 3019 1 2865 2
! interval 3462 4 2927 3 1574 1 3454 1 3476 1 3485 3 2968 1 3123 1 4668 1 642 3
! iattanza 4391 1
! implenet 3778 1
! inaction 4668 1 2323 1
! incesant 3024 1
! indentat 4604 2 1315 1
! infiniti 208 1
! intevalo 4239 1
! isolatin 4279 2
! isomeras 211 1
! istanbul 248 1
! insaniti 4668 1
! isixhosa 1772 1
! isobutan 123 4
! interdir 3965 1
! inextric 4748 1 3213 1 2881 1
! irrebers 4697 1
! incompat 499 1 314 1 177 1
! insolubl 3789 1 644 1 2932 1 3615 1 4051 1 3468 3 2190 1 1159 1 1119 2
! iispring 9 1
! imperish 3145 1 2327 15 1741 1 1884 2 2323 25 1883 1 1882 4
! incensio 2471 1
! infertil 2164 2
! inifinit 4712 1 970 1
! injustic 4063 1 2323 2 3509 1 1308 1 4509 1 709 1 2327 1 502 1
! interrel 323 1 241 1
! intraven 1478 1
! isolight 4697 1
! innocent 4790 2 2327 1 1979 2
! isxdigit 52 1 49 1
! immortal 4647 1 2865 4 2781 1
! incretin 4885 1
! informas 56 1
! idolatri 4668 1
! inexperi 3780 1
! imageurl 2522 5
! individu 398 4 285 1 216 1 410 2 498 1 373 1 327 2 427 2 496 1 167 1 355 2 391 1 202 1 396 1 165 3 359 2 453 1 201 1 298 1 7 1 284 3 181 1 375 1 278 1 281 1 40 3 428 2 99 4 245 1 217 1 411 1 177 1 211 4 48 1 283 1 142 1 121 1 24 1 94 2 329 2 47 1 141 3 358 5 150 3 444 1 56 1 58 1 260 2 25 4 132 1 229 1 41 1 160 1 389 1
! infantri 1692 1 4038 1 708 3 593 1
! infierno 242 1
! infiinit 2583 1
! informat 492 5 483 1 437 1 403 1 265 1 232 2 370 1 220 1 336 1 402 1 237 1 142 3
! inseason 2257 1
! internat 492 1 427 1 405 1 336 6 123 1 211 1 142 1 252 2 232 2
! intranet 4648 11 2535 2 2732 1 2322 1 1509 1
! intruduc 3365 1
! investig 458 1 133 1 202 2 180 1 154 1 16 1
! indigest 359 1
! interlud 4104 2 1726 1
! isoduals 4697 6
! immemori 3751 1 2327 2 2323 4 1879 2
! idlemast 3436 1
! isocyano 369 1
! inputfil 3719 3
! indexdiv 3266 1
! idealist 2323 2 1840 2 1885 1 4790 1 2881 1 2222 9 1848 1 2218 1 1855 1 1844 3 1851 1 2334 1 3544 1 1842 1
! identiti 148 2 57 1
! incompet 398 2 204 1
! isospher 4697 2
! isotherm 3992 5 2464 1 1888 12
! isobuten 748 1
! inadmiss 4696 2
! inputmod 3257 1
! instanti 4715 5 4330 1 2680 3 2504 1 4694 1 4688 2 4338 1 4356 1 4202 1 3328 1 4584 1 2538 1 2341 1 3334 1 4874 12 1332 1
! interrog 285 2
! intersil 4835 3
! invasion 251 2
! irration 207 1
! iscariot 4066 1
! isoaxiom 4697 15
! inspirat 3480 2 3203 2
! inferior 398 1 358 1
! inifimum 2737 1
! inflores 946 1
! ikshvaku 2323 2 1882 2
! imtransl 1329 2
! infinito 4253 1 4252 2 4239 19
! injector 3185 8
! instinct 4648 3 4647 1 4650 1 3759 1 2881 1 2804 5 1308 1 1451 1 1311 1 2443 1 920 1
! interdum 4012 1
! interlay 2403 1
! islamzin 2865 1
! itipuoli 4831 1
! isofunct 4697 3
! interven 252 1 248 1
! indriyas 2323 1
! intoduct 2399 1
! imprimir 2961 1 991 1
! involuta 583 1
! isoderiv 4697 1
! internet 485 1 398 1 483 1 494 1 241 18 160 1 314 3 415 1 321 1 315 2 313 1 311 2 265 1 312 1 216 2 169 3 285 1 233 5 374 3 190 1 298 2 157 6 111 1 142 4 38 2 222 1 302 1 300 2 394 3 93 1 375 2 155 1 223 2 177 1 56 2 115 1
! inputlen 4394 1
! immuniti 702 2 649 1
! isomeris 3615 1
! idiomset 4279 9
! idionset 4279 1
! impenetr 3751 1
! inadvert 176 1
! insinuat 4958 1
! invertas 211 1
! invierno 3024 1
! isomorph 447 1 193 1 381 1 41 5
! iwjduhiv 3592 2
! interpet 4279 1 775 1
! impertin 504 1
! interwar 243 3
! iespprim 1910 1
! incentiv 2325 1 2323 1
! imperium 4416 5 2939 1 2865 1 502 1
! improper 2732 1 1585 1 1046 1
! interpol 431 2
! islamway 2865 1
! infusion 4208 1 2323 1
! invulner 2323 1 1884 2
! insultar 1526 2
! intestin 359 2 211 2
! incomest 4865 1
! inductiv 6 1
! inattent 204 1
! inexpens 129 1 56 1
! informit 3602 1
! ingenius 682 1
! inputlin 3363 3
! intarray 4215 3
! involucr 4175 1
! irishboy 1726 4
! isofouri 4697 1
! inverter 3267 1 2989 1 2428 1
! iniciunt 583 1
! interior 465 1 359 3 358 1
! immeasur 2323 4 2825 1 1560 1 1165 1
! incongru 4748 1
! isotropi 4859 4 3348 1 2698 1
! imperson 3410 1 1844 1 4604 1 2327 51 1856 1 1741 5 1674 1 823 1 2323 3 1842 1 951 1 1096 1 4016 2 888 1
! inductor 4040 7 3711 5 4489 1 3408 7 3267 4 2646 3 2832 7 2755 2 2813 2 3595 2 3733 1 2695 5 2601 1 2506 9 2600 2 2596 4 2452 18 2593 3 4392 6 2700 1 3666 9 2397 2 3196 4 2598 2 2580 1 3661 1 3297 1 2404 3 2569 3 2595 33 2403 1 2288 8 2706 5 2568 2
! inscript 3025 30 2340 3 3145 6 3143 5 3002 4 3019 1 2878 1 3014 3 2873 3 3149 2 3055 11 2883 42 3021 1 2902 2 2879 12 3020 3 2882 7 2877 6 3012 1 4369 1 2865 7 3026 3 2872 1 708 1 3054 4 4066 2 843 2 2875 2 3110 1
! insensit 56 1 49 1
! intelpro 4694 1
! isoquant 4697 1
! isosquar 4697 1
! isotoppi 4697 1
! importat 649 2
! inukshuk 504 1
! illusion 142 3
! impuriti 4668 1 2323 1
! interess 4097 1 2782 1 1497 4
! itzalist 2902 1
! illumquh 2865 1
! ignatius 4790 3 3019 1
! icontrol 4693 5
! illusori 221 1
! imprison 398 1 242 1
! irrevers 453 1 383 1 342 6 211 1
! induzion 1591 1
! intempor 4583 1
! importer 427 1
! inhospit 2340 1
! intensiv 2321 1
! intermix 138 1
! inverson 3459 1
! issuenum 3266 2
! italorum 584 1
! internum 2874 1
! infinitv 4754 1
! iungatur 583 1
! infohost 3274 1
! incorpor 358 2 208 1 351 1 249 1 150 3 173 1 202 1 499 1 223 1 359 1 221 1 210 1 50 1 402 2 149 1 285 1 216 1 51 1 40 1 135 1
! industri 3 1
! inquisit 4775 2 3118 2 722 1
! introint 3864 1
! istuutua 4831 1
! ironwork 703 1
! inclusiv 4670 1
! instruct 417 4 416 1 415 1 139 1 398 2 150 1 288 1 335 1 402 1 308 1 285 2 423 1 282 1 115 1 397 1 359 3 265 2 384 2 177 1 165 4 142 4 326 1 249 1 297 1 391 1 389 4 113 2 267 2 57 1
! illustri 2327 1 4673 5 2323 4 1880 2
! interpos 4072 1 4063 1
! inventor 265 1
! irresist 2327 1 2323 3 3185 1 1880 2
! isoquoti 4697 1
! indentur 3554 1 570 6
! indexsnt 4762 1
! isogroup 4697 6
! impulsiv 4885 1
! intrunit 4360 2
! intuitiv 260 1 458 1 148 1
! inputbox 156 2 145 2
! invertor 4392 1
! improvis 46 1
! investor 141 3
! infortun 3416 1
! instruir 814 1
! isoosmot 1159 1 1121 1
! indisput 2873 1 2323 1
! isobutyl 123 3
! imxweyiv 1573 1
! instruit 814 1
! importun 4038 1
! impostor 1929 1
! izvinity 1366 1
! institut 220 1 218 1 217 4 12 1 56 2 46 1 398 6 38 1 202 1
! inputstr 3978 1
! inderdaad 4754 9 1497 1
! islandica 2897 1
! imagedata 3266 1
! indapamid 3789 1
! innocence 4668 1
! interfaci 2403 4
! incredibl 3462 1 502 1
! incandesc 3267 11 2698 1
! indochina 827 1 739 1 3673 1 573 1
! ieithoedd 621 1
! invariabl 721 1
! isomechan 4697 1
! inorganic 4696 1 4668 2
! isoaffine 4697 1
! ignorance 4668 1
! indicatif 818 1 824 1 804 1
! immovable 1312 1 1306 1
! ingeniera 4239 1 3193 1
! invarianc 83 1
! irreclaim 4066 1
! informaci 4788 1 4757 1
! ielanguag 337 1
! ishtadeva 4648 1
! interfici 951 1
! indescrib 4582 1
! indulgenc 2781 1
! influence 4668 2 2327 3
! insolence 4668 1
! insuffici 221 1
! iodoalkan 568 1
! iolanguag 1652 1
! integrand 2888 3 2841 1 3805 1 1725 3
! interraci 2164 1 709 1
! impractic 2323 2
! incapacit 2323 1 728 1 708 1 4584 1 654 1
! inductanc 3733 1 2648 1 2812 1 2595 4 4392 1 3196 1 2404 1 4489 1 2695 2 2288 1 2403 2 3206 1 1102 2
! impatienc 1866 1
! injectibl 4885 1
! inspiraci 4239 1
! izquierda 168 2
! ikonboard 2328 1
! intermedi 294 1 453 2 123 1 8 1 431 3 359 12 352 1 473 1 241 1 216 2 285 2 25 2 162 1 24 1 211 4 115 1 38 2 397 1 282 3 6 7
! igualando 4236 1
! indonesia 251 1 142 1
! indischen 3026 1
! implicita 4238 1
! impotence 4668 1
! infiniweb 4482 1
! iftekhari 4958 1
! imaginari 331 1 142 1 263 2 108 1 83 3
! isocyanid 369 3
! isosurfac 935 2
! inanimate 4615 2 4603 2
! isabellin 2897 2
! ideograph 373 1
! ignorecas 1573 1
! intereact 916 1
! isipeoria 639 2
! indentifi 1044 1
! importaci 56 1
! inaequali 2874 1
! incognita 4252 1 502 1
! iusodualf 4697 1
! ilmauksia 4831 1
! imperatif 819 1
! imperfect 499 8 494 11 284 2 495 1 430 2 280 9 223 1
! inflammat 4885 1 4383 1 3789 1
! infelicit 4605 1
! integrate 4490 1
! internali 3778 1
! isolinear 4697 6
! ivanovich 2188 1
! imparfait 1199 1 1044 4 809 1 818 1 807 1 822 1 806 1
! infopleas 2865 1
! isoteoria 4697 1
! inauspici 2340 1
! itsekseen 4831 1
! inhomogen 4697 2 4696 2 3678 2
! intellect 3023 1 2878 1 1883 4 2323 230 1311 2 2369 2 4668 4 4582 2 2327 31 1884 46 1880 8 1881 4
! intensifi 2493 1 736 1 2452 1 2327 1 2805 1 979 1 2698 2 740 1
! itinerari 3979 1
! islaminfo 2865 1
! interdict 3638 1 3023 1
! italicseq 3266 1
! importanc 398 1
! infirmari 2015 1
! idiyappam 2560 2
! inbetween 88 1
! idcservic 4183 2
! ifriqiyah 2865 1
! imprimido 991 1
! infloresc 1475 1 1476 1 946 3 519 3
! initresid 4694 2
! interlock 4559 2 3485 1
! iudicasti 582 1
! indissoci 4648 1
! interject 495 2 285 4 276 1 202 1
! indistinc 3019 1
! impregnat 2403 1
! inconceiv 2323 1 2327 1 1307 1 3770 1 1165 1
! intralink 142 2
! icarosfil 4693 1
! idealtemp 3992 1
! imbissbud 3815 1
! indefinit 406 1 285 3 290 2 180 1 207 1 168 3 221 1 133 2 123 2 46 3
! injective 318 1
! includeon 296 2
! isoassoci 4697 7
! isenthalp 2464 1
! introduci 265 1
! ignoredir 4715 1
! illegitim 3663 1 2781 2 4582 1 2855 1 2780 2 2779 1
! isoselfdu 4697 7
! ibuprofen 7 1
! ineffectu 249 1
! infolibro 402 1
! ingeniero 3193 2
! inserttag 56 1
! installat 389 1 142 1
! interleav 4849 1 3890 1 3751 1 3372 1
! intransig 3003 1 740 1
! initialis 4857 2 4693 1 3371 1
! igeshuash 2340 1
! intrinsic 1380 2 1102 2
! infrogmat 3427 1 2516 1 1455 1 1450 1
! infection 4420 1 3620 1 2156 1 722 1
! iroquoian 4603 2
! ikatosona 4603 1
! impossibl 4823 1 3462 1
! inclement 3813 2
! indexbook 1087 1
! interesar 4772 1
! interphas 349 1
! israelism 3021 1
! isocovari 4697 2
! inconveni 190 1 183 1
! installer 4325 1 3020 1
! iraqfound 2865 1
! injection 4993 11 4748 1 1917 2 4694 1 3231 1 4408 1 959 2 1916 1 1915 2
! irregular 280 2 379 10 494 2 285 3 499 1 279 5 202 1 340 1 166 1 373 1 288 2 199 2 473 13 496 1 286 3 198 2
! instantan 260 2 148 1 83 1 398 1 24 2 54 1
! irrespect 107 1
! islandboy 2152 1
! improbiti 4668 1
! incorrect 499 1 498 1 473 1 427 1 493 2 284 3 330 1 391 3 379 1 49 1 256 2 163 1 142 2 373 1 120 2 90 2 7 1 248 1 6 2
! inferenti 4025 1
! inflation 4582 13 2324 2 1919 2 4058 2 1913 2 1838 5 1311 1
! interlink 389 1
! ismailism 4958 1 2865 1
! isoelectr 2933 6
! invertebr 229 2 226 3 225 1
! innsbruck 918 1
! incidento 4831 1
! immigrant 736 1 709 1
! impercept 4892 1 3748 1
! implantat 4696 3
! increment 375 1 50 2 51 1 49 1 167 1 47 7
! indiscret 4193 3
! intersect 303 7 493 1 207 9 318 2 131 1 297 5 57 3 18 1
! invariant 150 21
! isoinvari 4697 4
! intprofil 1869 1
! invertido 4175 1
! indianlor 1978 1
! influenza 353 1
! indikativ 995 2
! isotheori 4697 26
! inarticul 4063 1
! implement 473 1 427 4 266 4 398 1 414 1 271 1 397 3 167 1 121 4 48 1 142 2 330 1 181 3 113 3 160 2 460 1 366 1 131 1 389 1 458 1 56 2 265 1 171 1 148 1 49 2 472 1 232 3 278 4 186 1 47 1 277 2 46 3
! infinitud 668 1
! informalt 3266 1
! instrukcj 1106 1
! integriti 4737 1 3449 2 1848 1 1311 1
! isoexpect 4697 3
! iteration 4550 10
! intercept 251 2 142 1 57 1
! instroduc 964 1
! immunolog 225 1
! indoctrin 249 1
! interwiki 477 1 171 1 427 20 177 2 157 3 142 1
! isolation 251 1
! incomplet 499 1 498 1 398 1 496 1 402 1 284 1 204 1 142 1 303 1 487 1 184 1 139 1 162 1 373 1 121 1 29 1
! influenti 397 1 116 1
! irrecover 499 1
! intervalo 4281 7 4239 6 4203 7 4175 10
! imitation 4668 2
! impliment 4378 1 3593 1
! interweav 4748 1 4350 1
! ionospher 2700 1 2698 8 2602 1
! inception 593 1
! inflexion 495 1
! induction 240 2 437 1 237 1
! inhibitor 211 15
! imagesett 4279 1
! incontrar 1431 1
! indexhtml 1428 1
! inessenti 4696 1
! intensiti 1832 2 1008 3
! inutiliti 4668 1
! isounitar 4697 1
! indispens 4839 1 2327 1 4688 1 2323 2 3016 1 2311 2 1446 1 504 1 4737 1 502 1
! interogit 797 1
! inverstig 1507 1
! ichneumon 2114 1 504 1
! induciton 604 1
! immundior 584 1
! inappropi 253 1
! inauthent 4648 1
! inconcius 2323 1
! interment 4668 1
! intjcentr 1864 1
! iterestin 499 1
! isotopies 4697 2
! immersion 337 2
! isonitril 568 1
! incendunt 583 1
! insurrect 703 1 702 4 650 1 649 4 574 1
! interoper 4873 1 4737 1 4267 1 3772 1 2381 1 2322 1 2015 1 4714 1 1064 1
! illyricum 2865 1
! interplay 4781 2 4771 1 4584 1 2934 1 2334 1 2323 9 4171 1
! idnestcnt 4694 2
! inspector 4687 2 4790 1 4330 2
! intention 4668 1 2804 1 1414 1
! introduct 249 1 295 6 342 2 485 1 369 1 463 2 328 3 282 1 307 1 213 1 493 2 399 2 294 5 292 6 285 6 191 2 142 168 477 1 283 2 276 1 370 1 253 1 447 1 441 2 265 1 243 1 38 12 232 2 329 2 230 1 209 3 112 2 499 7 402 4 208 2 110 2 207 1 173 1 458 2 167 4 223 1 29 2 417 1 129 2 263 8 166 2 139 2 127 2 9 1 494 7 300 6 397 4 56 6 444 1 103 1 297 1 6 3 491 3 434 1 46 1 93 5 431 1 43 1 184 1 229 1 41 5 330 1 39 2 121 1 123 2 338 2 241 3 490 4 5 9 393 2 84 1 31 3 225 1 460 1 169 1 122 2 216 2 28 3 7 1 298 2 492 1 109 2 400 1 54 1 40 1 495 2 107 3 154 4
! invention 246 1
! isogravit 4697 4
! isotransl 4697 2
! inappopri 1749 1
! intorduct 1044 1
! inclosure 4668 1
! implosion 3558 1
! iankloest 4307 4
! inclusion 223 1 208 1
! insertion 4668 1 3778 1 1138 1
! interesuj 1270 1
! intenslti 2327 1
! inversion 318 1
! insipidus 3789 1
! inconclus 3289 1 2161 1 910 1
! interword 4279 1
! introduir 4140 1
! intransit 142 1
! isorenorm 4697 3
! instructi 142 1
! inventori 4584 1 1916 1 1059 1 4029 1 3199 1 3024 1
! ineterest 4587 1
! isovector 4697 2
! inheritor 504 1
! iaceretur 583 1
! ieeexplor 3945 1
! important 472 1 351 1 223 1 354 1 57 1 352 1 282 1
! infinitum 2455 1 2723 1 2058 1 502 1
! interstat 2952 2 735 1
! interview 142 1
! interpret 297 1 383 1 266 3 302 1 255 1 462 1 398 3 93 2 375 1 218 4 265 2 57 3 480 1 431 2 149 1 332 2 217 1 154 1 436 1 160 1 83 3 177 1 397 1 121 2 231 2 142 1
! isomaltos 3615 1
! intuition 260 2
! interlett 4279 1
! impersonn 824 1
! ignoramus 4668 1 504 1
! intervent 3663 1 3593 1 2977 1 1415 1 3620 2 2755 1 3882 1 3213 1 3673 2 2577 1 2325 2 2900 1 1838 6 848 1 2538 2 789 1
! itemcount 4215 3
! innerlist 4119 3
! infinitiy 4372 1
! iknownoth 499 4
! indrotuct 935 1
! instinctu 1106 1
! intermiss 3759 1
! intjforum 1864 1
! islamroot 2865 1
! inertness 4668 1
! instument 1275 1
! internett 2772 1
! inukshuit 504 1
! illustrat 488 1 263 1 142 1 56 2 51 1
! inexhaust 2327 2 4583 1 2323 2
! ingressiv 4619 3
! institute 4696 1 2865 1
! isomatrix 4697 1
! isocortex 4584 1 4582 1
! intertwin 4582 1 4416 1 3789 1 4748 1 3945 1 3530 1 3006 1
! inconsist 499 2 416 1 221 1 216 1 165 2 120 1
! inexpress 2327 2 2323 2
! intermitt 428 1
! irrespons 160 2
! impressiv 242 1
! interrump 3024 1
! isocommut 4697 3
! intratext 3751 1
! infinitus 502 1
! isoproton 4697 5
! irassyaru 473 1
! innermost 359 1 36 1 21 1
! inornatus 2897 1
! introvers 2218 1 1842 1 1840 1
! introvert 2239 5 1876 1 1868 1 1852 4 2281 2 1847 1 1869 2 1853 1 1842 7
! irresolut 2323 5 1884 2
! innokkuus 4831 1
! isopropyl 6 1
! incorrupt 4790 1
! introphys 93 1
! interrupt 398 1 460 1 205 3 167 1
! impromptu 1328 1
! instituto 224 1
! introsort 3778 2
! inuktitut 4608 1 621 2 3149 3 504 1
! iarlaganda 2340 1
! inelegance 4668 1
! islamiccal 2865 1
! imagefield 1447 2
! ilmaisemaa 4831 1
! isoalgebra 4697 15
! indonetcaf 830 2
! identified 4653 4
! incredibil 495 1
! isabellina 2897 1
! inaccuraci 499 1 494 1 389 1
! inadequaci 2323 1
! interbreed 4770 3 3873 3 2164 1
! interdeleg 4497 1
! insignific 4873 1 4279 1 1292 1 2327 4 4052 1 3495 1 3453 1 4350 1 3289 1 2323 2 3059 1 3013 1 3023 1 4583 1 4054 1
! interchang 373 1 318 2 123 1 120 1
! ischnocera 2114 2
! illiteraci 4480 2 2883 1 652 1
! ingenieria 4788 1 4175 1
! incendiari 572 1
! intersecci 4256 1 4254 2
! inimbakesh 2340 1
! intexecbas 4694 1
! initiatief 341 1
! impregnado 3024 1
! indiaebook 4748 1
! instanceof 3998 1
! inhaltlich 142 1
! irreproach 4696 2
! ilmaiseman 4831 1
! irfrfkkkei 3592 2
! indefinido 280 1
! importance 4668 1 2327 1
! innocentib 4693 1
! ilmaistaan 4831 2
! inecuacion 4239 1
! introducci 142 2
! incorrecta 4175 1
! irreconcil 2323 1
! impossibbl 4169 1
! increasing 2327 1
! indonesian 427 1 142 6
! instanciat 142 1
! iodomethan 568 1
! independet 956 1
! ilmoittama 4831 1
! ibmathemat 4043 1
! individual 4668 2 2327 1
! isonuclear 4697 2
! instrukcja 142 1
! imbeciliti 4668 1
! illegaliti 4668 1
! impossible 1888 1
! interspeci 4584 1 4582 1
! interlobar 3789 2
! intramembr 1161 1
! italiantoc 3074 1
! intervocal 3350 1
! interfaith 3320 3
! iconograph 3751 1 3145 1
! intechopen 2403 1
! intrroducd 332 1
! identifier 3978 6
! investigan 4175 1
! imageright 366 1
! indication 4668 1
! intergraph 4737 1
! infraclass 2811 1
! inzwischen 1285 1
! iseuropean 2341 1
! isoparamet 4697 2
! imperfecto 280 1 223 1 142 1
! ingredient 238 1 20 1 239 1 14 3
! inhabitant 4668 1
! isoparticl 4697 7
! insipiditi 4668 1
! interdigit 3789 1
! irreligion 4668 1
! ivermectin 2443 1
! isocoordin 4697 3
! inflection 379 1 373 1 285 1
! informatik 398 1
! isobundles 4697 1
! istuutukaa 4831 1
! illuminati 398 1
! intermingl 4648 1 3864 1 4301 1 2616 1
! importanta 4831 1
! iamblichus 3021 1
! idealisten 2782 1
! isotheorem 4697 1
! inteligent 435 1 290 1 224 4
! indetermin 472 1 458 1 231 2
! immunologi 4383 1
! industrial 247 1 246 12 243 2 218 1
! islamtoday 2865 1
! isocyanato 369 1
! inexplicit 2865 1
! isomodular 4697 2
! inequaliti 4668 1
! inhibitori 4648 2 3013 1 1156 2
! initbycopi 4202 2
! irrelation 4668 1
! instantiat 431 2
! isounitari 4697 6
! indictment 649 1
! infintesim 2888 1 2695 1
! infrasound 2698 8
! inspection 3570 1 2197 1 1186 1 2179 1 604 1
! intermarri 3638 1
! interviewe 4909 1
! indicativo 142 1
! inventario 3024 1
! impairment 3271 1
! interesowa 1270 1
! isofinsler 4697 1
! intellectu 244 1
! interesant 435 1 290 1 224 2
! inconspicu 4255 1 1146 1
! ibsyllabus 4050 1 4043 1
! inactiviti 4668 1
! imperatori 562 3
! internship 3937 1
! interperet 2334 1 1585 1
! impoverish 2881 3 740 1
! isoanalysi 4697 1
! interlingu 142 3
! invitation 2327 1
! introspect 3638 1 3023 1 3480 1 1885 1 2334 15 1869 1
! inorganiqu 142 1
! isoenvelop 4697 2
! isotopolog 4697 2
! isoproduct 4697 11 3972 1
! interwikis 1143 1 940 1
! interrupta 2874 1
! imperativo 288 1
! isoschizom 366 2
! ivecommons 4544 1
! impression 4790 2 4761 2
! inarizushi 3579 5
! idolatress 504 1
! inappropri 414 2 411 1 398 2 413 1 402 1 142 1 373 1 283 1 165 3 397 2 56 1
! intertanto 1431 1
! infinitivo 142 1
! interpunct 1986 1
! idealismus 2782 1
! investment 246 1 141 1
! infectious 4383 1 4080 2 2015 1
! incompress 2387 2 1750 1 2571 1 1571 1
! interstiti 3789 1 1159 3 1161 1 1156 1 1155 1
! insectivor 4770 3 1154 1
! indestruct 2327 2 2323 6 1884 4 1741 2 861 1
! intragroup 4771 1
! isocontinu 4697 1
! ixobrychus 2897 1
! interspers 4422 1 1458 1 3778 1 3415 1 2935 1 1162 1
! insertstat 3182 1
! iamunknown 271 2 165 2
! inheritrix 504 1
! inventress 504 1
! instrument 458 1 373 1 307 1 112 1 107 2 251 1 36 2
! inputsourc 2840 1
! ingeniosus 4012 1
! intercours 355 1
! ironpython 2503 3 872 1
! instructiv 1718 1
! inquisitor 434 1
! instructor 398 11 253 1 142 4 11 1
! investitur 4790 2 3638 3
! insurmount 3283 1 2323 1 1059 1
! intertextu 616 2
! ikanakereba 1384 1
! interfaceid 4715 1
! interchange 4668 3
! innaccuraci 2210 1
! identifican 4252 1
! incoherence 4668 1
! indgenieria 4239 1
! impreganado 3024 1
! infoanarchi 2663 2 3602 3 2662 2 2621 1 1186 2
! informatica 142 3
! ispeakhindi 477 2
! imageobject 3266 2
! incogitanci 4668 1
! impenitence 4668 1
! imaginacion 3024 1
! interdepend 218 1
! isoparaffin 123 1
! italienisch 3074 1 3004 1
! idinkieleni 4831 1
! isomanifold 4697 1
! interspecif 2164 1
! intrigerend 3562 1
! indotibetan 4648 1
! inlinegraph 3266 1
! intersocial 4668 8
! inexperienc 216 1
! indianapoli 3592 1 1458 1
! inexistence 4668 1
! interogatif 834 1
! interobject 4648 1
! infrequenci 4668 1
! interlinear 4207 1 3751 2
! informacion 337 1
! iconographi 398 1
! interaccess 4568 1
! iicrijpoctc 4693 1
! impeachment 702 4 678 2 649 6 641 5
! isomathemat 4697 17
! interesanta 142 1
! internacion 3024 1
! initlibrari 4715 1
! impossibili 4823 1
! isospacetim 4697 1
! independent 150 1
! interlingua 142 10
! iterconnect 3563 1
! insbesonder 142 1
! implication 4668 1
! imagination 4668 1
! imenovalnik 2134 1
! indiscrimin 176 1
! itadakimasu 4251 1
! ingratitude 4668 1
! insolentsia 1103 1 1101 1
! isothiocyan 369 7
! importantci 4523 12
! inscripcion 3024 1
! illinoiensi 2874 1
! insertbefor 4078 1
! ilmauksessa 4831 2
! increduliti 4668 1
! intercoloni 571 1
! invalidfont 4279 1
! isodetermin 4697 1
! intransitif 1134 1
! imperatiivi 4831 1
! insectivora 2359 1 2275 1 2133 1
! infinitesim 260 3 458 2 133 3
! isohyperbol 4697 1
! illuminatio 502 1
! introducion 142 3
! ibmathstuff 4043 1
! isogeometri 4697 10
! insalubriti 4668 1
! impersonnel 142 2
! informalequ 3266 4
! industriell 3965 1
! information 4668 1
! initializer 4884 1
! infinitiivi 4831 1
! isocosmolog 4697 3
! inputstream 3363 1
! installiert 1513 1
! investiguen 142 2
! isopropanol 745 1
! imperialist 4790 1 735 1
! imaginativo 3024 1
! intellectum 4011 1
! internation 113 1
! isoelectron 4697 6
! ioexception 3363 1 3182 1 2840 1
! identityfil 3171 2
! inferioriti 4668 1
! ipblocklist 419 2
! isosymplect 4697 3
! idiosyncrat 427 1 186 1 176 1
! inhabitress 504 1
! insectstudi 1978 1
! isabellinus 2897 1
! informatori 2327 1
! interioriti 4668 1
! interessant 4097 1 1514 1
! introductri 4591 1 4590 1
! involuntari 3789 1 3739 1 1162 2 1156 1 2014 1 702 2 652 2 1916 2 574 1 649 1
! italienmoos 208 3
! isbninquiri 2757 1
! idtransform 4279 1
! improvement 218 1 217 1 154 3
! inattention 4668 1
! ingeniosior 4012 1
! intoductori 216 1
! instruktita 4831 1
! interpreter 4668 1
! intellegunt 502 1
! incrementor 1652 8
! incuriositi 4668 1
! inextension 4668 1
! introducirt 142 1
! inscription 3055 4 2883 4 3025 2 2882 4 2875 1 2865 2
! implementor 4688 1
! indivualist 4587 1
! intercommun 4493 1 3024 1
! injunctions 2323 1
! impagliazzo 4365 3
! intervalnot 120 2
! innappropri 1426 1
! informatiqu 398 1 142 2
! isosymmetri 4697 13
! illingworth 4859 1
! instruction 326 1 142 8 139 1 88 1
! inheritress 504 1
! interperson 3759 1 1848 1
! ichthyaetus 2897 1
! inuinnaqtun 621 1
! incommensur 4648 1
! introduzion 4664 1 2805 1 1627 1 4816 1 1321 1
! ichthyosaur 226 1
! interpretor 4664 2
! illustriert 573 3
! institution 3101 2
! instruments 4668 2
! intercultur 1419 2
! isocurvatur 4697 1
! interruptor 2765 1
! inducuuntur 583 1
! isostructur 4697 1
! intermixtur 2952 2 2323 3 1879 4
! islamicdawah 2865 1
! indifference 4668 1
! implementada 56 1
! inexpedience 4668 1
! interfacenam 4715 3
! intelligence 4668 1
! isoeuclidean 4697 1
! immunodefici 4383 1
! insidethecel 38 1
! inputoutput 3274 1
! intemperance 4668 1
! internaciona 4831 1
! isomechanics 4697 2
! inefficiecnt 4135 1
! ichneumonida 2114 2
! interrelated 4583 1
! intermediari 4032 1 3020 1 2340 1 1916 4 1836 1 3901 1 1503 1 3620 1 1497 1
! interlanguag 157 2 56 2 20 1
! includegraph 1513 1
! intercollegi 735 2
! idiosyncraci 427 1
! intermarriag 3022 1 2877 1 3021 1 2871 1
! intermembran 359 2
! investigaran 4175 1
! irascibiliti 4668 1
! irreversible 4697 2
! interseccion 4175 3
! intellectual 4668 2 2327 1
! interrogatif 1044 4
! intelligenza 2805 1 2803 1
! isovanhemmat 4831 1
! inflationari 4582 1
! indoeuropean 2006 1 1713 1 1274 1 1059 1 1049 2
! isomanifolds 4697 1
! inelasticiti 4668 1
! interconnect 263 1 113 3
! intersubject 4648 4
! introduccion 4891 1 4544 1 4252 1
! interphasesh 1358 1
! iodevicedriv 4694 1
! immunobiolog 4383 1
! intellectuel 3965 1
! intensecogit 4050 1
! invisibiliti 4668 1
! imperfection 4668 1
! idealistinen 4831 1
! infringement 270 2
! insurancexsd 2753 2
! interiection 495 1
! isologarithm 4697 1
! inflammatori 4885 1 3620 5
! interstellar 4893 1 2953 1 2698 1
! isoeigenvalu 4697 2
! incomprehens 444 1
! insurancexml 2753 2
! idiosyncrasi 1986 3
! isonewtonian 4697 1
! impersonnell 1044 1
! imperatiivin 4831 1
! intersection 2117 1
! interferomet 107 2 106 7 101 8
! intervertebr 1161 1
! industrialis 2952 1
! inhoudsopgav 752 1
! infinitiivin 4831 1
! ignicapillus 2897 1
! interactions 4697 2
! infinitessim 458 2
! insurancexsl 2753 1
! itemizedlist 3266 4
! introduction 2865 3 1375 1 4697 5 2772 1 2311 1 1739 4 3149 1 1741 1
! impedanzverl 2403 1
! irassyaimasu 473 1
! isoexponenti 4697 2
! itgstextbook 4043 1
! interprocess 4202 1 4748 1 1028 2
! introductori 99 8 96 2 418 1 42 2 184 1 80 1 79 1 225 1 82 1 105 3 67 2 490 2 102 1 101 1 78 1 83 1 81 1 77 1 76 1 26 1 123 1 402 1 499 2 71 1 73 1 496 1 399 2 70 1 66 1 64 1 61 1 60 1 59 1 397 1 106 3 56 1 491 2 297 3 103 1 62 1 44 1 65 1 74 1 51 1 63 1 40 1 46 1 93 3 69 1 68 1 75 1 404 3 307 2 72 1
! isorepresent 4697 8
! interquartil 3865 1
! isotransform 4697 6
! introducyion 298 1
! intervention 398 4
! interessiert 3141 2
! introduttiva 142 1
! isominkowski 4697 3
! interoceptor 1158 1
! inflationist 4582 2
! indonezyjski 830 1
! introduksjon 2673 1
! isolationist 709 1
! improvisaton 3772 1
! interconvert 123 1 25 1 7 1
! identifyuart 4183 6
! inscriptions 2883 1
! irresolution 4668 1
! invertzootoc 2811 1 2395 1 2205 1
! illingsworth 4859 2
! invertmatrix 4279 2
! interstitium 3789 7
! interlocutor 4649 1 3979 1 3296 2
! instructress 504 1
! institutions 4668 4
! instituerunt 583 1
! ichthyomyzon 2177 1
! infrastrutur 301 1
